100 1000
0 29 0.697152
0 73 0.89914
0 24 0.598756
0 56 0.884038
0 70 0.77693
0 42 0.814373
0 6 0.756649
0 96 0.958006
0 43 0.858577
0 80 0.803424
1 0 0.621419
1 62 0.902008
1 28 0.700432
1 46 0.554394
1 93 0.609107
1 34 0.919472
1 56 0.647986
1 97 0.762091
1 75 0.98629
1 15 0.885602
2 54 0.88488
2 84 0.945676
2 80 0.676194
2 62 0.959421
2 32 0.974569
2 77 0.543019
2 49 0.831547
2 65 0.674412
2 53 0.51001
2 52 0.531542
3 19 0.98522
3 63 0.925375
3 87 0.769826
3 47 0.880048
3 8 0.833795
3 4 0.519636
3 13 0.965824
3 15 0.860404
3 60 0.869193
3 10 0.676989
4 12 0.58297
4 20 0.93995
4 19 0.665136
4 29 0.946597
4 85 0.843266
4 11 0.794261
4 58 0.929252
4 69 0.961892
4 21 0.907302
4 98 0.955395
5 69 0.607891
5 80 0.959972
5 77 0.940443
5 65 0.715934
5 57 0.640502
5 22 0.653698
5 49 0.613031
5 14 0.63809
5 12 0.708209
5 25 0.953311
6 11 0.563025
6 88 0.880162
6 94 0.967408
6 9 0.87481
6 92 0.647051
6 23 0.792186
6 57 0.562725
6 54 0.582035
6 36 0.537257
6 90 0.76073
7 29 0.620007
7 17 0.866254
7 33 0.983606
7 21 0.879791
7 59 0.567438
7 94 0.539108
7 46 0.602307
7 48 0.909757
7 73 0.877715
7 16 0.578888
8 64 0.602144
8 0 0.562722
8 53 0.527023
8 69 0.536157
8 68 0.961442
8 15 0.590168
8 44 0.695806
8 18 0.909766
8 49 0.776187
8 98 0.726243
9 24 0.54981
9 40 0.878571
9 63 0.996015
9 54 0.938719
9 62 0.517707
9 93 0.916536
9 61 0.936548
9 0 0.989619
9 83 0.951593
9 89 0.833373
10 58 0.581968
10 63 0.944385
10 78 0.824789
10 11 0.814677
10 85 0.615691
10 62 0.816473
10 0 0.825501
10 57 0.985636
10 17 0.859562
10 67 0.796211
11 96 0.725414
11 99 0.923757
11 64 0.501615
11 84 0.799181
11 68 0.616922
11 92 0.741427
11 44 0.652447
11 79 0.59126
11 52 0.70695
11 31 0.836901
12 47 0.673523
12 28 0.804492
12 72 0.865292
12 66 0.870145
12 88 0.960365
12 48 0.8265
12 68 0.766167
12 15 0.630222
12 46 0.842994
12 27 0.555627
13 7 0.788288
13 9 0.833212
13 60 0.887806
13 40 0.664788
13 76 0.992083
13 69 0.913613
13 70 0.594082
13 62 0.979223
13 6 0.882359
13 81 0.560559
14 84 0.691878
14 33 0.971431
14 76 0.930872
14 98 0.896749
14 48 0.648614
14 71 0.954731
14 93 0.749022
14 0 0.581362
14 28 0.74615
14 47 0.924386
15 83 0.645498
15 28 0.842021
15 93 0.569515
15 46 0.746162
15 9 0.862054
15 62 0.610961
15 29 0.560617
15 69 0.680185
15 70 0.965854
15 80 0.810986
16 19 0.908982
16 46 0.667452
16 91 0.82935
16 38 0.629427
16 80 0.536265
16 57 0.823539
16 97 0.644106
16 86 0.545565
16 96 0.967154
16 52 0.632704
17 12 0.880813
17 83 0.57862
17 70 0.81277
17 56 0.603901
17 20 0.914887
17 2 0.864607
17 82 0.992324
17 55 0.94869
17 19 0.705353
17 51 0.887116
18 61 0.557322
18 47 0.860431
18 17 0.724508
18 13 0.853884
18 60 0.7369
18 21 0.54695
18 95 0.69141
18 15 0.828494
18 59 0.565838
18 26 0.526706
19 58 0.890356
19 13 0.721236
19 80 0.794759
19 96 0.764897
19 53 0.680922
19 41 0.944273
19 30 0.584893
19 9 0.616805
19 71 0.535038
19 23 0.961772
20 45 0.740819
20 60 0.913302
20 1 0.678561
20 94 0.672091
20 52 0.829507
20 23 0.628709
20 79 0.812919
20 2 0.654047
20 97 0.59899
20 50 0.554855
21 22 0.891053
21 70 0.600156
21 6 0.657797
21 33 0.615475
21 36 0.577346
21 29 0.507288
21 39 0.691045
21 56 0.86863
21 66 0.824765
21 61 0.959703
22 70 0.904812
22 13 0.82288
22 28 0.766427
22 37 0.809162
22 43 0.759206
22 32 0.681041
22 17 0.838838
22 52 0.516443
22 6 0.842792
22 29 0.809417
23 21 0.783859
23 86 0.502854
23 56 0.630759
23 99 0.928692
23 71 0.670643
23 39 0.939417
23 36 0.656583
23 75 0.593114
23 74 0.75168
23 22 0.837759
24 18 0.595537
24 6 0.852963
24 91 0.773644
24 40 0.966149
24 78 0.963195
24 66 0.966617
24 67 0.776229
24 7 0.899743
24 36 0.797189
24 70 0.99755
25 3 0.662238
25 30 0.794519
25 22 0.879586
25 93 0.897376
25 62 0.802129
25 35 0.583461
25 55 0.932456
25 41 0.832141
25 28 0.805929
25 69 0.822736
26 74 0.574156
26 33 0.516478
26 13 0.759024
26 90 0.757473
26 68 0.744856
26 81 0.524245
26 92 0.692291
26 32 0.726016
26 36 0.706498
26 34 0.703343
27 62 0.858727
27 2 0.906392
27 34 0.723327
27 83 0.997483
27 43 0.537123
27 90 0.79858
27 8 0.609872
27 80 0.961664
27 81 0.73138
27 91 0.925208
28 51 0.974361
28 41 0.88343
28 44 0.609546
28 11 0.974815
28 81 0.94207
28 50 0.591864
28 31 0.890034
28 2 0.9523
28 65 0.88073
28 36 0.66589
29 70 0.780336
29 46 0.811021
29 49 0.738933
29 88 0.826875
29 76 0.605325
29 83 0.93263
29 91 0.686741
29 63 0.823195
29 13 0.838209
29 92 0.529424
30 74 0.781752
30 32 0.509453
30 93 0.504536
30 66 0.800653
30 84 0.94351
30 65 0.586515
30 38 0.743812
30 31 0.819441
30 62 0.577653
30 89 0.941014
31 41 0.949626
31 68 0.737855
31 80 0.973226
31 78 0.932753
31 16 0.859261
31 98 0.592015
31 20 0.583566
31 2 0.813
31 71 0.563322
31 81 0.973368
32 76 0.580396
32 16 0.730878
32 63 0.957519
32 8 0.807052
32 71 0.696834
32 66 0.718249
32 78 0.62201
32 52 0.783026
32 68 0.517355
32 58 0.90687
33 23 0.998885
33 94 0.761722
33 50 0.83083
33 30 0.663775
33 96 0.823291
33 99 0.525079
33 5 0.901585
33 6 0.840893
33 64 0.876164
33 60 0.904604
34 73 0.795496
34 64 0.550717
34 98 0.62205
34 55 0.7945
34 18 0.944688
34 14 0.528005
34 89 0.734478
34 80 0.793447
34 2 0.73813
34 53 0.962941
35 4 0.791067
35 84 0.612595
35 76 0.816729
35 5 0.508324
35 1 0.673738
35 71 0.700453
35 62 0.839884
35 82 0.634484
35 46 0.666413
35 0 0.879528
36 27 0.841719
36 19 0.922477
36 66 0.800321
36 18 0.833913
36 88 0.62508
36 65 0.536611
36 9 0.944817
36 96 0.765463
36 69 0.979383
36 10 0.671945
37 88 0.521953
37 2 0.502538
37 82 0.646413
37 20 0.753654
37 60 0.539121
37 53 0.741776
37 68 0.521693
37 92 0.622405
37 26 0.805559
37 97 0.980686
38 4 0.58303
38 71 0.888675
38 32 0.789248
38 36 0.871789
38 68 0.548192
38 5 0.973123
38 60 0.637421
38 83 0.90479
38 29 0.87329
38 65 0.586633
39 16 0.880355
39 31 0.990456
39 26 0.670736
39 46 0.728211
39 2 0.826949
39 24 0.800186
39 55 0.540624
39 59 0.568464
39 18 0.557218
39 17 0.791167
40 3 0.834096
40 39 0.656141
40 92 0.884026
40 29 0.519129
40 44 0.69961
40 45 0.72628
40 86 0.654093
40 35 0.502717
40 41 0.730928
40 0 0.890047
41 79 0.84227
41 83 0.933512
41 30 0.523587
41 72 0.588549
41 68 0.554751
41 8 0.798036
41 75 0.8501
41 59 0.703267
41 82 0.788781
41 95 0.894543
42 96 0.690906
42 99 0.903899
42 73 0.873564
42 92 0.924551
42 58 0.857144
42 62 0.758018
42 55 0.75115
42 16 0.835853
42 41 0.877897
42 28 0.569487
43 87 0.597929
43 11 0.922056
43 12 0.591994
43 77 0.656463
43 61 0.944128
43 28 0.739841
43 29 0.599842
43 62 0.828756
43 41 0.610937
43 56 0.968081
44 60 0.647271
44 94 0.822195
44 14 0.616401
44 29 0.814617
44 63 0.886573
44 90 0.795145
44 59 0.887139
44 81 0.939916
44 46 0.589475
44 56 0.721477
45 10 0.823696
45 48 0.662823
45 41 0.803739
45 16 0.902814
45 61 0.699348
45 27 0.69708
45 80 0.799762
45 26 0.716056
45 46 0.837357
45 76 0.735772
46 97 0.612185
46 53 0.788303
46 26 0.563027
46 14 0.74003
46 4 0.596224
46 13 0.566681
46 2 0.59227
46 27 0.950296
46 43 0.904228
46 10 0.587689
47 13 0.979762
47 33 0.556471
47 24 0.603608
47 95 0.768004
47 48 0.732871
47 42 0.946073
47 82 0.702593
47 68 0.918909
47 73 0.836757
47 85 0.673563
48 35 0.728574
48 83 0.858474
48 53 0.770516
48 57 0.634315
48 3 0.846616
48 60 0.618156
48 16 0.609556
48 91 0.713163
48 63 0.525228
48 11 0.904596
49 28 0.993223
49 25 0.642112
49 74 0.679587
49 12 0.926807
49 41 0.893015
49 82 0.570155
49 24 0.551685
49 68 0.98375
49 1 0.934458
49 66 0.901222
50 96 0.697803
50 39 0.766118
50 56 0.984924
50 68 0.510252
50 16 0.948852
50 43 0.519855
50 84 0.591882
50 44 0.889117
50 40 0.536812
50 29 0.704448
51 22 0.800853
51 57 0.781607
51 62 0.901533
51 95 0.981179
51 38 0.692216
51 69 0.965334
51 82 0.551611
51 85 0.595867
51 71 0.964246
51 46 0.910381
52 82 0.502363
52 14 0.643566
52 79 0.630917
52 47 0.518244
52 24 0.675218
52 12 0.642546
52 49 0.83756
52 3 0.811967
52 57 0.716393
52 81 0.997921
53 64 0.962617
53 93 0.632285
53 43 0.645499
53 84 0.864778
53 25 0.503476
53 9 0.944666
53 28 0.943084
53 69 0.819535
53 70 0.962597
53 41 0.637914
54 68 0.577585
54 47 0.611467
54 73 0.726295
54 93 0.772838
54 14 0.928327
54 19 0.693296
54 51 0.58705
54 60 0.623559
54 62 0.958606
54 99 0.683523
55 3 0.758644
55 76 0.750867
55 15 0.508997
55 24 0.846777
55 20 0.947587
55 41 0.837593
55 11 0.73215
55 9 0.588311
55 13 0.666974
55 1 0.590983
56 25 0.512285
56 66 0.70879
56 38 0.888836
56 13 0.506579
56 52 0.872503
56 24 0.76182
56 82 0.770817
56 67 0.708545
56 97 0.731675
56 74 0.940274
57 53 0.633183
57 56 0.638975
57 45 0.729088
57 54 0.937878
57 22 0.985812
57 79 0.992391
57 18 0.694794
57 27 0.661193
57 71 0.766802
57 96 0.661845
58 76 0.521685
58 12 0.758809
58 30 0.713605
58 66 0.569409
58 45 0.616259
58 97 0.503939
58 48 0.736475
58 7 0.895381
58 72 0.583604
58 27 0.962663
59 50 0.645686
59 8 0.596763
59 90 0.556067
59 68 0.807886
59 40 0.839013
59 20 0.894054
59 82 0.86335
59 89 0.822757
59 17 0.545056
59 21 0.929635
60 88 0.690763
60 90 0.570884
60 9 0.694986
60 22 0.77859
60 11 0.953391
60 94 0.500023
60 41 0.653851
60 77 0.633515
60 79 0.823709
60 82 0.856529
61 54 0.63354
61 44 0.65699
61 35 0.734045
61 97 0.66378
61 72 0.623213
61 94 0.563859
61 40 0.79244
61 68 0.54128
61 12 0.88446
61 46 0.884484
62 58 0.900307
62 55 0.799585
62 53 0.945121
62 38 0.517756
62 92 0.873541
62 49 0.865265
62 95 0.908792
62 20 0.846175
62 14 0.689899
62 61 0.670126
63 53 0.52004
63 56 0.783981
63 79 0.533797
63 14 0.556091
63 90 0.553125
63 87 0.953433
63 96 0.743771
63 4 0.779267
63 75 0.695405
63 38 0.773625
64 75 0.723393
64 63 0.779043
64 72 0.533724
64 74 0.610317
64 25 0.521941
64 2 0.984508
64 19 0.584571
64 89 0.816698
64 5 0.680421
64 62 0.768974
65 37 0.823356
65 77 0.868377
65 50 0.882386
65 83 0.696509
65 94 0.542187
65 82 0.963907
65 49 0.845803
65 13 0.697618
65 21 0.766573
65 80 0.789825
66 34 0.874396
66 45 0.823771
66 4 0.902994
66 85 0.5277
66 81 0.887252
66 75 0.518254
66 90 0.714764
66 77 0.706825
66 92 0.974259
66 63 0.858684
67 5 0.825046
67 92 0.966495
67 15 0.712344
67 58 0.748874
67 73 0.630916
67 48 0.543289
67 94 0.87454
67 14 0.930207
67 77 0.754134
67 39 0.798416
68 29 0.587398
68 7 0.987152
68 13 0.768776
68 19 0.60654
68 58 0.930793
68 34 0.78432
68 86 0.766056
68 76 0.51503
68 53 0.660491
68 63 0.759472
69 92 0.861116
69 78 0.736873
69 79 0.75069
69 96 0.64193
69 29 0.51043
69 22 0.695105
69 56 0.811788
69 9 0.67551
69 93 0.608207
69 10 0.527102
70 98 0.663016
70 16 0.910839
70 36 0.740049
70 99 0.664621
70 62 0.877996
70 30 0.996077
70 86 0.789293
70 33 0.669501
70 59 0.811432
70 61 0.571598
71 39 0.862999
71 65 0.73529
71 88 0.98145
71 52 0.632883
71 1 0.795266
71 99 0.773752
71 70 0.896797
71 62 0.638032
71 12 0.66387
71 15 0.838247
72 59 0.639561
72 78 0.804529
72 66 0.81928
72 0 0.690179
72 9 0.752619
72 16 0.73359
72 46 0.985249
72 18 0.607512
72 38 0.972254
72 71 0.629103
73 39 0.886276
73 82 0.589458
73 25 0.922418
73 69 0.688278
73 70 0.651082
73 27 0.954673
73 29 0.94607
73 75 0.627191
73 40 0.848801
73 11 0.804617
74 38 0.505871
74 69 0.921862
74 59 0.907565
74 10 0.583807
74 32 0.523419
74 29 0.706906
74 85 0.731314
74 25 0.730277
74 46 0.787049
74 98 0.741823
75 85 0.507402
75 14 0.518699
75 84 0.660959
75 19 0.514502
75 92 0.949991
75 29 0.755642
75 91 0.633757
75 43 0.76627
75 4 0.983837
75 10 0.545648
76 51 0.839108
76 71 0.841848
76 0 0.574926
76 49 0.840017
76 34 0.910482
76 85 0.634015
76 8 0.607377
76 84 0.559677
76 2 0.951606
76 7 0.828695
77 6 0.713808
77 80 0.59003
77 75 0.97594
77 87 0.977021
77 76 0.718927
77 46 0.589139
77 92 0.633777
77 15 0.708703
77 72 0.968283
77 45 0.74475
78 92 0.958034
78 29 0.522179
78 20 0.849602
78 27 0.911355
78 35 0.923927
78 59 0.643562
78 62 0.825146
78 99 0.892069
78 41 0.552155
78 83 0.923892
79 46 0.648191
79 94 0.626242
79 83 0.58233
79 17 0.913445
79 34 0.659064
79 95 0.965414
79 15 0.94822
79 70 0.576946
79 9 0.727675
79 98 0.723517
80 50 0.92298
80 42 0.946271
80 89 0.753727
80 69 0.8742
80 4 0.990892
80 71 0.631782
80 59 0.601769
80 66 0.952179
80 70 0.764824
80 86 0.730338
81 36 0.621928
81 77 0.805486
81 41 0.800955
81 39 0.647625
81 34 0.517503
81 8 0.965234
81 40 0.819992
81 30 0.920436
81 57 0.954752
81 92 0.572086
82 78 0.524364
82 27 0.608628
82 95 0.733718
82 26 0.864246
82 2 0.557097
82 54 0.963719
82 62 0.666058
82 1 0.942183
82 57 0.547588
82 94 0.943279
83 42 0.863815
83 52 0.826229
83 62 0.898314
83 3 0.838787
83 13 0.911747
83 93 0.558486
83 96 0.786481
83 91 0.501311
83 72 0.592664
83 37 0.700228
84 65 0.537805
84 20 0.764932
84 98 0.550128
84 70 0.952973
84 88 0.572227
84 60 0.747834
84 37 0.813547
84 77 0.730807
84 10 0.569027
84 17 0.599949
85 45 0.788219
85 69 0.550345
85 60 0.730109
85 52 0.566537
85 15 0.699491
85 94 0.737296
85 88 0.564758
85 90 0.959404
85 32 0.775761
85 34 0.845296
86 72 0.628943
86 26 0.775192
86 42 0.560405
86 5 0.598026
86 81 0.971732
86 18 0.546884
86 29 0.675874
86 34 0.665185
86 71 0.708932
86 17 0.509276
87 68 0.602072
87 39 0.573516
87 11 0.878056
87 75 0.700622
87 31 0.691982
87 7 0.888109
87 94 0.702918
87 33 0.871819
87 49 0.969845
87 2 0.979452
88 64 0.970561
88 69 0.532164
88 26 0.666914
88 52 0.956586
88 8 0.783852
88 82 0.633762
88 22 0.558624
88 47 0.885547
88 81 0.839826
88 99 0.728036
89 36 0.757211
89 84 0.865996
89 73 0.899157
89 40 0.944311
89 85 0.692231
89 78 0.880438
89 93 0.662727
89 55 0.998971
89 25 0.579142
89 69 0.584857
90 14 0.985427
90 52 0.771528
90 92 0.509465
90 65 0.906013
90 13 0.585167
90 41 0.58127
90 43 0.525686
90 28 0.924843
90 12 0.807423
90 36 0.722495
91 61 0.700034
91 37 0.731643
91 5 0.504734
91 13 0.982028
91 0 0.523789
91 26 0.713409
91 19 0.533841
91 43 0.826192
91 65 0.911359
91 77 0.891237
92 32 0.599789
92 5 0.616949
92 22 0.62201
92 2 0.828384
92 21 0.512675
92 15 0.532287
92 28 0.537021
92 41 0.978915
92 52 0.578992
92 23 0.874309
93 86 0.562995
93 13 0.920365
93 48 0.612059
93 87 0.865896
93 37 0.603003
93 66 0.725013
93 21 0.947473
93 4 0.554382
93 82 0.620445
93 19 0.704565
94 59 0.623691
94 84 0.750303
94 51 0.543017
94 68 0.523528
94 41 0.91377
94 62 0.526483
94 91 0.938462
94 37 0.532919
94 55 0.652007
94 25 0.782186
95 85 0.941561
95 35 0.559828
95 65 0.923236
95 88 0.679438
95 37 0.524261
95 21 0.79733
95 8 0.818803
95 7 0.541276
95 73 0.786324
95 84 0.516089
96 52 0.858542
96 13 0.757805
96 73 0.782784
96 4 0.56507
96 95 0.56932
96 59 0.833713
96 46 0.872
96 84 0.830417
96 78 0.721095
96 22 0.797384
97 54 0.598561
97 30 0.66632
97 29 0.50306
97 81 0.711647
97 62 0.777389
97 19 0.670777
97 63 0.5596
97 94 0.961803
97 75 0.749589
97 23 0.78631
98 63 0.891628
98 40 0.941376
98 46 0.827841
98 48 0.871465
98 47 0.959955
98 62 0.747599
98 77 0.650107
98 17 0.644449
98 28 0.952458
98 82 0.576191
99 73 0.817109
99 60 0.563277
99 38 0.506149
99 9 0.564856
99 58 0.792002
99 18 0.531027
99 28 0.551207
99 59 0.885712
99 89 0.749026
99 50 0.901251
50
78 14
90 6
49 43
88 39
94 3
59 58
54 72
13 55
52 26
73 11
71 79
13 81
18 91
68 49
40 52
29 18
67 20
25 16
63 14
55 58
17 15
16 71
88 29
27 40
56 1
51 28
81 65
9 0
56 78
49 97
31 79
16 98
99 42
14 62
56 70
20 73
86 37
45 74
66 73
15 23
75 66
51 56
32 61
56 89
40 6
86 71
85 3
70 85
45 85
48 2
