64
115 115 115 115 116 116 117 118 118 119 119 120 121 121 121 121 121 121 121 121 121 121 121 121 121 121 121 121 121 121 120 120 119 119 118 118 117 117 116 116 115 115 115 115 115 115 115 115 115 115 115 115 114 113 113 112 111 110 108 107 106 105 105 105 
115 115 115 115 116 116 116 117 118 118 119 120 120 120 121 121 121 121 121 121 121 120 120 120 120 120 120 120 120 120 120 119 118 118 117 117 116 116 116 115 115 115 115 115 115 115 115 115 115 114 114 114 113 113 112 111 110 109 107 106 105 105 104 104 
116 115 115 115 115 115 116 117 118 118 119 119 120 120 121 121 121 121 121 121 121 120 120 120 120 120 120 120 120 120 119 118 118 117 117 116 116 116 115 115 115 115 115 114 114 114 114 114 114 114 113 113 113 112 112 111 110 108 107 106 105 105 104 103 
116 115 115 115 115 115 116 117 118 118 119 119 120 120 121 121 121 121 121 121 120 120 119 119 119 119 120 120 119 119 119 118 118 117 116 116 115 115 115 115 115 115 114 114 114 114 114 114 114 113 113 113 112 112 111 111 109 108 107 106 105 105 103 102 
117 116 116 116 115 115 116 117 117 118 119 119 120 120 120 121 121 120 120 120 120 119 119 119 119 119 119 119 119 119 118 118 117 116 116 115 115 115 115 115 114 114 114 114 114 113 113 113 113 113 113 112 112 111 111 110 109 108 107 106 105 104 103 102 
118 117 116 116 115 115 116 116 117 118 118 119 120 120 120 121 121 120 120 120 119 119 119 118 118 118 118 119 118 118 118 117 117 116 116 115 115 115 115 115 114 114 114 114 113 113 113 113 113 113 112 112 112 111 111 110 109 107 106 105 105 103 102 101 
118 117 117 116 116 115 115 116 117 117 118 119 120 120 121 121 121 120 120 119 119 119 118 118 118 118 118 118 118 118 118 117 116 116 115 115 115 114 114 115 114 114 114 113 113 113 113 113 113 112 112 112 111 111 111 110 109 107 106 105 104 103 102 101 
119 118 117 117 116 115 115 116 117 117 118 119 120 120 121 121 121 120 119 119 119 118 118 118 117 117 117 117 117 117 117 117 116 116 115 115 115 114 114 115 114 114 113 113 113 113 113 113 113 112 112 112 111 111 111 110 109 107 106 105 104 103 102 101 
119 118 118 117 116 116 115 116 117 117 118 119 120 120 121 121 120 119 119 119 118 118 118 117 117 117 117 117 117 117 116 116 116 115 115 115 114 114 114 114 114 113 113 113 113 113 113 113 113 112 112 111 111 110 110 110 108 107 106 105 104 103 102 101 
119 119 118 117 117 116 116 116 117 117 118 119 120 120 121 121 120 119 119 118 118 118 117 117 117 117 117 117 117 116 116 116 115 115 115 115 114 114 114 114 114 113 113 113 113 113 113 113 113 112 111 110 110 110 110 110 108 107 105 105 103 102 102 101 
120 119 119 118 117 117 116 116 117 118 118 119 120 120 121 121 120 119 118 118 118 117 117 117 117 117 117 117 117 116 116 115 115 115 115 115 115 114 114 114 114 113 113 113 113 113 113 113 112 111 110 110 110 110 109 109 108 106 105 104 103 102 102 101 
121 120 119 119 118 117 117 117 117 118 118 119 120 120 121 121 120 119 118 118 117 117 117 117 117 117 117 117 116 116 115 115 115 115 115 115 115 115 115 114 114 113 113 113 113 113 113 113 112 111 110 110 109 109 109 108 107 106 105 104 103 102 101 101 
121 120 120 119 118 118 117 117 117 118 118 119 119 120 120 120 119 118 118 117 117 117 117 117 117 117 117 116 116 115 115 115 115 115 115 115 115 115 115 114 113 113 113 113 113 113 113 113 112 111 110 109 109 108 108 107 106 105 105 103 103 102 101 100 
121 120 120 120 119 118 118 117 117 118 118 119 119 119 120 120 119 118 118 117 117 117 117 117 117 116 116 116 115 115 115 115 115 115 115 115 114 114 114 114 113 113 113 113 113 113 113 113 112 111 110 109 109 108 107 107 106 105 104 103 102 101 100  99 
121 121 120 120 119 119 118 118 118 118 119 119 119 119 120 120 119 119 118 118 117 117 117 117 116 116 116 115 115 115 115 115 115 115 115 114 114 114 114 113 113 113 113 113 113 113 113 113 112 111 110 109 109 108 107 106 105 105 104 103 102 101 100  99 
122 121 120 120 119 119 118 118 118 118 119 119 119 119 119 120 119 119 118 118 117 117 117 117 116 116 115 115 115 115 115 115 115 114 114 114 114 114 113 113 113 113 113 113 113 114 114 114 113 112 111 110 109 108 107 106 105 105 103 103 102 101 100  99 
121 121 120 120 119 119 118 118 118 118 118 119 119 119 119 119 118 118 117 117 117 117 116 116 116 115 115 115 115 115 115 115 114 114 114 114 113 113 113 113 113 113 113 113 113 113 113 113 112 111 110 109 108 107 106 105 105 104 103 103 102 101 100  99 
121 120 120 120 119 119 118 118 118 118 118 118 118 118 118 118 118 117 117 117 116 116 116 116 115 115 115 114 114 114 114 114 114 113 113 113 113 113 112 112 112 112 112 113 113 113 113 113 112 111 110 109 108 107 105 105 104 104 103 103 102 101 100  99 
120 120 120 120 119 119 118 118 118 118 118 118 118 118 118 118 118 117 117 116 116 116 115 115 115 114 114 113 113 113 114 114 113 113 113 113 113 112 112 112 112 112 112 112 113 113 113 112 111 110 109 108 107 106 105 104 104 103 103 103 102 101 100  99 
120 120 120 120 119 119 118 118 118 118 118 118 118 117 117 117 117 116 116 116 115 115 115 115 114 113 113 113 113 113 113 114 113 113 113 113 112 112 111 111 111 111 112 112 112 112 112 112 111 110 109 108 107 106 105 104 103 103 103 102 101 100 100  99 
120 120 120 120 119 119 118 118 118 118 118 118 117 117 117 117 116 115 115 115 115 115 114 114 113 113 113 113 113 113 113 113 113 113 113 112 112 111 111 111 111 111 111 111 111 111 111 111 110 109 108 107 106 105 104 103 103 103 103 102 101 100 100  99 
120 120 120 120 119 119 118 118 118 118 117 117 117 117 116 116 115 115 115 115 114 114 113 113 112 112 112 112 112 112 113 113 113 113 113 112 112 111 111 111 111 111 111 111 111 111 111 111 110 109 108 107 106 105 104 103 103 103 103 102 101 100 100  99 
120 120 120 119 119 119 118 118 118 117 117 117 117 116 116 116 115 115 114 114 113 113 113 112 112 112 112 112 112 112 113 113 113 113 113 112 112 111 111 111 111 111 111 111 111 111 110 110 109 108 107 106 105 105 104 103 103 103 102 101 101 100 100  99 
120 120 120 119 119 119 118 118 118 117 117 117 116 116 115 115 115 115 114 113 112 112 112 112 112 112 112 112 112 112 112 113 113 113 112 112 111 111 111 111 110 110 110 110 110 110 110 110 108 107 106 106 105 105 104 103 103 102 102 101 100 100 100  99 
120 120 120 119 119 119 118 118 118 117 117 116 115 115 115 115 114 113 113 112 112 112 112 112 111 111 111 111 111 111 111 112 112 112 111 111 111 110 110 110 109 109 109 109 109 109 109 109 107 106 106 105 105 104 103 103 103 102 102 101 101 100 100  99 
121 120 120 119 119 119 118 118 118 117 116 116 115 115 114 114 113 112 112 112 111 111 111 111 111 111 111 111 111 111 111 111 111 111 110 110 110 109 109 109 108 108 108 108 108 108 108 108 107 106 105 105 104 104 103 103 103 102 102 101 101 100 100  99 
121 120 120 119 119 119 119 118 117 116 116 115 115 114 113 113 112 112 112 111 111 111 111 111 111 111 111 111 111 111 110 110 110 110 110 109 109 109 108 108 107 107 107 107 108 108 108 107 106 105 105 105 104 103 103 103 103 102 102 101 101 100  99  98 
122 120 120 119 119 119 119 118 117 116 115 115 114 113 113 112 111 111 111 111 111 110 110 110 110 110 110 110 110 110 109 109 109 109 109 109 108 108 107 107 107 106 107 107 107 107 107 107 106 105 105 105 104 103 103 103 103 102 102 101 101 100  99  98 
122 121 120 120 119 119 119 118 117 116 115 115 114 113 112 111 111 111 111 111 110 110 109 109 109 109 110 110 110 109 109 109 109 109 108 108 152 151 151 151 151 151 151 151 151 151 151 106 105 105 105 104 103 103 103 103 103 102 102 102 101 100  99  98 
122 121 120 120 119 119 119 118 117 116 115 114 113 112 112 111 111 111 110 110 110 109 108 108 108 109 109 109 109 109 108 108 108 108 152 152 151 151 151 151 151 150 151 151 151 151 151 151 150 105 105 104 103 103 103 103 103 102 102 102 101 100  99  98 
123 122 121 120 120 120 119 118 117 116 115 114 113 112 112 111 111 110 110 110 109 108 108 108 108 108 108 108 108 108 108 108 152 152 152 151 151 151 150 150 150 150 150 150 150 150 150 151 150 150 149 104 103 103 103 102 102 102 102 101 100 100  99  98 
123 122 121 121 120 120 119 118 117 116 115 114 113 112 111 111 110 110 110 110 109 108 108 108 107 107 108 108 107 107 107 151 151 151 151 151 151 150 150 150 150 150 150 150 150 150 150 151 150 149 149 148 103 103 102 102 102 102 101 101 100  99  99  98 
122 121 121 120 120 119 118 118 116 115 114 113 112 111 110 110 110 110 109 109 108 108 107 107 107 107 107 107 107 107 151 151 151 151 151 151 151 150 150 150 150 150 150 150 150 150 150 150 149 148 148 148 148 103 102 102 102 102 101 101 100  99  99  98 
122 121 120 120 119 118 117 117 116 115 114 113 111 110 110 110 109 109 109 108 108 107 107 107 107 107 107 107 106 151 151 151 151 151 151 151 151 150 150 150 150 150 150 150 150 150 150 150 149 148 148 148 148 148 102 102 102 102 101 101 100  99  99  98 
121 120 119 119 118 117 117 116 115 115 114 112 111 110 110 109 109 109 108 108 107 107 107 107 107 107 107 106 151 151 151 151 151 151 151 151 150 150 150 150 150 150 150 150 150 150 150 150 149 148 148 148 148 148 147 102 102 102 101 101 100  99  99  98 
120 119 118 118 117 117 116 115 115 114 113 112 111 110 110 109 108 108 107 107 106 106 107 107 107 107 107 106 151 151 150 150 150 150 150 151 150 150 150 150 150 150 150 150 150 150 150 150 149 148 148 148 148 148 147 102 102 102 101 101 100 100  99  99 
119 118 117 117 116 116 115 115 114 113 112 111 110 110 109 108 108 107 107 106 106 106 106 106 106 106 106 151 151 150 150 150 150 150 150 150 150 150 150 150 150 150 150 150 150 150 150 150 149 148 148 148 148 148 147 147 102 102 101 101 100 100  99  99 
118 117 116 116 115 115 115 115 113 112 111 110 110 109 109 108 108 107 107 106 106 106 106 106 106 106 106 151 150 150 150 150 150 150 150 150 150 150 150 150 150 150 150 151 150 150 150 150 149 148 148 148 148 148 147 147 102 102 102 101 100 100  99  99 
118 117 116 115 115 115 114 114 113 112 111 110 110 109 109 108 107 107 106 106 106 106 106 106 106 106 151 150 150 150 150 150 150 150 150 150 150 150 150 150 150 150 150 151 150 150 150 150 149 148 148 148 148 148 147 147 147 102 102 101 100 100  99  99 
118 116 115 115 115 114 113 113 112 111 111 110 109 109 108 108 107 106 106 106 106 105 105 105 105 105 150 150 150 150 150 150 150 150 149 149 149 149 150 150 150 150 150 151 150 150 150 150 149 148 148 148 148 148 147 147 147 102 102 101 100 100  99  99 
117 115 115 114 114 113 112 112 111 110 110 109 108 108 107 107 106 106 106 106 105 105 105 105 105 105 150 150 150 150 150 150 150 149 149 149 148 149 150 150 150 150 150 150 150 150 150 150 149 148 148 148 148 148 147 147 147 102 102 101 101 100  99  99 
116 115 114 113 113 112 111 111 110 109 109 108 107 107 106 106 106 105 105 105 105 105 105 105 105 105 150 150 150 150 150 150 150 149 149 148 148 149 150 150 150 150 150 150 150 150 150 150 149 149 148 148 148 148 147 147 147 102 101 101 101 100 100  99 
115 114 113 113 112 111 111 110 109 109 108 107 107 106 106 106 105 105 105 105 105 105 105 105 105 105 150 150 150 150 150 150 150 149 149 148 148 149 150 150 150 150 150 150 150 150 150 150 150 149 148 148 148 148 147 147 147 102 101 100 100 100 100  99 
115 113 112 112 111 111 110 110 109 108 107 107 106 105 105 105 105 105 105 105 105 105 105 105 105 105 149 149 149 149 150 150 150 149 148 148 148 149 149 150 149 149 149 149 149 150 150 150 150 149 148 148 148 148 147 147 147 101 101 100 100 100 100  99 
115 113 112 111 111 110 110 109 108 107 107 106 105 105 105 105 105 105 105 105 105 105 105 105 105 105 148 148 148 149 150 150 150 149 148 148 148 148 149 149 149 148 148 148 149 149 150 150 150 149 148 148 148 148 147 147 147 101 101 100 100 100 100  99 
114 112 111 111 110 110 109 108 107 106 106 105 105 105 105 105 104 104 104 105 105 105 105 105 104 104 148 148 148 149 149 150 149 149 148 148 148 148 148 149 148 148 148 148 149 149 149 149 149 148 148 148 148 148 147 147 147 101 101 100 100 100 100  99 
113 111 111 110 110 109 108 107 106 106 105 105 105 105 105 105 104 104 104 104 104 104 104 104 104 104 148 148 148 149 149 149 149 148 148 148 148 148 148 148 148 148 148 148 149 149 149 149 149 148 148 148 148 148 147 147 147 101 101 100 100 100 100  99 
112 111 110 110 109 108 107 107 106 105 105 105 105 105 105 105 104 104 104 104 104 104 104 104 103 103 148 148 148 149 149 149 149 148 148 148 148 148 148 148 148 148 148 148 148 149 149 149 149 148 148 148 148 148 147 147 147 101 101 100 100 100 100  99 
112 111 110 109 109 108 107 106 106 105 105 105 104 104 104 104 104 104 104 104 104 104 104 103 103 103 148 148 148 148 148 148 148 148 148 148 148 148 148 148 148 148 148 148 148 148 148 149 148 148 148 148 148 148 147 147 147 101 101 101 101 100 100  99 
112 111 110 109 108 107 107 106 105 105 105 104 104 104 104 104 104 104 103 103 103 103 103 103 103 103 103 148 148 148 148 148 148 148 148 148 148 148 148 148 148 148 148 148 148 148 148 148 148 148 148 148 148 147 147 147 101 101 101 101 101 100 100  99 
112 111 110 109 108 107 106 105 105 105 104 104 104 103 103 103 103 103 103 103 103 103 103 103 103 103 103 148 148 148 148 148 148 148 148 148 148 148 148 148 148 148 148 148 148 148 148 148 148 148 148 148 148 147 147 146 101 101 101 101 101 100 100  99 
112 110 109 108 108 107 106 105 105 105 104 104 103 103 103 103 103 103 103 103 103 103 103 103 103 103 103 103 148 148 148 148 148 148 148 148 148 148 148 148 148 148 148 148 148 148 148 148 148 148 148 148 148 147 146 101 101 101 101 101 101 100 100 100 
111 110 109 108 107 106 106 105 105 105 104 103 103 103 103 103 103 103 103 103 103 103 103 103 103 103 103 102 147 147 147 147 147 147 147 147 147 147 147 147 147 147 147 147 147 147 147 147 147 147 147 147 147 147 146 101 101 101 101 101 101 100 100 100 
111 110 109 108 107 106 106 105 105 105 104 103 103 103 103 103 103 103 103 103 103 103 103 103 103 103 102 102 102 147 147 147 147 147 147 147 147 147 147 147 147 147 147 147 147 147 147 147 147 147 147 147 147 147 101 101 101 101 101 101 101 100 100 100 
111 110 109 108 107 106 106 105 105 105 104 103 103 103 103 103 103 103 103 103 103 103 103 102 102 102 102 102 102 102 147 147 147 147 147 147 147 147 147 147 147 147 147 147 147 147 147 147 147 147 147 147 147 102 101 101 101 101 101 101 101 100 100 100 
111 109 108 108 107 106 106 106 105 105 104 104 103 103 103 103 103 103 103 102 102 102 102 102 102 102 102 102 102 102 102 147 147 147 147 147 147 147 147 147 147 147 147 147 147 147 147 147 147 147 147 147 102 102 101 101 101 101 101 101 101 101 101 101 
110 109 108 107 106 106 106 105 105 104 104 103 103 103 103 103 103 102 102 102 102 102 102 102 102 101 101 101 101 101 101 101 147 146 146 146 147 146 146 146 147 147 147 147 147 147 147 147 147 147 147 102 102 102 101 101 102 102 101 101 101 101 101 101 
110 109 107 106 106 106 105 105 105 104 104 103 103 103 103 103 102 102 102 101 101 101 101 101 101 101 101 101 100 100 100 100 101 101 146 146 146 145 145 145 146 146 146 146 146 147 147 147 147 102 102 102 102 102 102 102 102 102 102 101 101 101 101 101 
110 108 107 106 106 105 105 105 105 104 103 103 103 103 103 102 102 102 101 101 101 101 101 100 100 100 100 100  99  99  99  99 100 100 100 100 145 145 145 145 145 146 146 146 146 147 147 102 102 102 102 102 102 102 102 102 102 102 102 102 102 102 102 102 
110 108 107 106 105 105 105 105 105 104 103 103 103 103 102 101 101 101 100 100 100 100 100 100 100 100  99  99  99  99  99  98  99  99  99  99  99  99  99  99 100 100 100 101 101 102 102 102 102 102 102 102 102 102 102 102 102 102 102 102 102 102 102 102 
109 108 107 106 105 105 105 105 104 103 103 103 103 102 101 101 101 100 100 100 100 100 100  99  99  99  99  99  99  98  98  98  98  98  98  98  98  98  98  98  99 100 100 101 101 102 102 102 102 102 102 102 102 102 102 102 102 102 102 102 102 102 102 102 
109 108 107 106 105 105 104 104 103 103 103 103 102 102 101 100 100  99  99  99  99  99  99  99  99  99  99  98  98  97  97  97  97  97  98  98  98  98  98  98  99 100 100 101 101 102 102 102 102 102 102 102 102 102 102 102 102 102 102 103 103 103 103 103 
109 108 107 106 105 105 104 103 103 103 103 102 102 101 100  99  99  98  98  98  99  98  98  98  98  98  98  97  97  96  96  96  96  96  97  97  97  97  97  97  98  99 100 100 101 102 102 102 102 102 102 102 102 102 102 102 102 102 103 104 104 104 104 104 
109 108 107 106 105 105 104 103 103 103 102 102 101 100  99  98  98  98  98  98  98  98  98  98  97  97  97  97  96  96  96  96  96  96  96  96  96  96  96  97  98  99  99 100 101 102 102 102 102 102 102 102 102 102 102 103 103 103 104 105 105 105 105 105 
