16
211 210 210 210 210 210 210 210 209 210 210 210 210 210 211 212 
211 210 209 209 209 210 210 210 210 210 210 210 210 210 210 211 
211 210 209 209 209 210 210 210 210 210 210 211 210 210 210 211 
211 210 210 210 210 210 210 210 210 211 211 212 211 211 211 211 
211 210 210 210 210 210 210 210 210 210 211 212 211 210 210 211 
211 210 210 211 210 211 210 162 162 162 211 212 211 210 210 211 
211 210 211 211 210 211 211 162 162 162 211 212 210 210 210 210 
213 211 211 211 211 211 212 165 163 163 211 212 210 210 210 210 
211 211 211 210 210 211 211 212 211 211 211 211 210 210 209 209 
211 211 210 210 210 211 211 212 211 211 211 211 211 211 210 209 
211 210 210 210 210 210 211 211 210 211 211 211 211 211 210 210 
210 210 210 210 210 211 210 210 210 211 211 211 211 211 211 211 
210 210 210 210 210 210 210 210 210 210 211 211 211 210 210 210 
210 210 210 210 210 210 210 209 210 211 211 211 211 210 210 210 
210 210 210 210 209 209 209 209 209 211 211 211 211 210 210 210 
211 211 210 210 209 209 209 209 210 211 211 211 211 210 210 210 
