20 5521
12 4 791 9
12 12 791 5
0 0 811 5
12 12 1268 14
15 1 376 10
15 15 376 4
1 4 953 11
1 1 953 7
19 19 743 9
8 7 1280 14
8 8 1280 7
5 5 178 8
4 1 1307 6
4 4 1307 4
10 19 754 9
10 10 754 4
11 10 663 9
11 11 663 1
11 11 90 2
15 19 562 11
15 15 562 13
5 5 1217 6
18 18 319 12
0 0 643 5
0 0 1224 12
6 6 1093 6
5 7 195 2
5 5 195 2
19 1 1149 13
19 19 1149 10
8 19 142 9
8 8 142 5
7 7 629 7
11 11 171 3
14 3 1157 13
14 14 1157 4
12 13 909 12
12 12 909 16
16 12 190 9
16 16 190 3
1 15 859 5
1 1 859 1
7 7 650 39
10 1 1271 14
10 10 1271 1
14 10 1076 3
14 14 1076 2
1 18 756 11
1 1 756 3
2 2 295 2
0 0 1281 17
4 0 489 14
4 4 489 14
6 6 936 3
7 7 1254 40
12 12 678 15
12 12 1267 1
14 14 646 7
6 6 56 7
18 18 1158 8
1 10 1350 1
1 1 1350 2
5 5 1045 3
8 8 1287 2
8 8 860 1
3 3 1219 12
17 16 1042 8
17 17 1042 34
7 7 973 3
0 0 1236 6
13 13 1080 3
11 9 797 14
11 11 797 1
12 12 50 10
13 13 188 11
12 12 900 2
15 5 103 11
15 15 103 9
1 9 860 7
1 1 860 4
2 2 399 30
3 3 412 29
1 18 1120 9
1 1 1120 1
6 14 528 2
6 6 528 1
6 19 101 8
6 6 101 2
2 2 765 2
11 2 874 12
11 11 874 9
14 13 1087 9
14 14 1087 4
12 15 718 3
12 12 718 5
16 2 150 5
16 16 150 4
8 0 412 8
8 8 412 7
3 8 478 12
3 3 478 14
11 11 398 1
1 0 907 11
1 1 907 1
1 0 638 5
1 1 638 3
0 0 738 1
2 2 794 25
16 2 641 3
16 16 641 7
8 1 835 10
8 8 835 4
10 18 740 13
10 10 740 14
16 14 1342 11
16 16 1342 1
13 13 495 1
18 9 1018 3
18 18 1018 18
6 6 11 22
2 2 653 5
11 6 786 8
11 11 786 2
13 13 746 17
14 0 1184 4
14 14 1184 1
17 17 50 12
2 2 390 9
1 4 1145 5
1 1 1145 3
15 15 251 4
9 9 456 12
12 12 1008 3
13 13 1134 9
14 14 541 11
13 13 1180 30
14 14 832 1
14 16 1012 3
14 14 1012 4
4 4 565 3
4 4 898 24
6 6 922 14
8 15 69 9
8 8 69 12
1 1 864 1
9 9 1004 3
11 3 557 2
11 11 557 15
11 15 391 8
11 11 391 4
17 17 966 2
13 13 1261 18
1 9 908 11
1 1 908 1
1 1 58 4
1 4 1360 4
1 1 1360 3
7 7 318 7
9 9 170 8
11 13 1271 8
11 11 1271 11
9 9 1328 14
1 1 531 4
13 7 861 9
13 13 861 35
15 15 1106 6
17 10 765 11
17 17 765 13
8 16 1108 12
8 8 1108 8
2 2 644 9
8 11 1412 3
8 8 1412 12
8 16 163 11
8 8 163 16
2 2 1310 27
15 18 1219 12
15 15 1219 10
15 1 342 5
15 15 342 1
2 11 970 5
2 2 970 1
4 15 1241 3
4 4 1241 8
11 1 1038 3
11 11 1038 5
9 1 78 14
9 9 78 4
12 12 183 3
14 12 183 3
14 14 183 2
13 13 1173 3
15 3 154 4
15 15 154 15
0 0 577 24
5 5 1279 2
8 7 1250 4
8 8 1250 1
17 14 757 9
17 17 757 7
15 2 966 5
15 15 966 2
17 15 1140 7
17 17 1140 14
17 17 959 3
18 18 400 6
18 18 1267 13
3 3 134 6
8 10 646 12
8 8 646 6
6 13 369 10
6 6 369 16
10 5 662 4
10 10 662 1
17 12 1370 13
17 17 1370 14
13 13 1143 8
18 18 1004 14
0 1 1391 8
0 0 1391 27
19 19 445 17
2 2 671 29
9 9 759 20
11 13 312 2
11 11 312 2
16 6 154 1
16 16 154 3
1 17 362 6
1 1 362 3
14 15 178 8
14 14 178 1
4 4 993 2
5 5 72 41
4 13 1216 1
4 4 1216 1
10 14 959 9
10 10 959 10
11 4 1031 7
11 11 1031 3
11 13 913 4
11 11 913 12
14 14 1040 10
15 6 1410 10
15 15 1410 2
15 11 889 7
15 15 889 1
17 12 362 11
17 17 362 2
16 9 766 14
16 16 766 1
1 3 720 10
1 1 720 4
3 3 498 6
3 3 904 3
8 19 574 12
8 8 574 11
6 6 473 8
11 11 603 4
11 12 1006 2
11 11 1006 3
10 6 1146 5
10 10 1146 19
16 16 499 3
17 17 507 4
1 12 926 13
1 1 926 2
1 1 52 1
4 7 1174 7
4 4 1174 6
2 2 743 2
8 8 653 13
6 6 360 9
12 1 71 2
12 12 71 2
14 6 1330 4
14 14 1330 1
16 3 2 12
16 16 2 31
15 2 458 4
15 15 458 2
1 1 783 2
2 5 45 9
2 2 45 4
3 3 284 5
4 4 150 3
9 9 1203 4
16 11 1414 14
16 16 1414 2
15 15 1306 6
16 4 106 1
16 16 106 1
17 17 37 13
18 1 173 7
18 18 173 46
12 12 339 12
1 5 1100 4
1 1 1100 12
3 9 864 11
3 3 864 16
7 7 333 24
11 11 349 13
16 4 1314 6
16 16 1314 4
15 5 232 9
15 15 232 2
14 1 733 1
14 14 733 3
18 18 1079 7
2 2 258 14
3 15 103 9
3 3 103 1
4 4 436 13
4 18 1374 5
4 4 1374 4
11 0 1165 8
11 11 1165 11
14 11 1418 5
14 14 1418 2
17 9 937 1
17 17 937 21
16 15 959 12
16 16 959 1
11 16 1351 10
11 11 1351 3
18 18 1253 6
4 12 14 8
4 4 14 15
6 1 725 4
6 6 725 4
5 5 339 5
11 11 673 3
16 16 1263 5
15 15 612 2
13 13 1129 5
13 11 173 1
13 13 173 15
6 10 612 9
6 6 612 1
8 11 259 10
8 8 259 14
15 16 461 6
15 15 461 1
15 17 697 8
15 15 697 14
19 19 1307 3
19 19 1007 2
5 5 1300 5
8 11 1032 2
8 8 1032 9
8 7 402 12
8 8 402 1
11 9 1077 14
11 11 1077 1
7 7 732 9
15 13 1424 13
15 15 1424 7
15 9 847 1
15 15 847 1
15 15 314 4
18 18 55 27
1 0 149 2
1 1 149 2
1 9 1283 5
1 1 1283 2
4 4 102 1
8 10 556 10
8 8 556 2
4 18 1349 12
4 4 1349 2
10 6 816 4
10 10 816 2
11 8 419 3
11 11 419 2
16 3 1111 6
16 16 1111 3
1 11 6 13
1 1 6 8
0 0 1034 16
2 2 761 4
8 4 240 12
8 8 240 3
11 1 1299 13
11 11 1299 2
15 15 1206 8
1 2 793 1
1 1 793 2
4 6 132 4
4 4 132 6
4 19 1070 1
4 4 1070 1
9 9 87 1
15 1 788 7
15 15 788 1
16 14 314 10
16 16 314 2
15 16 190 8
15 15 190 9
4 9 1213 4
4 4 1213 2
9 9 1038 9
17 17 778 2
16 3 798 12
16 16 798 4
14 12 825 3
14 14 825 7
17 13 424 2
17 17 424 4
8 10 104 8
8 8 104 5
10 10 827 3
11 6 472 1
11 11 472 2
13 13 1001 24
17 19 1104 2
17 17 1104 7
16 15 472 2
16 16 472 4
17 3 494 4
17 17 494 10
16 4 819 12
16 16 819 16
0 0 151 14
1 11 31 4
1 1 31 1
4 4 252 1
11 0 1288 10
11 11 1288 5
11 11 98 1
15 11 614 3
15 15 614 2
14 9 429 10
14 14 429 1
1 1 786 1
11 5 1313 3
11 11 1313 16
8 13 305 3
8 8 305 13
9 11 88 2
9 9 88 8
11 4 141 2
11 11 141 1
7 7 1032 3
14 14 1149 4
14 12 235 13
14 14 235 3
18 2 150 13
18 18 150 12
14 14 109 11
4 3 965 13
4 4 965 7
3 3 1322 1
10 12 851 13
10 10 851 16
8 17 1251 10
8 8 1251 5
9 9 636 5
1 1 561 6
11 11 320 2
19 19 1310 12
14 10 768 8
14 14 768 1
3 3 529 2
8 8 1157 6
2 8 855 5
2 2 855 7
11 13 465 8
11 11 465 7
16 14 1093 7
16 16 1093 3
11 17 1182 5
11 11 1182 22
16 16 1366 3
1 1 1018 1
6 6 702 12
9 9 240 5
17 17 1187 3
10 9 1364 8
10 10 1364 2
8 8 733 3
1 5 875 9
1 1 875 1
0 0 797 2
2 2 49 1
16 19 634 1
16 16 634 3
4 9 138 9
4 4 138 2
3 3 133 1
5 5 735 4
9 10 398 8
9 9 398 9
9 9 532 7
11 3 805 14
11 11 805 2
13 13 569 7
14 15 920 13
14 14 920 3
0 0 908 10
5 5 1204 4
4 19 972 11
4 4 972 8
4 19 281 10
4 4 281 5
7 7 892 3
17 17 1158 2
15 15 795 2
15 15 273 5
1 2 1302 8
1 1 1302 10
15 9 1040 7
15 15 1040 6
7 7 909 17
11 18 3 3
11 11 3 16
15 15 971 2
0 0 304 5
1 1 105 1
0 0 1055 4
3 7 1146 12
3 3 1146 9
8 13 336 8
8 8 336 20
19 13 570 6
19 19 570 3
9 2 652 1
9 9 652 20
11 16 717 6
11 11 717 3
17 14 991 9
17 17 991 4
14 14 1244 2
2 2 542 4
17 17 550 8
14 11 1008 13
14 14 1008 1
1 2 876 11
1 1 876 31
18 18 962 26
17 6 247 11
17 17 247 6
3 3 820 27
8 12 1002 3
8 8 1002 12
9 9 439 6
12 12 241 7
14 10 245 14
14 14 245 3
14 13 302 4
14 14 302 5
18 18 853 36
2 6 955 9
2 2 955 8
8 17 633 10
8 8 633 8
9 9 256 8
10 19 1201 2
10 10 1201 1
12 2 1242 10
12 12 1242 14
14 16 786 7
14 14 786 2
1 1 241 4
4 17 525 10
4 4 525 6
3 3 978 1
7 7 63 2
10 10 353 3
12 12 796 7
15 15 399 8
16 14 1398 14
16 16 1398 4
1 11 447 13
1 1 447 5
14 3 523 14
14 14 523 7
19 19 1068 2
5 12 1119 10
5 5 1119 3
6 6 253 5
8 8 1203 2
11 9 706 8
11 11 706 11
16 16 1405 5
12 16 422 1
12 12 422 17
12 12 1011 2
17 17 543 1
16 16 545 10
16 15 793 2
16 16 793 3
0 0 1003 15
16 14 1239 7
16 16 1239 3
8 9 1116 1
8 8 1116 6
6 19 571 9
6 6 571 18
8 10 294 1
8 8 294 1
10 10 566 7
9 16 1241 10
9 9 1241 13
13 5 1303 2
13 13 1303 8
2 2 1235 1
2 1 946 5
2 2 946 2
8 8 608 1
9 9 1431 2
17 4 1002 3
17 17 1002 15
16 6 437 7
16 16 437 15
16 3 890 12
16 16 890 2
14 8 789 1
14 14 789 1
0 17 196 14
0 0 196 23
18 18 735 5
2 9 248 8
2 2 248 1
4 4 756 10
17 17 128 8
4 13 1312 12
4 4 1312 3
7 7 899 10
11 11 49 2
17 17 1084 20
16 16 452 4
1 1 123 5
8 8 777 5
8 8 1105 3
5 5 884 11
10 14 686 11
10 10 686 8
7 7 528 9
11 19 142 13
11 11 142 11
15 13 1171 5
15 15 1171 8
17 4 91 11
17 17 91 13
1 6 1026 12
1 1 1026 1
8 18 1091 14
8 8 1091 13
5 5 127 35
11 11 1413 2
11 13 421 7
11 11 421 9
14 1 199 4
14 14 199 4
14 5 312 3
14 14 312 4
17 8 352 10
17 17 352 1
1 5 751 11
1 1 751 3
3 3 41 6
3 3 508 6
11 10 364 9
11 11 364 2
18 0 892 6
18 18 892 20
13 13 1238 17
0 14 219 6
0 0 219 11
18 2 726 2
18 18 726 2
2 2 828 4
3 19 182 4
3 3 182 48
8 14 1388 5
8 8 1388 2
8 8 1185 6
8 0 758 14
8 8 758 9
11 3 509 5
11 11 509 9
14 19 872 7
14 14 872 12
14 12 602 2
14 14 602 1
1 11 966 3
1 1 966 6
1 11 393 12
1 1 393 4
3 3 666 3
5 5 215 1
6 5 239 14
6 6 239 14
8 6 154 4
8 8 154 2
10 15 681 1
10 10 681 2
16 11 1387 9
16 16 1387 7
17 17 635 2
19 19 1245 9
1 11 314 8
1 1 314 8
0 0 1326 9
4 5 785 9
4 4 785 2
8 15 468 11
8 8 468 1
7 7 441 60
9 9 1227 14
10 14 1243 1
10 10 1243 8
15 13 1362 9
15 15 1362 2
14 14 884 1
1 14 736 12
1 1 736 11
1 9 171 9
1 1 171 3
4 18 619 2
4 4 619 29
5 5 1379 2
6 2 1395 13
6 6 1395 10
6 6 964 14
8 6 419 8
8 8 419 3
10 13 894 2
10 10 894 45
4 4 478 4
4 15 1302 11
4 4 1302 5
16 4 1370 4
16 16 1370 5
11 12 664 10
11 11 664 2
15 4 888 10
15 15 888 1
16 2 1176 6
16 16 1176 8
16 15 50 13
16 16 50 31
17 17 558 32
1 1 386 2
15 12 226 1
15 15 226 2
17 14 525 9
17 17 525 5
8 9 332 14
8 8 332 4
17 17 1257 1
14 17 1208 7
14 14 1208 7
0 0 481 18
17 11 1215 12
17 17 1215 3
1 9 840 6
1 1 840 5
19 19 76 14
8 19 431 14
8 8 431 3
11 11 838 10
11 11 269 9
15 2 1371 8
15 15 1371 5
19 19 1363 66
2 15 927 13
2 2 927 5
2 19 51 4
2 2 51 10
10 12 889 11
10 10 889 2
16 14 1375 2
16 16 1375 12
9 9 1117 14
10 10 1109 21
16 9 410 4
16 16 410 2
0 13 356 5
0 0 356 15
1 4 221 11
1 1 221 3
8 4 1306 5
8 8 1306 4
3 1 974 2
3 3 974 4
3 3 1413 7
9 15 1307 5
9 9 1307 21
13 13 824 12
17 14 618 3
17 17 618 5
13 13 1113 16
1 9 976 1
1 1 976 18
7 7 876 2
3 3 309 3
8 13 136 6
8 8 136 4
9 9 1380 51
13 13 766 28
12 12 586 14
19 19 635 41
15 16 689 13
15 15 689 8
2 2 442 5
2 2 999 11
8 5 1144 7
8 8 1144 9
8 4 450 9
8 8 450 3
9 9 468 30
9 9 546 4
13 13 26 13
15 15 799 1
1 13 754 12
1 1 754 2
15 1 420 4
15 15 420 4
18 18 1405 20
0 0 1280 1
6 9 950 6
6 6 950 14
8 7 81 5
8 8 81 4
7 18 1309 6
7 7 1309 32
3 3 537 8
13 13 1217 10
1 19 952 4
1 1 952 1
4 19 37 3
4 4 37 1
7 18 24 9
7 7 24 7
11 11 1219 2
16 19 457 5
16 16 457 2
19 19 556 9
1 3 809 7
1 1 809 9
4 4 183 11
2 2 79 8
4 3 895 12
4 4 895 3
8 16 1424 5
8 8 1424 2
5 5 669 14
11 11 1360 7
10 2 1381 2
10 10 1381 2
14 16 357 9
14 14 357 7
19 19 90 10
19 19 529 27
7 7 830 21
11 4 884 8
11 11 884 2
11 14 315 11
11 11 315 5
13 13 584 24
9 9 1021 1
15 5 723 12
15 15 723 2
16 14 659 6
16 16 659 7
1 1 715 1
2 2 292 3
2 12 913 12
2 2 913 14
4 10 576 4
4 4 576 1
5 5 1010 5
11 4 1131 12
11 11 1131 8
5 5 1044 1
4 4 44 2
5 5 186 9
5 5 373 8
16 16 1336 2
17 1 530 1
17 17 530 2
12 12 822 6
16 4 1004 12
16 16 1004 1
2 2 1383 25
4 10 179 13
4 4 179 4
4 14 1093 5
4 4 1093 6
11 11 163 8
14 2 1165 4
14 14 1165 2
13 12 326 13
13 13 326 15
14 14 364 4
15 15 102 1
1 11 1127 13
1 1 1127 1
8 9 1126 14
8 8 1126 5
6 15 529 6
6 6 529 11
8 3 496 12
8 8 496 23
11 9 1043 10
11 11 1043 2
12 0 130 8
12 12 130 34
1 1 716 4
5 5 1164 4
3 3 339 31
11 19 1120 14
11 11 1120 4
14 14 324 1
11 2 385 5
11 11 385 3
16 2 885 1
16 16 885 5
1 12 32 13
1 1 32 3
17 10 178 10
17 17 178 10
8 15 1295 11
8 8 1295 2
19 19 1027 8
4 1 1290 9
4 4 1290 12
11 11 644 5
11 16 75 6
11 11 75 15
14 9 1253 5
14 14 1253 5
10 10 1096 8
17 3 1034 10
17 17 1034 8
17 9 605 4
17 17 605 13
1 1 827 3
2 14 65 1
2 2 65 2
1 19 1231 14
1 1 1231 6
4 14 877 11
4 4 877 2
4 4 1100 3
11 11 1368 9
11 17 1358 11
11 11 1358 2
11 12 789 14
11 11 789 8
17 9 750 9
17 17 750 7
16 7 626 10
16 16 626 8
15 8 343 13
15 15 343 3
19 19 104 5
3 3 441 2
10 10 1009 9
19 10 305 10
19 19 305 30
14 6 859 3
14 14 859 1
14 17 957 2
14 14 957 6
4 15 1378 9
4 4 1378 10
9 9 1047 6
17 17 264 21
18 4 406 3
18 18 406 2
1 0 630 2
1 1 630 3
1 7 57 8
1 1 57 1
9 9 1258 19
5 18 1030 10
5 5 1030 14
8 4 1334 10
8 8 1334 7
8 18 843 10
8 8 843 2
5 14 359 9
5 5 359 13
5 5 818 10
9 9 892 2
11 1 701 12
11 11 701 1
14 14 1260 5
14 6 463 9
14 14 463 6
17 17 692 8
18 18 297 2
18 3 520 9
18 18 520 21
1 9 1216 8
1 1 1216 2
4 4 852 19
6 6 624 15
4 7 1099 14
4 4 1099 1
4 8 1408 3
4 4 1408 6
2 2 1239 2
15 15 1303 3
17 17 743 1
1 1 685 2
18 11 283 7
18 18 283 5
2 8 971 4
2 2 971 7
3 6 446 14
3 3 446 10
4 18 304 14
4 4 304 3
5 5 656 1
10 10 462 10
15 15 1412 2
16 16 366 25
17 17 368 5
14 5 1036 9
14 14 1036 4
1 1 734 2
19 0 222 8
19 19 222 23
16 2 657 14
16 16 657 2
4 13 455 13
4 4 455 4
10 11 337 6
10 10 337 16
13 3 399 11
13 13 399 9
15 3 992 5
15 15 992 3
17 17 257 7
19 9 1070 3
19 19 1070 1
19 19 335 33
4 12 716 7
4 4 716 7
8 8 1341 4
8 18 220 4
8 8 220 10
10 16 663 3
10 10 663 2
11 0 121 12
11 11 121 5
12 12 73 3
12 12 803 14
15 2 529 4
15 15 529 6
15 15 460 1
18 2 288 7
18 18 288 9
1 9 504 8
1 1 504 9
2 2 486 11
4 15 168 3
4 4 168 2
8 7 278 4
8 8 278 1
11 11 214 20
17 17 1346 3
16 16 608 6
1 14 361 3
1 1 361 1
19 1 992 2
19 19 992 15
8 8 485 5
7 7 1204 17
16 19 433 8
16 16 433 2
14 0 191 1
14 14 191 5
14 6 752 2
14 14 752 9
17 17 188 4
0 0 601 4
3 3 97 6
4 4 113 4
3 3 907 2
11 1 993 8
11 11 993 1
16 16 1114 5
15 8 595 13
15 15 595 6
16 16 953 3
18 18 85 4
18 19 1259 9
18 18 1259 8
4 4 715 1
10 10 299 7
11 18 126 12
11 11 126 8
14 14 1331 10
15 15 1187 9
15 14 542 10
15 15 542 2
14 13 530 4
14 14 530 4
19 19 1188 3
5 5 762 2
11 7 1397 11
11 11 1397 16
11 11 207 7
15 15 1232 4
16 16 146 3
0 0 1221 3
1 17 354 6
1 1 354 7
2 2 989 10
6 2 1021 3
6 6 1021 7
4 15 1224 8
4 4 1224 1
10 10 496 2
11 13 348 6
11 11 348 1
13 13 48 34
18 15 772 2
18 18 772 18
14 14 812 6
1 14 552 3
1 1 552 9
6 6 1339 3
8 6 550 11
8 8 550 3
17 17 936 1
14 14 618 3
1 6 1210 6
1 1 1210 6
6 6 714 1
6 6 799 1
7 4 114 3
7 7 114 23
0 0 66 19
2 17 767 11
2 2 767 6
13 13 839 22
13 13 274 26
14 8 416 11
14 14 416 1
2 2 1346 12
1 2 458 1
1 1 458 7
17 9 1331 11
17 17 1331 2
19 19 897 9
6 11 613 13
6 6 613 7
5 5 739 17
11 14 1386 11
11 11 1386 9
11 5 817 1
11 11 817 5
11 11 196 5
15 15 1378 9
0 0 115 11
2 2 363 26
14 15 1361 3
14 14 1361 2
1 2 1092 5
1 1 1092 8
13 13 1285 18
4 4 301 3
8 14 403 3
8 8 403 1
7 7 325 3
10 10 665 2
16 16 339 6
15 10 261 1
15 15 261 4
14 6 823 7
14 14 823 1
1 9 545 5
1 1 545 7
19 19 245 19
16 4 839 13
16 16 839 8
4 11 103 8
4 4 103 1
8 8 98 2
16 16 1096 7
17 3 1118 2
17 17 1118 2
14 14 621 16
4 4 697 3
4 5 246 7
4 4 246 6
3 18 1030 6
3 3 1030 4
17 19 662 14
17 17 662 1
11 14 1298 10
11 11 1298 1
13 13 693 2
14 16 1341 2
14 14 1341 3
17 14 1263 12
17 17 1263 17
1 13 792 6
1 1 792 1
18 18 1132 15
8 13 1014 11
8 8 1014 7
4 16 1071 8
4 4 1071 7
11 6 1379 9
11 11 1379 7
11 14 822 11
11 11 822 4
15 15 1387 2
14 14 225 1
14 18 911 1
14 14 911 6
0 0 959 21
16 18 956 6
16 16 956 1
3 3 410 2
8 14 1072 4
8 8 1072 9
9 9 634 2
11 11 903 10
16 12 1072 4
16 16 1072 1
16 16 1403 2
1 0 570 7
1 1 570 12
2 2 862 9
5 15 307 11
5 5 307 3
7 7 926 19
8 5 975 7
8 8 975 8
14 2 1429 3
17 17 1111 7
15 2 435 6
15 15 435 1
1 7 427 1
1 1 427 11
2 4 132 9
2 2 132 23
1 4 1204 4
1 1 1204 3
5 5 1123 3
4 17 253 11
4 4 253 7
8 1 675 8
8 8 675 1
9 19 206 4
9 9 206 34
9 9 641 4
14 5 1284 5
14 14 1284 8
13 13 260 5
14 11 434 8
14 14 434 6
14 19 999 10
14 14 999 1
1 6 785 2
1 1 785 1
1 15 452 8
1 1 452 3
3 3 370 40
4 16 140 6
4 4 140 1
6 6 599 13
7 7 1035 54
16 7 306 12
16 16 306 8
16 16 135 11
1 11 642 2
1 1 642 4
19 19 585 1
19 19 1071 15
10 17 38 12
10 10 38 8
16 16 1079 6
16 7 321 12
16 16 321 7
14 2 716 2
14 14 716 4
14 4 769 11
14 14 769 9
0 0 1130 43
8 18 1393 12
8 8 1393 9
2 2 163 2
5 5 1015 1
9 9 358 40
13 13 428 10
15 6 973 9
15 15 973 1
14 17 639 10
14 14 639 7
19 13 368 4
19 19 368 11
19 19 807 3
13 13 1412 11
4 4 228 3
3 3 788 13
11 17 727 8
11 11 727 4
14 19 1242 12
14 14 1242 2
14 17 1295 12
14 14 1295 13
19 19 1216 29
18 18 515 5
5 5 828 6
0 16 1050 13
0 0 1050 5
17 0 637 11
17 17 637 4
11 11 1425 1
17 3 782 6
17 17 782 2
15 14 1093 14
15 15 1093 10
12 6 1362 10
12 12 1362 8
15 15 820 2
19 19 155 21
15 14 1284 9
15 15 1284 4
9 9 977 20
9 9 612 22
6 6 700 2
16 15 1070 9
16 16 1070 2
13 13 84 15
14 0 98 5
14 14 98 6
16 4 722 1
16 16 722 1
18 18 33 22
19 19 264 27
4 1 957 3
4 4 957 1
4 4 92 1
8 18 706 12
8 8 706 4
8 8 23 1
10 13 810 14
10 10 810 6
13 13 794 4
15 19 1055 13
15 15 1055 1
14 14 13 7
13 13 1083 13
18 18 944 13
8 8 440 6
2 2 707 11
11 5 726 13
11 11 726 1
8 1 230 11
8 8 230 5
7 7 86 4
10 10 137 14
17 0 784 13
17 17 784 6
13 13 672 3
12 12 1013 4
12 2 1282 8
12 12 1282 21
17 17 104 4
6 3 218 12
6 6 218 2
1 1 1079 2
8 5 288 4
8 8 288 3
14 14 1100 7
17 17 1304 3
17 17 867 3
15 15 744 10
2 2 1241 11
6 13 37 2
6 6 37 15
16 16 1061 2
16 6 713 2
16 16 713 9
1 7 525 12
1 1 525 6
18 1 1198 3
18 18 1198 11
6 6 1257 6
6 6 1237 20
10 0 725 14
10 10 725 11
9 9 811 8
14 18 1390 7
14 14 1390 3
14 16 20 14
14 14 20 1
1 9 446 10
1 1 446 1
4 4 234 10
8 5 771 7
8 8 771 6
5 5 778 13
9 9 692 22
9 16 1359 3
9 9 1359 8
10 10 1351 4
15 11 576 5
15 15 576 3
14 3 1016 9
14 14 1016 1
6 6 144 7
4 8 812 7
4 4 812 4
8 0 295 9
8 8 295 1
10 14 1018 3
10 10 1018 8
11 11 1423 1
15 16 1359 10
15 15 1359 3
15 15 425 3
8 2 754 11
8 8 754 1
1 13 661 11
1 1 661 2
1 9 344 14
1 1 344 3
18 18 1302 13
8 11 609 1
8 8 609 2
8 18 1141 6
8 8 1141 3
9 2 264 9
9 9 264 19
7 7 1159 14
16 0 1052 3
16 16 1052 4
13 13 567 2
2 2 1091 6
2 2 249 9
3 3 176 6
4 4 415 18
10 3 361 9
10 10 361 2
14 14 1393 3
12 12 788 3
12 18 1185 3
12 12 1185 4
17 17 700 5
1 7 972 4
1 1 972 4
1 19 122 1
1 1 122 1
3 12 1131 6
3 3 1131 2
10 15 248 3
10 10 248 11
12 12 606 9
17 17 535 8
14 11 963 10
14 14 963 5
1 11 288 3
1 1 288 3
6 6 78 23
1 1 1025 1
16 13 555 12
16 16 555 5
6 13 563 6
6 6 563 8
10 18 997 7
10 10 997 2
9 9 123 10
9 9 1217 4
15 15 1364 6
14 12 196 11
14 14 196 3
15 0 766 7
15 15 766 8
17 13 663 9
17 17 663 1
3 3 290 5
4 18 503 12
4 4 503 6
11 10 1102 7
11 11 1102 6
16 16 1043 5
14 13 680 13
14 14 680 1
16 15 711 4
16 16 711 2
17 8 1245 14
17 17 1245 3
3 3 524 4
18 18 304 9
11 11 610 7
14 11 1400 13
14 14 1400 6
15 9 1130 1
15 15 1130 5
14 15 603 7
14 14 603 11
2 2 1408 13
3 4 669 11
3 3 669 61
6 13 667 8
6 6 667 2
6 7 236 4
6 6 236 3
11 14 134 6
11 11 134 7
17 17 1394 4
15 15 1179 1
16 12 528 6
16 16 528 2
0 0 1018 16
19 19 944 9
3 3 810 6
8 14 469 7
8 8 469 10
10 10 1004 5
17 16 1283 10
17 17 1283 11
12 12 1137 48
15 1 711 5
15 15 711 2
14 8 885 6
14 14 885 2
2 2 1186 1
2 17 901 4
2 2 901 12
3 14 17 4
3 3 17 8
17 17 144 6
15 8 1180 5
15 15 1180 2
16 5 1034 14
16 16 1034 1
16 2 86 1
16 16 86 6
1 3 941 8
1 1 941 3
18 18 5 1
18 18 718 6
10 3 283 1
10 10 283 2
11 17 46 4
11 11 46 3
17 13 81 3
17 17 81 10
14 7 489 12
14 14 489 2
19 19 405 4
1 18 1250 3
1 1 1250 4
3 3 1113 4
17 3 253 12
17 17 253 4
16 8 1313 9
16 16 1313 1
16 6 535 5
16 16 535 4
2 2 1290 10
1 14 306 10
1 1 306 4
14 7 938 7
14 14 938 13
4 4 342 18
4 10 1272 12
4 4 1272 6
9 9 568 4
15 15 1370 1
13 13 1281 4
1 1 163 8
5 5 1168 36
12 5 530 13
12 12 530 4
8 9 1217 10
8 8 1217 1
8 8 427 2
14 7 698 1
14 14 698 9
0 0 1092 24
17 15 22 13
17 17 22 15
5 5 989 21
16 8 456 8
16 16 456 1
12 12 769 11
16 16 42 7
14 13 1116 13
14 14 1116 6
2 2 702 5
5 5 216 16
4 9 1104 13
4 4 1104 1
16 3 1216 3
16 16 1216 16
11 8 180 10
11 11 180 5
12 6 62 1
12 12 62 9
17 4 1388 2
17 17 1388 6
14 14 1353 8
8 8 910 23
12 12 828 36
14 13 1246 9
14 14 1246 1
14 1 274 7
14 14 274 6
16 0 669 1
16 16 669 12
6 6 1378 6
9 9 1023 13
11 11 975 1
11 1 402 12
11 11 402 3
14 9 1273 4
14 14 1273 1
17 17 292 11
15 18 295 2
15 15 295 1
4 9 38 9
4 4 38 6
8 9 855 5
8 8 855 1
6 6 395 3
11 5 649 8
11 11 649 9
11 12 92 6
11 11 92 4
11 4 483 6
11 11 483 1
12 0 1349 13
12 12 1349 13
19 19 854 19
8 4 806 1
8 8 806 13
11 4 742 12
11 11 742 11
16 16 1361 1
14 19 1186 2
14 14 1186 4
16 6 517 1
16 16 517 11
1 8 857 5
1 1 857 2
8 3 949 4
8 8 949 2
8 14 458 13
8 8 458 4
9 9 919 19
9 9 1277 11
11 9 314 3
11 11 314 1
17 5 652 4
17 17 652 5
13 8 1331 14
13 13 1331 32
18 18 1397 7
4 14 577 2
4 4 577 5
18 14 1349 12
18 18 1349 12
3 3 1381 2
4 12 1405 13
4 4 1405 1
10 10 872 9
11 18 395 13
11 11 395 3
13 13 99 13
16 8 104 5
16 16 104 1
17 17 285 7
1 16 944 9
1 1 944 7
15 13 361 6
15 15 361 15
18 2 891 6
18 18 891 1
6 6 1187 3
8 8 862 9
5 5 372 1
8 8 756 2
9 9 881 8
14 8 1364 11
14 14 1364 4
16 12 1005 8
16 16 1005 2
5 5 1151 13
1 16 1269 10
1 1 1269 14
4 0 871 9
4 4 871 6
3 3 761 9
5 5 13 8
5 9 645 4
5 5 645 11
10 7 135 10
10 10 135 2
10 10 373 21
15 15 682 2
1 15 850 9
1 1 850 7
6 2 1221 14
6 6 1221 8
3 18 1245 14
3 3 1245 12
9 9 595 8
9 9 1254 4
13 13 576 1
11 11 475 7
14 2 284 8
14 14 284 4
13 13 1324 7
13 13 1000 1
14 4 956 2
14 14 956 1
4 4 466 12
11 11 1021 7
12 5 274 12
12 12 274 20
10 0 286 3
10 10 286 9
5 5 207 8
5 5 1048 21
1 15 636 9
1 1 636 2
1 16 39 3
1 1 39 2
1 1 1373 5
4 10 735 5
4 4 735 4
5 5 162 16
5 5 381 15
9 9 167 3
10 7 319 9
10 10 319 18
14 3 1258 8
14 14 1258 2
16 17 1157 1
16 16 1157 1
14 12 574 7
14 14 574 5
2 6 94 9
2 2 94 8
8 1 1025 10
8 8 1025 5
9 15 48 12
9 9 48 3
9 2 1182 5
9 9 1182 21
10 5 1300 11
10 10 1300 1
14 8 1173 5
14 14 1173 1
12 7 624 13
12 12 624 13
16 16 174 5
1 1 683 2
2 2 570 17
4 1 1021 2
4 4 1021 3
5 5 543 8
7 7 1089 1
12 12 186 2
17 17 811 18
14 14 856 3
8 8 1277 3
11 1 1176 3
11 11 1176 4
8 8 1322 2
13 13 1210 2
15 15 1071 5
16 10 391 3
16 16 391 5
18 13 96 3
18 18 96 3
18 18 557 25
6 6 742 8
8 8 641 4
18 18 299 5
9 9 867 8
16 9 987 10
16 16 987 3
1 3 819 1
1 1 819 1
0 0 1386 5
19 19 877 2
5 5 834 50
15 7 1214 7
15 15 1214 5
11 1 1350 13
11 11 1350 1
16 6 1350 9
16 16 1350 5
12 12 623 1
15 0 1229 7
15 15 1229 3
15 8 119 7
15 15 119 7
0 4 980 1
0 0 980 17
8 19 1045 13
8 8 1045 4
13 13 836 3
14 17 181 7
14 14 181 2
15 15 297 12
15 13 228 2
15 15 228 4
0 8 30 14
0 0 30 16
1 17 128 8
1 1 128 6
3 3 462 16
4 4 1414 4
8 13 569 8
8 8 569 5
5 5 937 5
7 7 949 24
10 10 1137 7
15 19 1076 10
15 15 1076 1
15 6 995 9
15 15 995 5
14 14 665 13
2 2 161 1
14 14 968 3
6 19 729 14
6 6 729 13
17 12 641 10
17 17 641 2
8 14 1021 1
8 8 1021 4
14 14 471 4
17 14 401 6
17 17 401 17
1 2 820 8
1 1 820 5
1 2 1240 1
1 1 1240 10
6 6 189 29
10 6 615 9
10 10 615 6
11 10 201 10
11 11 201 6
14 14 326 3
16 6 730 12
16 16 730 2
1 14 677 10
1 1 677 6
2 15 963 5
2 2 963 7
5 5 1016 6
4 13 995 6
4 4 995 9
7 7 797 4
10 10 315 4
16 7 358 14
16 16 358 8
17 17 360 2
4 17 549 1
4 4 549 6
8 8 1259 5
8 12 117 13
8 8 117 3
10 1 780 6
10 10 780 30
14 16 761 14
14 14 761 5
17 9 881 8
17 17 881 2
10 10 1144 2
12 12 319 17
1 16 1139 9
1 1 1139 1
15 5 1000 10
15 15 1000 3
15 6 666 10
15 15 666 16
18 16 82 4
18 18 82 3
1 15 1184 12
1 1 1184 6
4 14 1 12
4 4 1 2
15 15 840 7
10 10 671 1
10 13 296 11
10 10 296 3
14 14 21 4
15 15 1186 1
15 15 468 5
19 19 1191 4
18 18 1147 2
3 3 587 3
8 18 286 13
8 8 286 1
10 2 981 8
10 10 981 5
11 11 1396 1
11 6 827 7
11 11 827 1
14 15 1134 1
14 14 1134 3
13 13 361 6
14 16 329 10
14 14 329 4
2 2 1275 15
1 1 353 1
2 2 986 3
1 10 1090 14
1 1 1090 2
4 2 1225 14
4 4 1225 13
12 12 651 7
8 8 588 19
16 16 802 10
15 15 234 9
6 6 1353 2
16 3 614 3
16 16 614 6
4 5 1368 4
4 4 1368 6
0 0 851 14
17 5 1124 2
17 17 1124 16
15 9 1009 11
15 15 1009 1
13 13 1046 26
0 0 342 14
1 9 600 10
1 1 600 5
1 4 1209 6
1 1 1209 1
8 16 1324 12
8 8 1324 6
6 6 715 10
10 10 211 8
6 6 1405 8
14 19 417 4
14 14 417 6
16 14 960 11
16 16 960 11
18 18 988 16
0 0 1188 17
3 3 730 28
4 8 1057 12
4 4 1057 4
12 12 207 19
15 15 1389 15
13 13 354 4
17 17 713 10
16 13 607 2
16 16 607 1
18 16 162 6
18 18 162 1
1 19 378 1
1 1 378 4
2 2 981 5
19 19 1009 18
8 15 607 5
8 8 607 1
8 4 404 9
8 8 404 1
14 4 707 8
14 14 707 6
15 6 243 10
15 15 243 3
18 18 766 1
14 1 1017 1
14 14 1017 4
4 2 555 11
4 4 555 10
4 19 96 8
4 4 96 6
8 1 558 3
8 8 558 11
4 8 1351 8
4 4 1351 3
10 9 830 1
10 10 830 21
11 12 587 13
11 11 587 16
10 18 1130 2
10 10 1130 7
15 7 1022 10
15 15 1022 4
16 15 936 6
16 16 936 3
2 2 1044 46
0 0 1362 24
1 13 1202 10
1 1 1202 2
3 3 528 1
8 16 872 12
8 8 872 1
10 10 641 17
11 11 1301 1
11 13 111 4
11 11 111 3
15 18 1200 9
15 15 1200 3
15 17 623 12
15 15 623 9
15 15 474 5
2 5 61 11
2 2 61 4
6 12 166 5
6 6 166 23
19 10 1268 4
19 19 1268 36
16 3 586 1
16 16 586 3
18 18 408 6
4 11 277 11
4 4 277 4
6 6 1004 17
4 4 1215 1
4 18 399 1
4 4 399 3
9 10 1036 7
9 9 1036 2
0 0 138 13
16 13 1073 7
16 16 1073 6
15 15 854 5
15 8 269 4
15 15 269 4
4 4 1358 6
11 11 474 1
12 0 1214 7
12 12 1214 28
1 12 999 1
1 1 999 2
18 18 959 3
15 9 440 12
15 15 440 7
2 2 718 3
5 5 1122 1
13 13 1227 11
8 14 676 3
8 8 676 9
16 2 105 14
16 16 105 1
15 15 35 2
1 1 475 6
2 2 459 3
4 12 816 6
4 4 816 2
4 4 141 2
18 18 1231 16
7 7 240 26
11 2 245 3
11 11 245 6
14 8 1091 14
14 14 1091 3
17 16 630 9
17 17 630 5
15 15 814 2
16 15 589 6
16 16 589 3
1 9 641 4
1 1 641 1
1 1 372 5
18 18 1322 18
19 19 584 1
8 8 386 9
10 16 490 9
10 10 490 6
9 9 610 2
11 11 322 6
15 18 266 4
15 15 266 3
16 15 732 6
16 16 732 2
1 10 229 3
1 1 229 12
1 15 1299 4
1 1 1299 3
4 16 537 8
4 4 537 4
3 3 531 6
5 5 315 24
11 9 633 3
11 11 633 1
10 9 1052 12
10 10 1052 17
16 4 465 13
16 16 465 2
13 13 1025 21
19 19 1106 27
1 18 22 4
1 1 22 9
2 2 156 5
4 4 680 2
8 0 790 9
8 8 790 8
9 9 649 3
9 9 1372 8
14 14 1292 1
14 14 442 5
6 6 229 3
0 0 799 12
16 2 1237 4
16 16 1237 2
4 4 831 7
8 3 1104 9
8 8 1104 1
9 9 1064 9
10 15 969 8
10 10 969 12
11 2 1424 10
11 11 1424 1
11 15 807 9
11 11 807 10
11 18 234 11
11 11 234 11
14 14 1098 1
16 16 255 2
15 3 89 5
15 15 89 9
1 10 666 2
1 1 666 4
4 1 1400 7
4 4 1400 5
1 16 874 10
1 1 874 1
10 11 46 7
10 10 46 22
11 11 379 4
17 17 333 2
16 16 723 3
16 14 892 12
16 16 892 2
4 16 93 14
4 4 93 3
5 5 292 15
8 17 24 13
8 8 24 7
10 6 356 4
10 10 356 4
15 8 1054 9
15 15 1054 1
15 0 601 4
15 15 601 1
4 11 830 8
4 4 830 1
4 9 663 10
4 4 663 12
6 5 1122 6
6 6 1122 26
5 9 768 11
5 5 768 10
1 1 845 5
11 8 1336 5
11 11 1336 2
14 18 86 13
14 14 86 12
15 5 1167 1
15 15 1167 4
15 19 49 14
15 15 49 3
19 19 489 14
4 0 806 10
4 4 806 1
4 4 371 9
16 2 246 2
16 16 246 1
9 17 539 5
9 9 539 7
16 4 92 13
16 16 92 12
15 6 215 5
15 15 215 9
2 2 1097 42
8 6 1205 10
8 8 1205 10
8 19 31 4
8 8 31 4
10 18 722 6
10 10 722 3
16 5 1205 12
16 16 1205 10
16 16 463 2
18 18 629 16
18 6 1086 7
18 18 1086 10
6 6 385 10
7 13 78 6
7 7 78 8
11 14 1329 2
11 11 1329 7
12 12 1005 3
15 19 579 6
15 15 579 2
13 13 896 21
4 11 1223 12
4 4 1223 1
18 18 1105 24
3 3 1266 4
8 3 296 13
8 8 296 7
17 17 241 2
19 3 607 7
19 19 607 8
5 5 791 3
8 8 1069 3
8 8 439 1
11 11 1096 6
7 7 1158 1
15 4 938 13
15 15 938 2
14 4 678 2
14 14 678 1
6 6 676 1
6 6 1229 1
7 7 54 2
7 7 1021 11
7 7 1352 20
11 1 51 1
11 11 51 2
7 3 895 14
7 7 895 1
15 17 987 8
15 15 987 5
1 14 438 4
1 1 438 8
6 0 673 6
6 6 673 3
14 14 1196 11
2 6 1337 5
2 2 1337 9
19 19 503 2
4 13 788 6
4 4 788 2
12 12 663 11
8 1 303 8
8 8 303 2
19 19 1203 11
7 7 212 12
11 11 1415 8
3 3 758 3
15 15 933 4
13 13 237 23
16 6 228 1
16 16 228 11
15 15 180 6
0 12 46 14
0 0 46 20
18 18 837 12
6 6 1273 54
3 3 949 4
8 15 446 1
8 8 446 4
7 7 414 14
8 16 1256 7
8 8 1256 3
11 11 366 13
14 5 681 2
14 14 681 6
18 18 724 1
1 11 1407 6
1 1 1407 2
8 1 1390 13
8 8 1390 3
10 8 708 2
10 10 708 7
15 3 896 2
15 15 896 1
12 1 780 3
12 12 780 4
15 5 544 7
15 15 544 4
16 16 1355 6
19 19 1134 15
0 0 1254 23
1 6 1256 7
1 1 1256 3
4 18 652 5
4 4 652 6
4 14 217 9
4 4 217 11
8 8 156 5
11 6 185 4
11 11 185 1
14 18 1207 4
14 14 1207 1
15 7 1327 14
15 15 1327 11
14 13 406 5
14 14 406 1
14 14 971 4
0 0 438 20
12 12 1383 35
0 0 1173 15
15 13 98 14
15 15 98 3
4 18 787 3
4 4 787 1
4 2 360 3
4 4 360 2
8 0 897 11
8 8 897 13
6 3 124 10
6 6 124 12
11 15 278 4
11 11 278 6
13 13 230 6
14 14 204 3
14 14 257 17
2 2 1187 4
4 4 1035 3
18 8 1289 12
18 18 1289 13
2 2 898 3
11 10 976 5
11 11 976 17
16 17 1035 7
16 16 1035 8
14 17 127 1
14 14 127 5
18 18 441 3
1 6 535 10
1 1 535 2
1 3 218 13
1 1 218 3
6 6 1215 1
3 2 971 10
3 3 971 3
8 9 767 12
8 8 767 2
5 6 979 4
5 5 979 3
9 9 138 9
11 11 1239 9
11 9 666 6
11 11 666 7
14 10 1344 11
14 14 1344 1
14 12 494 1
14 14 494 1
17 10 442 8
17 17 442 8
2 2 1432 2
1 5 384 12
1 1 384 2
15 2 813 6
15 15 813 1
0 0 1277 2
16 16 316 5
13 13 142 31
16 13 681 14
16 16 681 3
3 16 1257 14
3 3 1257 9
10 16 122 5
10 10 122 4
12 12 1129 8
17 8 657 9
17 17 657 5
15 15 186 4
1 12 162 2
1 1 162 1
18 10 1280 13
18 18 1280 9
4 12 604 2
4 4 604 15
3 10 492 6
3 3 492 6
8 8 1218 7
11 11 969 4
16 16 1026 6
13 13 112 3
14 3 70 10
14 14 70 10
15 6 380 5
15 15 380 6
15 2 292 11
15 15 292 3
18 18 1171 17
12 10 403 3
12 12 403 8
4 4 739 9
8 6 849 14
8 8 849 1
4 4 1311 1
10 10 758 18
10 10 259 3
15 8 540 13
15 15 540 2
14 5 554 13
14 14 554 1
1 6 76 2
1 1 76 15
4 17 1105 6
4 4 1105 15
17 15 806 14
17 17 806 5
14 13 1153 1
14 14 1153 4
3 3 14 3
6 6 220 1
17 0 160 5
17 17 160 4
7 7 372 39
10 19 101 13
10 10 101 11
12 12 731 38
15 12 635 2
15 15 635 10
14 1 836 2
14 14 836 8
1 11 187 6
1 1 187 16
14 9 1009 14
14 14 1009 3
3 4 30 1
3 3 30 11
1 1 928 13
8 6 1225 5
8 8 1225 14
11 11 1140 3
11 11 405 2
13 13 1279 2
1 1 609 12
18 18 705 10
0 0 1116 7
15 13 1144 7
15 15 1144 3
6 6 1372 6
8 6 856 6
8 8 856 4
3 8 1420 4
4 8 1286 1
4 4 1286 4
9 9 180 26
11 2 1221 4
11 11 1221 6
10 13 1069 14
10 10 1069 9
15 15 575 1
16 16 1015 11
10 10 188 4
8 10 1426 12
8 8 1426 1
16 16 1362 3
15 17 1338 8
15 15 1338 10
15 1 684 14
15 15 684 5
18 18 790 6
7 7 270 11
17 17 1183 1
17 13 1349 14
17 17 1349 15
4 3 325 10
4 4 325 8
3 3 1239 3
11 11 886 5
17 16 723 11
17 17 723 12
10 10 1047 5
17 17 643 6
15 0 1302 7
15 15 1302 1
1 1 713 2
18 18 681 12
3 11 327 1
3 3 327 8
5 5 1372 7
8 12 1264 3
8 8 1264 6
5 1 482 6
5 5 482 49
4 4 1406 2
9 3 300 5
9 9 300 17
14 9 80 7
14 14 80 6
1 1 951 1
0 0 185 7
1 7 45 9
1 1 45 7
4 12 46 4
4 4 46 25
6 6 830 4
14 2 250 8
14 14 250 4
16 4 1338 6
16 16 1338 4
15 7 516 12
15 15 516 13
11 11 798 3
12 12 45 5
17 2 1184 2
17 17 1184 3
16 16 168 6
16 1 637 4
16 16 637 2
2 2 1300 1
1 13 260 14
1 1 260 11
2 1 1015 13
2 2 1015 9
4 0 1238 4
4 4 1238 3
9 9 452 4
11 10 1045 2
11 11 1045 12
10 10 23 13
7 7 1099 2
12 12 188 11
13 13 1323 1
19 19 210 12
11 0 1020 14
11 11 1020 1
13 16 411 14
13 13 411 15
15 1 924 4
15 15 924 3
16 8 854 1
16 16 854 5
19 19 1058 10
14 0 1050 9
14 14 1050 3
9 9 889 3
12 12 85 12
16 10 1158 7
16 16 1158 16
14 16 458 9
14 14 458 5
1 13 825 14
1 1 825 2
1 3 1229 10
1 1 1229 2
4 11 879 4
4 4 879 4
13 13 1363 3
6 14 639 7
6 6 639 3
8 8 362 3
9 9 714 24
10 3 1301 14
10 10 1301 17
15 2 1288 13
15 15 1288 9
16 1 119 4
16 16 119 8
2 2 389 1
3 2 443 4
3 3 443 3
11 11 1034 4
9 12 603 12
9 9 603 6
10 8 440 13
10 10 440 10
14 13 179 9
14 14 179 2
17 17 192 6
1 15 731 13
1 1 731 1
16 19 33 8
16 16 33 1
3 14 456 1
3 3 456 6
4 17 1388 6
4 4 1388 2
11 19 1013 14
11 11 1013 3
11 9 440 5
11 11 440 2
13 2 969 9
13 13 969 31
14 10 34 2
14 14 34 10
0 0 764 8
3 3 1025 5
8 15 845 9
8 8 845 4
10 10 295 1
11 16 703 4
11 11 703 3
12 12 76 9
1 9 818 9
1 1 818 1
6 6 155 3
19 19 441 4
8 8 273 3
6 6 1195 4
15 15 1297 2
12 12 949 12
14 5 380 1
14 14 380 9
15 14 118 7
15 15 118 1
7 7 701 31
1 4 1420 1
1 1 1420 1
2 3 562 12
2 2 562 4
8 2 939 7
8 8 939 1
17 19 1154 5
17 17 1154 4
11 15 925 12
11 11 925 7
11 9 288 9
11 11 288 2
6 6 555 6
15 18 1414 13
15 15 1414 2
16 10 352 8
16 16 352 1
14 8 751 5
14 14 751 1
17 16 303 13
17 17 303 30
1 0 732 5
1 1 732 1
4 3 449 13
4 4 449 2
11 6 551 4
11 11 551 6
15 15 1079 14
2 17 190 2
2 2 190 2
8 6 884 3
8 8 884 3
3 3 880 17
9 9 875 6
9 9 1342 6
16 12 1327 7
16 16 1327 1
16 0 1268 11
16 16 1268 2
15 1 462 13
15 15 462 6
1 8 779 3
1 1 779 4
4 5 170 8
4 4 170 1
10 4 177 6
10 10 177 11
11 8 773 4
11 11 773 11
12 12 615 8
13 13 367 5
16 10 157 4
16 16 157 2
17 6 664 5
17 17 664 4
0 0 103 12
5 5 1286 3
4 0 1004 14
4 4 1004 1
15 7 897 2
15 15 897 27
18 14 243 12
18 18 243 1
15 2 890 11
15 15 890 6
16 4 812 6
16 16 812 2
16 16 753 1
3 3 909 22
19 19 621 14
14 4 1414 12
14 14 1414 4
16 16 502 10
17 17 504 3
0 0 133 5
1 19 1191 4
1 1 1191 10
1 1 582 4
8 8 891 2
6 6 794 1
5 15 802 12
5 5 802 16
10 10 668 3
11 8 1254 5
11 11 1254 2
9 9 609 1
14 13 1276 9
14 14 1276 8
3 2 1195 14
3 3 1195 24
8 4 287 14
8 8 287 1
19 19 1195 8
11 11 826 1
11 5 193 4
11 11 193 3
12 12 939 10
16 16 601 6
0 0 126 7
18 6 1342 13
18 18 1342 7
1 16 1089 7
1 1 1089 1
15 7 199 13
15 15 199 16
3 3 1336 44
10 5 11 2
10 10 11 12
14 6 132 8
14 14 132 8
15 15 318 14
14 13 818 2
14 14 818 3
18 18 1361 18
15 15 63 2
3 1 104 5
3 3 104 23
6 6 898 6
15 17 952 14
15 15 952 3
19 19 1086 20
1 9 607 5
1 1 607 2
1 8 1208 10
1 1 1208 1
4 17 700 13
4 4 700 4
6 9 1327 1
6 6 1327 7
15 5 609 11
15 15 609 1
14 14 539 2
14 5 337 2
14 14 337 20
16 0 592 9
16 16 592 9
18 3 163 13
18 18 163 3
1 1 377 1
11 3 583 4
11 11 583 4
8 8 1301 5
8 11 405 14
8 8 405 7
9 9 956 21
11 11 896 5
11 11 343 4
12 1 351 2
12 12 351 21
13 13 39 9
14 8 143 13
14 14 143 7
14 5 821 13
14 14 821 2
18 18 767 5
3 18 548 9
3 3 548 11
0 0 1059 33
8 17 100 10
8 8 100 1
15 3 1026 8
15 15 1026 8
9 0 861 4
9 9 861 6
15 8 436 4
15 15 436 4
1 1 1201 1
8 7 873 5
8 8 873 1
8 19 702 10
8 8 702 4
8 8 243 2
10 3 219 11
10 10 219 9
11 7 731 10
11 11 731 11
17 17 1261 2
12 12 1303 2
15 11 37 12
15 15 37 12
1 1 994 5
2 13 497 14
2 2 497 36
12 12 199 8
13 13 207 13
15 19 800 3
15 15 800 11
17 17 705 8
4 16 985 5
4 4 985 8
4 4 1208 4
11 13 68 14
11 11 68 7
7 7 1181 23
3 3 614 3
13 13 917 4
14 2 150 11
14 14 150 28
17 17 165 13
0 0 648 4
19 19 691 1
4 9 531 1
4 4 531 6
4 12 104 9
4 4 104 1
8 8 1153 4
5 5 908 29
14 5 1 4
14 14 1 12
14 16 1053 8
14 14 1053 23
15 16 451 1
15 15 451 7
1 1 1162 12
3 3 231 34
5 18 247 7
5 5 247 6
6 6 783 4
11 2 1293 7
11 11 1293 5
11 8 720 13
11 11 720 2
11 17 103 5
11 11 103 8
14 14 1233 5
16 13 1232 6
16 16 1232 5
12 12 961 13
14 8 432 7
14 14 432 2
14 10 997 2
14 14 997 2
6 6 140 4
1 14 474 8
1 1 474 1
19 19 913 31
6 6 158 6
11 11 801 4
14 17 238 3
14 14 238 7
19 19 1322 41
2 3 932 9
2 2 932 14
5 5 1283 3
8 12 1081 4
8 8 1081 8
6 19 996 11
6 6 996 8
9 15 283 14
9 9 283 14
10 10 36 2
5 12 756 13
5 5 756 6
18 18 753 3
1 5 1298 2
1 1 1298 1
16 18 704 1
16 16 704 3
6 6 887 11
8 7 18 13
8 8 18 3
9 9 831 15
7 7 1372 36
14 9 1378 2
14 14 1378 12
12 12 873 20
14 6 637 5
14 14 637 2
1 1 1023 2
0 0 865 15
6 10 1028 1
6 6 1028 10
9 9 245 11
11 5 1282 4
11 11 1282 6
14 14 1293 2
3 3 816 3
13 13 372 7
14 4 1099 1
14 14 1099 1
15 17 822 11
15 15 822 15
16 8 581 7
16 16 581 5
1 12 665 13
1 1 665 1
12 12 306 13
14 8 951 2
14 14 951 2
4 14 260 14
4 4 260 8
17 17 833 34
9 9 1085 6
16 11 1056 1
16 16 1056 5
13 13 82 2
17 17 1017 4
2 15 229 3
2 2 229 3
8 3 1402 11
8 8 1402 9
5 2 1022 11
5 5 1022 8
10 18 1028 10
10 10 1028 1
16 13 1215 12
16 16 1215 1
12 12 864 9
17 17 906 13
15 19 387 2
15 15 387 12
19 19 379 10
16 17 578 12
16 16 578 3
17 7 885 13
17 17 885 18
8 7 798 3
8 8 798 1
4 4 1143 7
9 11 1348 12
9 9 1348 11
13 13 308 6
15 9 581 14
15 15 581 10
17 17 110 10
1 19 865 8
1 1 865 9
15 15 407 4
4 4 807 5
4 14 380 9
4 4 380 4
6 6 136 4
7 7 282 36
16 0 1416 11
16 16 1416 3
14 14 248 2
16 11 247 12
16 16 247 8
1 10 658 13
1 1 658 3
8 13 1063 9
8 8 1063 6
3 3 1309 6
7 7 1341 11
16 16 1063 7
15 15 940 2
15 17 283 9
15 15 283 2
17 17 136 8
0 0 192 4
16 7 1007 14
16 16 1007 8
1 1 1388 7
4 0 402 6
4 4 402 7
7 7 56 7
11 11 1112 8
18 11 465 10
18 18 465 46
3 3 25 5
0 0 670 9
2 2 728 8
4 4 1150 6
6 15 1384 5
6 6 1384 4
15 15 610 2
14 14 389 7
14 14 1022 10
18 5 367 6
18 18 367 9
1 1 301 5
2 10 469 3
2 2 469 14
2 6 587 12
2 2 587 26
9 9 445 7
8 8 1197 6
15 15 1353 1
18 18 254 16
3 16 504 8
3 3 504 4
3 3 847 11
8 16 611 13
8 8 611 7
4 15 1180 7
4 4 1180 1
3 3 902 2
14 2 398 1
14 14 398 4
14 14 679 1
1 1 516 9
3 3 267 17
4 4 409 4
5 5 277 9
4 0 1315 11
4 4 1315 5
10 7 1078 11
10 10 1078 1
15 15 1135 7
15 5 986 3
15 15 986 1
17 7 62 1
17 17 62 19
18 18 621 8
2 2 102 1
1 13 1174 6
1 1 1174 5
3 3 1133 13
8 19 321 14
8 8 321 2
10 13 685 8
10 10 685 1
15 15 1313 14
17 17 1218 13
14 11 396 2
14 14 396 1
16 14 539 2
16 16 539 2
0 0 997 6
2 4 25 5
2 2 25 3
6 6 444 16
19 19 300 5
6 6 561 2
8 4 464 2
8 8 464 1
10 8 73 12
10 10 73 1
12 15 226 8
12 12 226 1
13 13 236 1
1 16 343 2
1 1 343 1
19 19 176 10
19 19 615 6
5 1 1383 14
5 5 1383 20
8 17 618 11
8 8 618 6
8 17 871 12
8 8 871 1
15 3 632 3
15 15 632 1
16 16 884 1
18 5 725 6
18 18 725 1
19 19 724 19
4 2 766 7
4 4 766 4
4 12 75 1
4 4 75 17
4 8 384 2
4 4 384 9
5 5 286 6
7 7 1013 8
14 13 1406 6
14 14 1406 6
12 12 1370 13
1 14 398 6
1 1 398 2
19 19 837 17
17 17 428 7
8 8 819 8
4 10 1132 5
4 4 1132 6
17 18 439 2
17 17 439 3
14 14 407 9
15 15 15 20
18 2 1228 8
18 18 1228 3
15 15 1147 4
10 10 112 9
9 9 1224 3
0 7 619 10
0 0 619 7
17 3 435 11
17 17 435 4
4 16 598 10
4 4 598 6
3 13 1392 1
3 3 1392 21
8 8 422 3
9 9 1113 4
12 12 693 25
15 15 955 11
4 14 1140 9
4 4 1140 3
1 1 1399 4
8 8 1195 2
8 0 736 2
8 8 736 9
5 5 978 1
9 9 860 1
14 15 1345 8
14 14 1345 7
14 19 495 10
14 14 495 1
0 0 836 15
3 3 305 4
15 12 1003 8
15 15 1003 6
10 10 232 6
14 4 1215 2
14 14 1215 5
17 17 1385 3
13 13 344 10
12 12 98 15
6 4 223 11
6 6 223 3
1 4 1041 2
1 1 1041 22
15 15 255 6
13 13 426 2
7 7 197 15
11 9 891 1
11 11 891 5
14 11 447 6
14 14 447 9
18 18 235 8
8 2 429 10
8 8 429 2
1 1 1285 1
10 10 1104 5
16 16 413 10
14 0 696 11
14 14 696 1
2 2 192 37
1 14 1352 11
1 1 1352 7
4 1 748 8
4 4 748 1
8 14 850 6
8 8 850 1
6 11 845 3
6 6 845 3
5 5 987 2
9 9 178 2
11 11 658 2
14 13 1352 14
14 14 1352 1
17 11 623 11
17 17 623 6
14 14 555 19
2 2 1424 8
2 2 700 2
4 7 883 13
4 4 883 9
5 5 657 9
13 13 763 3
12 12 581 5
16 16 512 5
1 1 838 2
18 18 796 4
2 2 441 1
0 0 1123 7
1 1 1130 9
4 6 770 13
4 4 770 10
7 7 281 1
4 6 1249 14
4 4 1249 1
14 4 866 13
14 14 866 2
17 17 649 3
1 1 759 3
1 6 186 3
1 1 186 1
4 4 1320 4
16 12 412 1
16 16 412 1
7 7 851 19
17 8 1420 13
17 17 1420 17
4 3 32 9
4 4 32 5
8 8 750 1
8 4 35 9
8 8 35 8
9 9 846 1
15 14 818 14
15 15 818 2
14 14 1363 1
16 9 1000 7
16 16 1000 2
4 17 1006 11
4 4 1006 10
8 17 1427 10
8 8 1427 6
6 6 642 25
5 5 666 3
17 4 1076 2
17 17 1076 8
19 11 565 7
19 19 565 5
14 18 1161 7
14 14 1161 4
16 11 897 4
16 16 897 16
10 6 992 3
10 10 992 5
8 1 1122 8
8 8 1122 4
8 18 951 6
8 8 951 2
7 7 1101 12
12 12 723 5
16 11 193 3
16 16 193 2
14 9 844 3
14 14 844 6
5 5 241 6
17 6 221 5
17 17 221 10
3 3 1383 9
11 17 347 3
11 11 347 1
16 15 1424 7
16 16 1424 5
12 12 674 4
17 6 968 10
17 17 968 23
0 0 632 11
1 8 633 8
1 1 633 3
19 19 752 11
10 15 306 8
10 10 306 9
12 12 1085 22
12 11 817 9
12 12 817 5
13 13 1096 17
4 4 1122 6
1 13 490 5
1 1 490 12
1 3 93 4
1 1 93 12
18 7 1096 5
18 18 1096 7
8 11 356 10
8 8 356 6
17 17 590 15
11 2 1354 4
11 11 1354 4
11 5 785 6
11 11 785 1
15 5 1273 8
15 15 1273 11
2 2 1301 3
19 14 100 9
19 19 100 4
17 5 120 7
17 17 120 8
4 4 333 4
7 7 357 15
10 10 475 14
17 17 1021 13
9 9 1022 1
1 1 180 6
2 14 871 13
2 2 871 15
6 6 1362 7
10 3 121 12
10 10 121 1
9 9 1007 13
16 8 1365 14
16 16 1365 1
15 4 1056 5
15 15 1056 15
15 5 927 10
15 15 927 6
14 13 653 6
14 14 653 5
18 19 740 12
18 18 740 13
1 1 1363 10
8 0 1330 5
8 8 1330 1
8 6 839 9
8 8 839 4
10 1 736 11
10 10 736 4
11 2 697 3
11 11 697 4
16 2 998 1
16 16 998 2
0 0 1242 12
16 15 1174 12
16 16 1174 2
4 9 165 13
4 4 165 3
4 15 1103 3
4 4 1103 1
11 7 1347 5
11 11 1347 3
17 17 1176 7
19 19 109 5
1 19 1418 11
1 1 1418 2
19 19 983 9
5 5 1340 17
4 14 308 9
4 4 308 8
8 17 933 3
8 8 933 1
10 10 450 11
7 7 756 24
11 19 871 6
11 11 871 3
13 13 1176 4
5 5 1266 13
5 19 1357 6
5 5 1357 10
5 19 942 2
5 5 942 36
6 6 754 21
7 7 1232 22
1 1 1149 13
15 10 339 14
15 15 339 3
1 9 62 13
1 1 62 11
4 1 704 11
4 4 704 11
4 4 29 1
8 7 216 8
8 8 216 1
11 6 702 12
11 11 702 1
9 9 847 1
15 1 448 7
15 15 448 3
16 11 648 10
16 16 648 6
2 2 87 7
19 19 879 18
4 0 172 13
4 4 172 7
5 5 58 14
4 4 1078 1
7 7 145 52
14 1 207 11
14 14 207 4
14 19 1122 11
14 14 1122 12
11 13 482 14
11 11 482 1
16 18 620 9
16 16 620 4
19 19 114 9
4 15 307 7
4 4 307 1
8 8 940 6
4 0 1221 3
4 4 1221 2
10 14 461 8
10 10 461 1
11 11 291 21
16 16 34 8
16 16 353 5
14 14 748 2
16 0 763 1
16 16 763 3
18 18 659 22
0 11 1418 7
0 0 1418 9
1 1 1340 10
4 16 568 3
4 4 568 8
4 4 117 11
8 8 112 1
11 16 550 10
11 11 550 1
16 4 1126 2
16 16 1126 1
13 13 396 3
2 2 1033 11
3 3 1044 69
6 16 800 2
6 6 800 20
10 10 658 4
11 17 1248 5
11 11 1248 1
11 17 695 5
11 11 695 2
14 2 1274 1
14 14 1274 1
14 11 336 13
14 14 336 1
14 14 469 2
4 4 1128 4
4 15 171 9
4 4 171 1
4 2 1085 6
4 4 1085 8
4 16 1418 1
4 4 1418 3
10 10 1284 8
15 6 1236 1
15 15 1236 8
14 6 1191 4
14 14 1191 1
14 14 953 3
15 7 265 5
15 15 265 1
1 17 366 7
1 1 366 6
19 19 123 28
4 4 1005 1
15 10 837 14
15 15 837 3
16 19 754 14
16 16 754 2
1 1 724 5
15 15 60 3
6 17 904 2
6 6 904 18
11 10 607 4
11 11 607 3
11 0 994 9
11 11 994 12
17 17 1121 3
15 15 417 3
1 7 914 12
1 1 914 12
2 2 1024 9
18 16 541 14
18 18 541 16
1 1 1190 1
4 4 107 6
4 6 3 8
4 4 3 11
6 11 795 6
6 6 795 4
17 16 1231 11
17 17 1231 14
5 5 567 53
17 17 335 15
15 15 1196 4
14 14 476 6
16 5 971 7
16 16 971 11
1 19 502 1
1 1 502 2
2 2 658 13
5 17 1414 4
9 9 41 6
9 9 1207 10
13 4 220 8
13 13 220 10
16 5 149 13
16 16 149 1
4 11 1026 2
4 4 1026 9
4 10 980 6
4 4 980 1
4 8 289 3
4 4 289 1
13 13 358 3
15 15 1431 1
15 11 313 7
15 15 313 1
18 2 645 13
18 18 645 12
13 14 265 9
13 13 265 9
19 19 676 2
3 3 574 13
6 6 1342 11
8 8 553 3
8 8 126 7
9 9 779 1
18 17 414 14
18 18 414 23
11 12 430 9
11 11 430 10
14 14 1422 7
12 15 893 3
12 12 893 7
14 6 52 4
14 14 52 11
1 7 1003 10
1 1 1003 15
18 15 1340 8
18 18 1340 1
8 18 205 14
8 8 205 5
19 13 194 13
19 19 194 16
14 5 1220 3
14 14 1220 13
16 16 1251 1
12 10 1305 13
12 12 1305 29
15 15 479 4
1 12 772 12
1 1 772 7
17 15 243 12
17 17 243 3
4 2 153 9
4 4 153 12
5 10 21 2
5 5 21 33
10 10 986 6
9 12 82 3
9 9 82 5
0 4 85 7
0 0 85 18
14 10 1143 1
14 14 1143 6
12 12 534 47
12 8 931 9
12 12 931 8
15 10 657 8
15 15 657 9
17 8 18 5
17 17 18 4
1 2 693 14
1 1 693 1
4 15 1202 4
4 4 1202 1
14 14 140 3
13 13 1212 5
3 3 80 14
8 19 1179 12
8 8 1179 6
8 1 720 4
8 8 720 1
8 1 101 4
8 8 101 1
14 14 125 2
9 9 780 31
14 14 63 3
17 0 489 10
17 17 489 5
11 11 725 1
6 6 1151 14
8 11 874 12
8 8 874 10
5 6 344 10
5 5 344 15
6 17 350 14
6 6 350 4
12 12 113 17
16 16 1242 9
17 17 1260 1
14 4 430 6
14 14 430 2
17 1 358 14
17 17 358 2
2 2 462 7
4 16 128 7
4 4 128 1
6 17 164 1
6 6 164 2
12 12 525 2
3 3 1380 1
5 5 1305 6
3 19 1321 1
3 3 1321 1
15 18 848 1
15 15 848 6
16 16 786 7
17 19 164 12
17 17 164 1
19 19 1429 2
2 2 272 1
4 4 105 2
8 4 727 12
8 8 727 6
16 2 239 10
16 16 239 4
8 17 1173 3
8 8 1173 5
11 11 578 2
2 15 1090 13
2 2 1090 1
10 10 1043 4
12 13 294 6
12 12 294 12
15 15 1034 6
16 11 476 11
16 16 476 13
17 12 482 4
17 17 482 7
18 18 957 2
19 19 803 4
4 4 675 3
10 10 694 1
5 5 5 8
16 17 758 6
16 16 758 2
17 17 1253 4
16 16 107 9
16 16 560 11
1 8 473 12
1 1 473 1
2 1 50 8
2 2 50 1
4 4 818 12
4 10 143 8
4 4 143 7
8 0 992 5
8 8 992 10
3 3 898 4
13 13 199 8
14 3 288 2
14 14 288 11
14 14 917 3
19 19 151 4
19 19 586 21
4 2 286 1
4 4 286 3
7 6 1173 14
7 7 1173 8
19 19 953 3
10 10 360 1
3 3 931 10
16 16 734 1
1 13 251 9
1 1 251 5
18 18 1211 17
1 11 1297 4
1 1 1297 1
3 3 94 3
16 9 1103 10
16 16 1103 8
11 11 1204 10
13 13 798 22
16 16 467 5
4 19 682 9
4 4 682 2
4 9 231 9
4 4 231 1
17 13 353 5
17 17 353 5
8 8 685 17
7 8 90 12
7 7 90 24
11 2 159 6
11 11 159 4
6 6 518 10
13 13 314 12
14 2 440 2
14 14 440 2
3 3 819 1
6 16 589 12
6 6 589 10
5 5 731 4
11 9 1426 5
11 11 1426 2
15 7 817 13
15 15 817 1
14 14 299 3
1 19 664 14
1 1 664 1
18 18 1315 7
6 11 1419 4
6 6 1419 1
6 6 33 4
15 10 1203 8
15 15 1203 3
5 5 310 5
10 9 1202 1
10 10 1202 9
12 12 658 5
15 15 285 2
17 9 150 13
17 17 150 6
18 13 824 12
18 18 824 7
10 4 1029 6
10 10 1029 5
17 17 905 1
15 13 386 10
15 15 386 1
17 17 373 19
1 1 109 10
1 1 1179 5
8 2 147 9
8 8 147 7
8 14 799 13
8 8 799 7
7 7 1221 11
11 2 1338 8
11 11 1338 9
16 15 1402 10
16 16 1402 1
13 13 307 1
1 7 134 3
1 1 134 15
12 12 411 2
4 4 800 2
8 10 291 5
8 8 291 1
18 18 270 13
7 7 224 16
10 19 68 8
10 10 68 5
11 17 862 5
11 11 862 9
14 17 1107 14
14 14 1107 9
14 14 721 12
18 18 849 4
4 4 951 6
4 2 268 4
4 4 268 9
6 6 983 12
8 0 434 4
8 8 434 5
16 19 1048 10
16 16 1048 2
14 5 104 9
14 14 104 5
15 15 282 1
14 2 790 4
14 14 790 22
1 1 245 6
4 4 1364 4
8 11 716 9
8 8 716 2
6 6 427 6
0 0 1298 11
11 11 617 9
12 6 1189 10
12 12 1189 25
16 15 918 6
16 16 918 12
2 13 1421 2
2 2 1421 3
0 0 880 18
0 0 271 18
10 15 1346 8
10 10 1346 5
14 14 1308 22
13 13 300 6
19 19 61 2
18 0 1103 13
18 18 1103 2
4 1 1329 11
4 4 1329 15
3 1 801 8
3 3 801 9
5 5 114 8
4 8 1038 11
4 4 1038 5
16 4 282 8
16 16 282 10
14 16 309 5
14 14 309 3
15 15 169 2
4 4 958 6
6 6 1413 6
4 14 1181 9
4 4 1181 21
7 7 878 14
11 0 932 9
11 11 932 3
18 2 89 13
18 18 89 7
16 16 425 1
16 19 894 12
16 16 894 3
16 16 707 4
10 2 74 5
10 10 74 27
18 18 731 4
18 18 1188 10
1 0 1380 6
1 1 1380 4
4 3 752 9
4 4 752 2
8 7 755 1
8 8 755 1
4 4 1324 1
17 19 903 10
17 17 903 2
18 18 1036 1
11 11 53 9
10 10 1079 17
14 16 1396 7
14 14 1396 1
13 13 468 5
14 14 482 7
2 2 103 16
6 17 232 14
6 6 232 1
7 7 65 13
8 6 1349 4
8 8 1349 3
15 15 1312 1
14 12 397 14
14 14 397 1
16 3 300 12
16 16 300 1
2 3 429 12
2 2 429 10
19 19 505 24
4 18 790 10
4 4 790 8
8 10 465 10
8 8 465 3
9 9 421 18
10 11 573 5
10 10 573 7
2 2 1194 15
17 8 958 12
17 17 958 1
19 19 810 27
12 12 227 11
14 17 496 11
14 14 496 27
14 16 203 10
14 14 203 1
14 14 316 1
18 18 835 2
5 5 396 36
4 17 1156 4
4 4 1156 1
17 17 995 7
14 14 687 9
18 18 444 21
2 2 1236 3
6 6 848 1
17 11 1295 7
17 17 1295 9
1 1 397 1
8 4 329 8
8 8 329 2
10 14 238 10
10 10 238 10
18 18 1168 3
12 12 925 6
14 14 404 2
4 19 362 6
4 4 362 6
10 5 1003 12
10 10 1003 1
17 17 1280 3
15 11 789 9
15 15 789 6
16 1 221 3
16 16 221 2
14 14 888 1
16 11 693 9
16 16 693 1
11 19 527 2
11 11 527 12
4 4 1061 9
16 16 423 2
16 9 876 5
16 16 876 4
2 2 819 9
5 5 432 50
10 2 717 4
10 10 717 5
10 10 262 21
11 11 35 2
17 17 629 1
1 1 73 3
0 0 1279 1
8 8 102 2
3 3 304 1
4 11 194 13
4 4 194 1
8 1 827 13
8 8 827 6
8 10 368 1
8 8 368 15
8 9 133 5
8 8 133 3
14 14 887 1
17 7 962 11
17 17 962 1
17 17 1384 1
9 9 819 8
19 19 1254 14
1 1 311 3
2 2 447 12
4 4 337 5
8 2 479 4
8 8 479 4
15 11 786 2
15 15 786 2
15 13 713 5
15 15 713 2
15 6 132 12
15 15 132 22
1 1 765 4
18 11 693 1
18 18 693 12
9 9 1091 18
15 18 126 13
15 15 126 6
4 14 939 14
4 4 939 4
10 3 869 11
10 10 869 3
17 19 1418 13
17 17 1418 2
0 0 941 18
14 6 697 3
14 14 697 1
18 10 123 14
18 18 123 15
1 6 1359 3
1 1 1359 1
4 7 749 7
4 4 749 3
8 18 1310 12
8 8 1310 12
8 8 851 1
6 6 834 11
7 7 31 23
18 18 1149 9
13 13 820 4
13 13 511 9
15 2 560 10
15 15 560 2
14 14 552 1
4 4 892 3
3 12 652 11
3 3 652 14
5 5 197 10
6 6 221 2
8 4 140 10
8 8 140 2
18 18 139 11
19 0 797 14
19 19 797 6
15 14 1258 2
15 15 1258 9
0 0 898 10
18 18 336 20
15 12 413 7
15 15 413 4
4 16 1250 2
4 4 1250 22
9 9 550 18
11 11 883 1
14 9 1078 7
14 14 1078 9
16 3 262 5
16 16 262 20
15 7 725 7
15 15 725 13
2 2 297 6
8 19 85 5
8 8 85 7
9 9 297 3
9 9 1020 1
11 17 407 11
11 11 407 12
16 1 1147 2
16 16 1147 1
17 17 1411 7
2 2 773 21
6 0 1199 6
6 6 1199 16
8 3 751 7
8 8 751 3
6 15 398 13
6 6 398 13
11 9 484 14
11 11 484 3
19 19 1159 29
1 19 400 5
1 1 400 7
1 11 91 7
1 1 91 1
8 12 179 9
8 8 179 11
2 2 1169 13
11 11 174 6
12 12 637 14
15 0 1267 13
15 15 1267 6
16 15 179 7
16 16 179 11
15 4 101 12
15 15 101 1
18 17 331 4
18 18 331 5
0 0 1335 27
3 3 335 4
3 3 770 18
6 0 103 12
6 6 103 21
7 7 826 4
10 0 1264 13
10 10 1264 7
1 1 455 3
15 15 864 24
14 12 280 14
14 14 280 4
8 8 1379 9
8 12 519 6
8 8 519 7
8 17 92 12
8 8 92 4
9 9 997 7
7 17 1302 6
7 7 1302 7
11 8 1017 13
11 11 1017 3
19 19 906 7
12 8 1256 3
12 12 1256 11
15 15 332 6
1 2 35 14
1 1 35 4
4 4 723 12
6 5 1190 14
6 6 1190 5
8 18 833 4
8 8 833 2
8 18 43 12
8 8 43 1
9 9 163 4
16 13 992 8
16 16 992 6
2 2 1379 4
1 1 92 1
3 3 295 9
11 12 784 12
11 11 784 1
16 10 815 12
16 16 815 1
17 8 1190 13
17 17 1190 12
14 14 368 4
14 3 933 11
14 14 933 5
5 5 531 12
10 10 472 3
8 8 190 15
14 13 739 7
14 14 739 8
16 16 654 3
14 19 614 1
14 14 614 4
1 1 1313 27
4 3 587 3
4 4 587 11
8 0 1273 8
8 8 1273 4
8 11 526 13
8 8 526 5
7 7 501 27
11 3 1124 9
11 11 1124 5
17 0 476 5
17 17 476 6
9 9 1140 16
14 5 658 11
14 14 658 1
1 14 910 7
1 1 910 3
14 6 1247 10
14 14 1247 6
8 6 1331 8
8 8 1331 3
17 12 231 7
17 17 231 10
6 5 823 5
6 6 823 7
8 6 210 11
8 8 210 6
15 2 974 12
15 15 974 3
15 11 1104 8
15 15 1104 2
14 15 456 12
14 14 456 1
1 1 482 6
18 2 1037 7
18 18 1037 1
19 19 873 4
6 18 1165 6
6 6 1165 22
8 18 983 5
8 8 983 1
8 9 161 9
8 8 161 1
7 7 898 1
13 6 741 9
13 13 741 5
17 15 1364 6
17 17 1364 5
13 13 379 17
1 8 1148 9
1 1 1148 1
4 4 1016 5
8 16 1041 2
8 8 1041 4
8 8 934 5
18 18 245 9
7 7 1090 9
6 6 995 1
16 9 816 3
16 16 816 3
17 14 198 6
17 17 198 12
1 1 729 2
3 11 897 6
3 3 897 1
4 4 1390 10
3 3 1120 11
11 11 442 11
16 16 1120 6
15 0 338 4
15 15 338 1
1 15 586 5
1 1 586 14
2 2 165 25
4 4 30 1
8 10 217 11
8 8 217 3
4 1 509 7
4 4 509 15
2 2 1182 4
10 15 1419 13
10 10 1419 19
16 16 1279 14
15 17 539 4
15 15 539 1
16 16 990 2
0 0 499 4
17 14 392 5
17 17 392 6
4 0 1079 13
4 4 1079 4
6 6 258 40
9 15 1156 1
9 9 1156 26
15 17 1299 5
15 15 1299 2
17 15 1168 14
17 17 1168 8
15 15 645 8
15 15 112 6
2 2 1252 23
1 17 276 9
1 1 276 5
5 5 1316 9
4 18 316 3
4 4 316 9
7 7 801 25
11 11 290 1
13 13 1371 22
2 2 886 1
8 12 1362 8
8 8 1362 13
4 16 451 12
4 4 451 4
8 3 113 14
8 8 113 1
4 4 1217 4
16 2 1127 12
16 16 1127 3
16 0 838 13
16 16 838 1
2 2 745 16
3 3 559 3
11 11 694 1
14 9 1275 2
14 14 1275 1
16 17 1270 10
16 16 1270 1
0 0 458 23
16 8 1134 2
16 16 1134 13
7 7 137 8
11 11 1214 5
14 3 325 2
14 14 325 1
1 1 698 13
1 14 365 11
1 1 365 1
12 12 486 9
5 5 1325 4
7 7 741 15
10 1 1172 2
10 10 1172 29
12 12 171 12
16 16 345 7
16 1 814 13
16 16 814 1
0 0 605 14
8 8 120 6
14 14 1412 2
17 17 1120 1
16 17 957 6
16 16 957 2
1 11 913 12
1 1 913 1
16 18 930 14
16 16 930 6
2 2 736 7
8 3 893 11
8 8 893 4
14 14 255 2
11 16 114 13
11 11 114 7
15 3 538 7
15 15 538 1
14 14 534 5
1 10 1238 4
1 1 1238 2
4 4 838 1
8 0 257 12
8 8 257 2
10 10 621 20
1 4 663 12
1 1 663 1
11 0 828 8
11 11 828 8
10 10 1292 1
15 15 1244 10
11 13 1256 5
11 11 1256 8
18 18 166 7
17 10 452 10
17 17 452 24
4 4 981 4
8 8 1030 2
7 7 328 5
11 1 1075 4
11 11 1075 2
13 13 609 50
12 12 1076 9
13 13 1154 19
1 18 151 12
1 1 151 11
2 2 287 5
3 3 545 3
4 13 433 5
4 4 433 3
10 7 818 8
10 10 818 1
15 17 1010 11
15 15 1010 12
9 9 645 4
18 17 511 13
18 18 511 4
1 14 605 13
1 1 605 2
0 0 707 30
3 3 590 24
6 6 787 7
10 11 1366 2
10 10 1366 8
11 13 676 6
11 11 676 18
6 6 669 4
16 17 1252 8
16 16 1252 11
17 18 1258 9
17 17 1258 2
16 16 1293 1
5 5 683 16
0 0 781 16
19 19 462 9
3 3 1170 21
9 9 414 7
10 10 161 8
14 14 226 3
15 15 1046 8
14 14 904 7
1 6 692 10
1 1 692 1
16 16 1050 2
1 17 1112 8
1 1 1112 8
5 5 1311 5
3 3 1315 6
4 9 1203 4
4 4 1203 2
7 7 780 17
16 8 1085 4
16 16 1085 8
17 17 963 3
16 7 796 1
16 16 796 2
10 10 1165 7
0 0 230 14
16 2 726 10
16 16 726 4
1 10 1286 6
1 1 1286 10
8 8 1375 4
6 6 226 3
6 6 1334 5
8 18 721 14
8 8 721 6
6 6 460 1
8 13 1172 1
8 8 1172 1
11 11 19 16
13 13 438 30
16 19 939 14
16 16 939 14
1 19 1207 9
1 1 1207 1
5 5 1126 2
6 16 1148 6
6 6 1148 3
3 3 1034 10
8 16 245 2
8 8 245 12
11 11 1302 9
9 3 1367 14
9 9 1367 5
11 2 96 7
11 11 96 2
15 19 616 5
15 15 616 3
0 0 772 1
14 14 766 2
2 3 613 7
2 2 613 31
4 4 129 3
0 0 371 37
14 8 229 14
14 14 229 6
16 16 132 3
19 19 421 20
19 19 580 4
8 12 585 1
8 8 585 3
6 11 52 10
6 6 52 4
11 11 1057 18
9 9 1073 12
12 12 336 3
10 4 363 8
10 10 363 6
14 18 713 11
14 14 713 3
14 10 1094 2
14 14 1094 3
18 18 756 10
2 2 273 14
4 4 541 8
8 14 1289 3
8 8 1289 6
8 8 109 3
10 0 369 2
10 10 369 4
11 11 581 2
11 11 453 7
15 15 447 1
4 9 684 8
4 4 684 13
7 7 1122 16
10 10 695 13
10 10 192 19
11 18 722 9
11 11 722 3
10 6 1218 11
10 10 1218 24
13 13 682 11
19 19 41 14
0 0 1205 16
1 14 1081 10
1 1 1081 8
12 12 248 26
15 4 1404 10
15 15 1404 6
15 10 811 8
15 15 811 2
15 8 742 8
15 15 742 2
1 7 646 4
1 1 646 12
5 5 1281 2
3 3 858 6
3 18 1297 5
3 3 1297 12
10 10 489 1
8 9 624 10
8 8 624 9
7 7 267 3
14 12 720 11
14 14 720 1
16 2 735 8
16 16 735 15
0 15 244 2
0 0 244 25
2 12 232 9
2 2 232 16
1 12 1296 7
1 1 1296 1
5 5 1223 43
3 10 1003 1
3 3 1003 22
5 5 1411 3
11 11 634 3
17 19 803 7
17 17 803 3
17 3 919 12
17 17 919 17
14 14 579 15
15 0 296 13
15 15 296 1
1 15 416 1
1 1 416 8
2 2 155 1
4 7 943 6
4 4 943 8
5 5 1128 23
6 12 691 2
6 6 691 9
11 15 158 11
11 11 158 1
13 13 675 7
14 15 423 2
14 14 423 2
17 17 544 6
13 13 1423 14
1 12 465 14
1 1 465 8
18 9 1425 8
18 18 1425 2
14 16 425 1
14 14 425 4
6 1 151 12
6 6 151 4
7 10 689 6
7 7 689 10
14 7 1097 2
14 14 1097 1
17 17 1307 1
15 15 816 1
17 2 689 13
17 17 689 3
18 17 138 6
18 18 138 1
1 8 322 7
1 1 322 21
6 6 472 1
17 11 156 7
17 17 156 4
7 7 428 13
6 6 1359 1
1 9 567 1
1 1 567 3
12 12 1334 15
13 13 1393 19
18 15 29 6
18 18 29 4
3 3 265 2
15 15 738 4
8 8 710 6
6 18 433 11
6 6 433 11
9 9 147 16
10 7 1026 9
10 10 1026 2
16 9 459 9
16 16 459 4
0 0 309 33
4 4 658 5
7 7 537 92
14 1 1185 5
14 14 1185 1
12 12 420 2
13 13 306 1
17 17 108 2
0 0 420 1
1 10 298 1
1 1 298 3
19 19 55 6
3 8 1191 4
3 3 1191 4
8 3 292 12
8 8 292 1
9 9 512 20
11 19 849 5
11 11 849 13
12 12 238 3
17 17 1308 5
14 17 254 3
14 14 254 1
14 12 307 12
14 14 307 2
14 12 868 5
14 14 868 4
1 1 347 6
2 18 948 11
2 2 948 7
5 11 1208 11
5 5 1208 9
3 3 635 17
11 7 1108 14
11 11 1108 4
11 14 539 14
11 11 539 11
11 13 942 2
11 11 942 3
16 7 435 6
16 16 435 2
11 9 153 14
11 11 153 5
1 13 513 7
1 1 513 3
19 19 712 12
3 12 514 13
3 3 514 10
6 6 411 2
15 11 1120 9
15 15 1120 10
13 13 1072 8
7 7 636 1
5 2 699 8
5 5 699 32
10 10 672 9
14 7 1137 1
14 14 1137 6
12 12 22 23
12 12 1000 5
16 16 81 5
1 3 291 4
1 1 291 7
2 14 28 5
2 2 28 17
16 7 694 7
16 16 694 8
8 11 1089 7
8 8 1089 2
5 5 113 1
7 7 1138 20
15 4 1355 3
15 15 1355 4
15 16 774 12
15 15 774 12
11 9 1249 5
11 11 1249 1
17 17 246 1
15 10 483 6
15 15 483 33
11 12 935 14
11 11 935 7
11 12 362 10
11 11 362 2
12 12 372 1
16 16 426 7
16 16 198 15
18 18 728 3
1 1 1403 4
6 6 1216 5
3 9 990 14
3 3 990 7
6 6 862 1
4 4 1325 4
9 9 848 12
14 4 1397 9
14 14 1397 3
12 12 784 1
15 19 548 8
15 15 548 3
1 1 960 6
19 5 1043 1
19 19 1043 15
2 2 721 7
8 8 782 8
8 17 323 10
8 8 323 6
2 2 1358 18
10 17 683 9
10 10 683 2
10 10 228 4
17 1 511 14
17 17 511 13
13 13 718 23
15 17 1182 1
15 15 1182 4
14 6 402 9
14 14 402 2
16 17 541 2
16 16 541 3
18 7 356 1
18 18 356 11
16 2 530 12
16 16 530 5
5 5 122 5
7 5 266 11
7 7 266 1
8 5 1270 13
8 8 1270 3
9 7 1221 11
9 9 1221 3
17 19 1294 13
17 17 1294 1
16 11 159 12
16 16 159 9
14 14 317 7
16 16 684 9
2 10 1191 10
2 2 1191 3
0 0 918 23
1 1 795 14
5 10 1381 2
5 5 1381 2
8 18 1239 14
8 8 1239 11
4 3 1157 3
4 4 1157 17
7 9 411 10
7 7 411 3
7 7 870 6
13 13 944 25
16 16 1369 1
18 18 6 20
19 19 291 9
8 3 1297 12
8 8 1297 4
6 7 849 2
6 6 849 13
11 11 1235 4
1 14 537 2
1 1 537 8
15 8 1142 11
15 15 1142 2
15 4 557 8
15 15 557 3
1 0 119 7
1 1 119 3
3 3 617 3
11 2 186 6
11 11 186 7
12 18 4 1
12 12 4 18
17 5 1398 13
17 17 1398 13
17 3 524 7
17 17 524 1
4 4 754 2
16 3 767 3
16 16 767 1
4 17 798 13
4 4 798 2
9 15 96 6
9 9 96 27
10 9 126 7
10 10 126 1
11 11 836 2
11 0 267 4
11 11 267 2
14 5 211 4
14 14 211 14
14 7 889 3
14 14 889 15
1 5 174 12
1 1 174 6
2 2 897 1
8 8 531 19
10 19 891 6
10 10 891 3
17 0 1248 6
17 17 1248 5
14 14 66 4
19 19 1035 8
17 1 676 9
17 17 676 5
1 5 1397 6
1 1 1397 2
4 4 393 6
6 6 413 14
16 18 301 3
16 16 301 5
11 16 489 13
11 11 489 20
15 7 1151 8
15 15 1151 6
14 17 493 11
14 14 493 1
8 8 666 7
18 18 912 32
19 0 409 12
19 19 409 12
1 12 1254 14
1 1 1254 2
4 1 195 13
4 4 195 22
3 3 1117 3
7 7 637 13
17 13 1202 8
17 17 1202 13
11 8 1264 13
11 11 1264 7
1 18 310 3
1 1 310 1
3 15 320 12
3 3 320 7
6 6 545 10
5 5 551 16
9 13 572 12
9 9 572 23
7 7 1113 9
11 19 256 8
11 11 256 3
15 15 797 2
16 11 213 1
16 16 213 1
16 16 666 3
2 2 1209 16
2 2 303 20
5 5 1367 5
6 15 5 10
6 6 5 6
17 17 764 1
19 2 471 12
19 19 471 18
1 12 621 2
1 1 621 9
1 1 208 10
18 18 1166 2
5 11 1069 8
5 5 1069 1
8 2 852 10
8 8 852 3
8 4 745 11
8 8 745 5
11 1 660 10
11 11 660 3
5 1 232 13
5 5 232 9
1 1 747 4
14 14 553 1
18 18 318 1
1 1 414 2
3 3 312 8
13 13 1366 5
18 18 1038 2
6 6 540 5
10 10 580 31
10 10 1383 36
16 8 116 4
16 16 116 3
1 15 271 2
1 1 271 5
2 2 439 2
1 0 1128 2
1 1 1128 2
4 4 780 5
8 8 946 3
16 1 750 9
16 16 750 3
12 12 1123 6
15 12 721 7
15 15 721 2
17 17 210 11
18 18 224 11
4 19 582 2
4 4 582 5
4 4 1344 5
3 3 941 3
6 19 939 5
6 6 939 6
18 18 99 24
11 11 1129 2
11 11 572 6
16 16 1148 6
16 10 859 13
16 16 859 17
0 0 165 20
1 9 41 10
1 1 41 4
11 15 788 11
11 11 788 1
6 6 1038 55
16 6 1394 11
16 16 1394 4
9 5 894 14
9 9 894 25
11 11 487 2
12 12 495 30
16 10 1002 7
16 16 1002 2
18 18 313 5
1 4 407 8
1 1 407 7
18 18 1040 39
3 1 289 12
3 3 289 1
8 4 383 10
8 8 383 3
11 1 1367 6
11 11 1367 1
14 15 1167 12
14 14 1167 6
17 17 1369 1
14 1 372 5
14 14 372 4
2 2 1304 6
1 14 256 1
1 1 256 4
1 5 1121 1
1 1 1121 6
8 8 953 17
8 8 462 2
14 5 44 14
14 14 44 8
17 4 829 9
17 17 829 4
16 5 195 12
16 16 195 3
14 8 850 11
14 14 850 6
18 18 219 5
0 0 626 6
16 5 1328 12
16 16 1328 8
4 8 922 12
4 4 922 17
6 7 1369 3
6 6 1369 3
7 19 1297 13
7 7 1297 5
11 9 1016 6
11 11 1016 1
11 3 399 13
11 11 399 3
11 8 461 1
11 11 461 4
15 7 1077 13
15 15 1077 2
0 0 737 1
3 3 620 15
8 8 44 25
9 9 1288 19
16 16 1154 3
13 13 496 15
17 17 418 6
2 15 1376 2
2 2 1376 3
1 1 488 2
18 3 582 8
18 18 582 39
2 12 67 6
2 2 67 12
5 5 54 4
9 9 51 24
16 5 760 4
16 16 760 3
14 6 1174 13
14 14 1174 10
17 11 744 14
17 17 744 6
16 16 624 2
1 1 281 7
2 2 1010 5
5 13 1329 2
5 5 1329 11
8 17 1131 9
8 8 1131 5
18 19 244 1
18 18 244 1
11 16 1143 11
11 11 1143 3
10 10 1272 12
14 17 736 7
14 14 736 3
1 18 711 4
1 1 711 2
1 1 1312 1
6 15 1360 11
6 6 1360 2
9 9 346 12
7 7 1294 3
11 5 1009 7
11 11 1009 4
11 6 388 7
11 11 388 3
16 13 1130 4
16 16 1130 4
13 13 408 3
16 11 1318 11
16 16 1318 9
14 17 659 9
14 14 659 6
1 8 909 1
1 1 909 1
19 19 763 5
3 3 158 18
6 6 820 3
7 7 976 37
13 13 659 13
12 12 413 7
14 14 457 1
13 13 1151 3
1 11 830 6
1 1 830 8
1 2 481 5
1 1 481 1
15 5 428 4
15 15 428 7
1 18 1218 13
1 1 1218 11
8 8 1411 1
8 4 984 9
8 8 984 8
8 5 365 7
8 8 365 3
8 18 162 4
8 8 162 1
16 4 333 9
16 16 333 6
15 2 1301 3
15 15 1301 1
14 3 1368 12
14 14 1368 9
14 14 376 4
1 19 687 5
1 1 687 5
9 9 1131 9
2 2 566 4
16 16 639 2
9 9 498 14
10 10 1251 13
14 9 1032 6
14 14 1032 4
14 16 747 6
14 14 747 1
14 10 860 7
14 14 860 6
18 18 1379 18
2 6 892 6
2 2 892 5
6 6 1355 4
6 1 481 1
6 6 481 37
11 2 1180 14
11 11 1180 2
8 8 970 5
18 15 831 9
18 18 831 4
14 14 33 1
13 13 1255 6
14 6 1377 1
14 14 1377 1
4 17 1083 1
4 4 1083 2
2 2 162 1
19 19 768 29
4 9 31 10
4 4 31 1
9 16 407 6
9 9 407 7
8 18 645 14
8 8 645 1
14 6 1265 8
14 14 1265 8
1 1 1035 6
15 4 1112 10
15 15 1112 8
15 4 535 6
15 15 535 3
8 15 276 2
8 8 276 2
4 4 1421 5
4 15 1024 10
4 4 1024 2
0 0 1309 7
1 6 1409 4
1 1 1409 9
1 1 1140 5
8 8 1049 14
3 14 1231 2
3 3 1231 8
8 14 483 8
8 8 483 2
11 11 1028 3
14 13 185 14
14 14 185 6
15 5 309 1
15 15 309 4
15 18 224 11
15 15 224 2
18 12 657 1
18 18 657 2
2 2 887 5
3 3 127 6
3 15 562 13
3 3 562 12
4 15 460 14
4 4 460 6
8 5 114 8
8 8 114 3
7 7 945 4
15 2 346 10
15 15 346 15
1 2 53 8
1 1 53 4
3 15 140 14
3 3 140 18
8 2 887 11
8 8 887 4
8 4 652 6
8 8 652 1
11 11 1250 4
16 12 292 14
16 16 292 8
1 1 424 3
16 16 1271 8
14 19 475 14
14 14 475 1
16 16 982 5
0 0 816 20
2 2 483 3
16 16 702 2
6 0 620 6
6 6 620 4
5 5 764 4
10 10 611 4
11 16 1395 10
11 11 1395 1
13 13 534 33
16 7 49 7
16 16 49 1
17 17 1160 8
15 3 653 13
15 15 653 4
3 3 230 1
18 5 889 6
18 18 889 2
8 8 490 6
10 10 498 68
9 9 1053 11
12 12 164 7
15 14 1416 6
15 15 1416 8
17 17 364 4
16 2 756 5
16 16 756 2
4 4 459 1
10 10 776 4
11 5 1162 2
11 11 1162 3
16 5 1119 4
16 16 1119 1
16 2 489 8
16 16 489 10
1 13 14 12
1 1 14 3
6 6 354 6
10 11 667 6
10 10 667 1
16 16 775 11
14 10 1238 13
14 14 1238 4
17 13 398 10
17 17 398 3
1 0 769 12
1 1 769 3
12 12 600 4
1 11 1237 2
1 1 1237 1
4 8 839 12
4 4 839 13
9 9 47 1
9 9 738 21
10 10 1293 7
15 1 1376 12
15 15 1376 2
14 18 333 3
14 14 333 3
15 0 65 1
15 15 65 13
19 0 1304 12
19 19 1304 3
18 16 1341 14
18 18 1341 1
4 11 1205 9
4 4 1205 3
15 15 942 10
13 13 608 1
15 15 246 5
19 19 678 13
8 8 1345 4
17 6 450 10
17 17 450 2
8 11 96 3
8 8 96 2
10 10 819 8
14 1 1420 1
14 14 1420 2
15 18 424 13
15 15 424 1
1 1 1001 2
18 17 1247 10
18 18 1247 6
4 9 244 12
4 4 244 2
1 3 1378 5
1 1 1378 2
13 13 695 23
12 5 974 13
12 12 974 26
16 4 127 2
16 16 127 5
15 11 473 1
15 15 473 1
4 18 71 14
4 4 71 4
11 5 1377 2
11 11 1377 2
11 16 251 4
11 11 251 5
13 13 520 14
15 15 78 11
1 2 382 7
1 1 382 2
2 2 356 7
4 19 1212 2
4 4 1212 1
10 8 939 7
10 10 939 20
11 11 901 2
11 11 328 15
13 13 921 23
16 3 328 11
16 16 328 5
17 17 350 2
14 19 824 13
14 14 824 1
2 18 832 3
2 2 832 23
8 15 1352 7
8 8 1352 7
6 11 461 11
6 6 461 11
8 8 861 1
17 3 1333 3
17 17 1333 13
0 0 289 15
4 8 678 7
4 4 678 2
8 18 673 8
8 8 673 2
11 11 99 4
15 16 619 1
15 15 619 4
16 16 571 7
1 12 787 1
1 1 787 5
0 0 773 8
19 19 35 5
18 18 1129 3
1 15 1063 8
1 1 1063 16
10 12 169 14
10 10 169 8
12 3 527 1
12 12 527 3
17 17 883 2
16 6 223 10
16 16 223 2
2 2 1225 10
2 2 533 9
4 4 964 1
3 5 1323 2
3 3 1323 13
15 15 1103 1
9 9 938 18
17 17 780 2
11 4 1311 13
11 11 1311 2
1 1 224 5
19 19 692 20
8 5 1359 8
8 8 1359 3
3 3 997 6
4 16 1354 12
4 4 1354 4
9 9 827 4
11 1 580 2
11 11 580 1
1 16 1019 7
1 1 1019 4
1 3 17 8
1 1 17 5
0 0 408 12
17 10 681 13
17 17 681 8
11 0 945 14
11 11 945 2
5 5 794 8
1 9 733 5
1 1 733 1
16 15 1294 3
16 16 1294 19
12 12 439 40
15 15 1157 10
5 15 1070 9
5 5 1070 34
14 2 1000 10
14 14 1000 8
19 19 1214 2
19 19 40 1
3 18 1155 3
3 3 1155 5
4 13 1043 3
4 4 1043 14
7 7 699 2
10 10 1318 2
17 3 1313 9
17 17 1313 18
12 16 1107 7
12 12 1107 16
14 11 1192 12
14 14 1192 4
14 6 923 13
14 14 923 10
10 10 406 2
11 12 947 14
11 11 947 22
15 1 859 5
15 15 859 5
15 7 278 3
15 15 278 4
14 17 778 2
14 14 778 8
2 2 1139 30
18 18 1209 2
8 18 1163 3
8 8 1163 9
8 6 21 12
8 8 21 2
11 10 637 4
11 11 637 7
12 12 479 7
15 15 968 3
1 8 106 6
1 1 106 3
6 6 775 8
17 2 532 14
17 17 532 3
5 5 253 24
8 0 453 5
8 8 453 5
10 17 1374 10
10 10 1374 7
12 8 97 1
12 12 97 1
15 9 633 8
15 15 633 2
15 14 52 11
15 15 52 8
18 11 376 7
18 18 376 24
4 11 368 11
4 4 368 3
3 3 1160 10
8 7 318 7
8 8 318 3
9 9 75 3
15 15 1348 5
4 4 290 11
16 9 243 2
16 16 243 3
13 4 1311 14
13 13 1311 12
1 1 670 7
16 3 835 12
16 16 835 3
5 5 1289 11
6 6 978 4
11 11 383 2
2 2 546 16
15 19 287 13
15 15 287 5
18 18 26 3
1 17 1384 1
1 1 1384 4
4 5 524 7
4 4 524 1
3 8 979 13
3 3 979 11
1 4 694 3
1 1 694 4
11 1 626 7
11 11 626 7
11 11 460 1
3 11 1242 8
3 3 1242 3
15 15 977 9
16 6 913 9
16 16 913 5
5 5 1104 15
4 13 232 5
4 4 232 2
8 7 769 11
8 8 769 2
4 1 1138 2
4 4 1138 2
8 0 235 9
8 8 235 5
2 2 978 3
14 14 1190 1
16 9 544 2
16 16 544 1
0 0 421 17
4 19 802 5
4 4 802 4
8 8 293 1
11 11 848 1
10 13 1320 3
10 10 1320 26
16 16 1419 5
17 7 870 6
17 17 870 11
15 1 759 6
15 15 759 7
13 13 577 7
6 6 63 15
10 17 408 10
10 10 408 32
10 10 1211 7
11 18 1078 1
11 11 1078 18
19 19 573 7
15 15 937 1
14 6 788 11
14 14 788 1
1 1 203 1
6 6 1230 7
4 4 413 2
8 14 718 3
8 8 718 2
7 7 896 2
11 11 62 6
10 14 1034 6
10 10 1034 9
13 13 473 22
14 4 25 4
14 14 25 8
14 13 594 14
14 14 594 8
0 0 269 2
0 0 679 28
19 19 389 16
0 0 503 74
17 18 790 6
17 17 790 13
12 1 604 5
12 12 604 2
15 15 591 4
14 14 1021 1
19 19 63 13
1 19 1027 8
1 1 1027 1
3 13 1270 11
3 3 1270 27
10 10 999 4
12 1 1017 8
12 12 1017 59
11 2 284 13
11 11 284 4
16 2 1410 14
16 16 1410 4
15 15 1354 1
16 13 225 11
16 16 225 3
15 15 171 9
2 4 323 10
2 2 323 33
5 5 1403 8
3 3 944 5
12 12 373 30
16 14 880 7
16 16 880 4
8 15 279 6
8 8 279 7
1 8 204 13
1 1 204 4
6 6 1263 10
6 6 863 24
8 8 1178 1
16 8 1184 13
16 16 1184 7
12 15 785 12
12 12 785 3
15 17 551 7
15 15 551 6
19 19 1133 1
1 17 1259 4
1 1 1259 10
6 16 677 7
6 6 677 14
4 12 1120 3
4 4 1120 2
9 9 672 1
11 18 753 13
11 11 753 5
10 10 1355 9
1 1 1028 7
8 17 1215 3
8 8 1215 2
10 10 1242 1
17 2 735 10
17 17 735 8
5 5 620 25
0 0 739 25
3 19 47 14
3 3 47 33
3 3 953 18
10 18 881 11
10 10 881 8
10 4 394 5
10 10 394 12
11 3 520 4
11 11 520 7
9 0 1109 14
9 9 1109 4
16 15 1032 14
16 16 1032 2
14 9 120 3
14 14 120 5
1 16 1395 7
1 1 1395 2
8 14 1191 5
8 8 1191 4
5 5 982 5
9 9 133 5
10 8 285 8
10 10 285 1
6 6 750 4
16 7 1191 13
16 16 1191 14
14 14 491 2
15 6 411 2
15 15 411 2
14 10 750 8
14 14 750 1
4 8 648 5
4 4 648 4
6 13 1099 14
6 6 1099 23
8 12 331 5
8 8 331 1
6 14 298 1
6 6 298 52
11 11 758 15
15 5 1254 12
15 15 1254 4
14 16 975 7
14 14 975 22
0 0 1316 10
12 7 902 7
12 12 902 7
8 8 1136 5
4 5 1278 1
4 4 1278 8
10 16 127 5
10 10 127 8
16 16 1343 7
17 17 668 8
15 15 715 6
1 13 762 1
1 1 762 3
19 19 186 8
8 14 425 5
8 8 425 2
9 9 317 29
11 18 1146 3
11 11 1146 16
13 13 115 27
18 18 437 4
18 18 715 3
8 1 395 2
8 8 395 7
10 19 715 9
10 10 715 2
11 11 1227 8
11 13 37 11
11 11 37 9
15 18 754 2
15 15 754 5
6 6 233 3
1 8 388 14
1 1 388 5
0 16 652 2
0 0 652 18
2 2 119 13
5 5 895 13
6 6 1388 7
10 10 151 10
12 12 60 2
13 16 341 12
13 13 341 3
15 11 602 1
15 15 602 7
9 9 673 19
18 18 800 24
16 3 847 11
16 16 847 7
19 19 956 27
16 15 396 11
16 16 396 14
11 11 259 8
12 12 728 3
16 7 257 10
16 16 257 5
16 5 214 2
16 16 214 7
14 14 833 3
16 6 768 7
16 16 768 7
18 17 1404 7
18 18 1404 1
6 6 982 1
4 10 482 14
4 4 482 7
6 15 945 10
6 6 945 5
10 10 867 2
11 13 1139 4
11 11 1139 1
11 8 518 13
11 11 518 2
11 11 973 2
5
18 9 297
1 18 361
10 5 127
0 18 417
2 17 402
