20 6948
11 11 1164 9
12 4 354 12
12 12 354 7
17 17 523 8
10 10 129 1
17 17 805 2
15 16 0 3
15 15 0 1
3 13 170 1
3 3 170 1
3 14 609 7
3 3 609 2
3 11 1076 9
3 3 1076 3
3 1 1419 13
3 3 1419 11
14 18 90 7
14 14 90 5
7 2 25 3
7 7 25 6
9 9 1309 3
11 4 90 8
11 11 90 6
6 14 594 9
6 6 594 15
13 13 818 3
13 13 509 3
16 0 1358 2
16 16 1358 18
19 19 1152 5
15 7 588 3
15 15 588 1
2 16 78 5
2 2 78 1
3 19 1093 14
3 3 1093 1
5 3 670 9
5 5 670 10
9 15 0 12
9 9 0 3
15 9 944 12
15 15 944 6
13 14 324 2
13 13 324 1
11 11 171 6
13 6 131 1
13 13 131 4
12 4 840 5
12 12 840 18
2 2 1310 1
2 2 993 9
15 15 469 2
19 15 1127 6
19 19 1127 3
5 5 84 6
8 8 456 1
10 10 923 2
0 0 407 6
7 10 650 10
7 7 650 1
10 4 1271 6
10 10 1271 14
13 19 585 6
13 13 585 3
14 5 162 9
14 14 162 5
14 16 279 11
14 14 279 8
14 12 1179 1
14 14 1179 3
18 18 1399 1
5 8 1156 7
5 5 1156 8
8 12 1229 14
8 8 1229 6
5 5 1320 1
7 10 844 3
7 7 844 8
5 7 178 1
5 5 178 4
9 9 1096 11
17 12 1409 9
17 17 1409 1
15 6 906 13
15 15 906 6
5 17 269 4
5 5 269 5
1 1 946 13
19 19 313 3
5 16 187 1
5 5 187 16
12 12 982 22
7 4 22 5
7 7 22 3
10 10 754 6
11 11 652 1
14 3 16 7
14 14 16 6
14 16 508 5
14 14 508 4
5 13 1143 12
5 5 1143 4
0 0 666 1
0 0 1231 6
3 9 288 4
3 3 288 6
8 8 811 27
5 2 647 7
5 5 647 1
11 11 1366 1
10 10 1391 7
17 17 1368 2
17 17 1187 15
8 8 655 3
18 18 329 1
1 1 1120 6
3 3 772 2
18 18 1221 33
5 16 552 10
5 5 552 4
10 10 898 5
7 11 643 9
7 7 643 5
9 16 1248 4
9 9 1248 12
19 19 591 4
12 6 718 10
12 12 718 29
10 13 296 2
10 10 296 3
14 14 851 1
2 2 1160 6
5 5 635 5
19 19 644 3
4 13 590 12
4 4 590 10
11 19 981 11
11 11 981 2
9 15 1312 4
9 9 1312 7
7 6 1247 13
7 7 1247 10
12 12 272 19
13 13 414 9
16 16 398 2
14 10 649 14
14 14 649 4
16 16 828 4
18 18 107 16
3 13 152 12
3 3 152 3
17 0 1385 1
17 17 1385 2
9 9 1075 4
10 10 740 2
9 13 1295 7
9 9 1295 8
15 12 537 14
15 15 537 5
12 0 1401 14
12 12 1401 17
2 2 1377 8
2 2 653 1
19 19 217 2
9 0 435 8
9 9 435 4
8 19 978 9
8 8 978 2
5 5 640 7
9 1 50 3
9 9 50 18
10 2 128 7
10 10 128 1
17 17 783 3
17 17 751 1
17 17 50 13
1 1 280 2
19 11 105 5
19 19 105 1
19 19 540 13
14 3 858 8
14 14 858 18
13 5 1345 6
13 13 1345 2
8 4 929 8
8 8 929 3
6 6 92 16
8 7 19 14
8 8 19 11
11 18 1033 5
11 11 1033 2
10 16 19 2
10 10 19 16
5 5 1107 11
13 5 6 6
13 13 6 2
8 8 561 3
17 17 376 14
13 14 1319 14
13 13 1319 2
12 12 371 14
3 13 455 14
3 3 455 14
3 19 922 12
3 3 922 2
5 19 471 10
5 5 471 1
8 8 69 15
18 18 373 1
7 6 1289 8
7 7 1289 8
11 5 1008 1
11 11 1008 1
15 14 1069 13
15 15 1069 7
9 0 584 10
9 9 584 2
17 10 309 4
17 17 309 4
3 11 129 9
3 3 129 2
6 6 736 1
4 4 421 5
11 11 65 4
12 12 81 5
9 9 766 2
18 18 1035 2
3 3 741 4
3 14 1208 13
3 3 1208 2
9 9 718 11
9 9 1153 2
13 15 1322 10
13 13 1322 3
16 16 1348 10
16 9 535 4
16 16 535 3
15 15 702 5
5 5 708 18
4 4 1241 26
7 9 351 11
7 7 351 1
16 3 464 5
16 16 464 1
14 8 183 4
14 14 183 3
3 3 1434 1
7 7 687 3
15 9 1243 5
15 15 1243 2
15 19 69 7
15 15 69 4
3 7 1366 6
3 3 1366 2
9 9 1123 1
6 6 537 2
2 2 975 2
13 13 1254 11
0 7 1061 3
0 0 1061 6
4 4 18 8
9 9 211 5
6 6 737 2
16 2 1265 7
16 16 1265 6
12 17 802 3
12 12 802 5
17 17 584 8
15 15 461 5
1 1 822 18
9 11 548 14
9 9 548 3
19 19 6 2
1 1 1242 12
15 9 160 3
15 15 160 3
6 11 1057 12
6 6 1057 3
8 14 960 5
8 8 960 8
15 18 1142 8
15 15 1142 4
7 7 146 4
11 9 1405 6
11 11 1405 3
10 10 1304 8
5 11 447 12
5 5 447 9
15 0 1224 13
15 15 1224 4
9 9 892 3
18 19 178 5
18 18 178 1
8 8 553 2
19 1 554 10
19 19 554 5
18 5 1306 14
18 18 1306 2
5 4 1314 11
5 5 1314 1
5 2 72 7
5 5 72 3
6 6 78 7
10 10 959 4
16 9 930 2
16 16 930 14
17 17 807 4
16 16 766 12
18 18 197 17
9 9 591 6
2 2 267 6
1 1 1329 12
3 3 126 3
3 16 565 2
3 3 565 4
9 9 1026 1
5 2 916 12
5 5 916 3
17 7 592 4
17 17 592 8
13 1 146 3
13 13 146 10
9 11 1124 14
9 9 1124 5
10 10 1146 3
14 17 1411 2
14 14 1411 7
13 13 393 2
14 14 41 2
0 19 349 2
0 0 349 3
0 0 759 11
5 14 597 3
5 5 597 4
2 2 93 3
6 6 1161 17
3 3 1049 1
5 1 362 7
5 5 362 1
8 16 194 3
8 8 194 7
7 16 122 3
7 7 122 2
13 13 1035 4
14 16 1273 4
14 14 1273 2
14 7 1330 1
14 14 1330 3
15 12 1184 5
15 15 1184 3
15 17 543 14
15 15 543 20
15 14 458 5
15 15 458 3
0 0 460 37
18 18 999 7
19 19 15 8
1 1 1235 7
14 16 1386 1
14 14 1386 2
9 17 37 13
9 9 37 1
9 0 1203 9
9 9 1203 11
9 9 845 3
17 17 1348 10
13 9 363 11
13 13 363 9
14 2 331 6
14 14 331 1
17 17 37 3
18 18 173 5
0 14 928 6
0 0 928 7
0 18 1301 7
0 0 1301 3
5 8 1323 1
5 5 1323 11
5 4 433 13
5 5 433 1
8 12 491 14
8 8 491 5
19 0 1213 7
19 19 1213 5
18 19 1066 8
18 18 1066 2
12 12 165 7
9 1 994 1
9 9 994 8
16 16 347 11
3 3 105 2
19 19 1411 20
18 18 649 11
7 11 1307 9
7 7 1307 10
2 2 847 5
5 16 1249 4
5 5 1249 4
8 19 1371 12
8 8 1371 13
3 17 1009 4
3 3 1009 3
2 18 53 11
2 2 53 2
9 3 332 12
9 9 332 6
7 7 937 3
14 19 1418 13
14 14 1418 1
14 14 48 2
14 6 613 9
14 14 613 3
19 19 1085 3
0 5 1075 13
0 0 1075 11
8 19 124 11
8 8 124 5
3 18 587 2
3 3 587 7
8 12 201 14
8 8 201 12
9 6 370 9
9 9 370 4
9 13 1323 11
9 9 1323 7
13 13 701 5
14 14 1333 1
13 13 275 4
5 5 1411 2
19 16 1048 14
19 19 1048 26
9 9 411 4
7 7 591 2
11 11 830 2
19 13 514 1
19 19 514 10
12 16 538 6
12 12 538 12
15 6 1246 1
15 15 1246 3
0 7 935 11
0 0 935 11
7 0 503 9
7 7 503 2
3 3 873 11
7 7 330 2
11 11 1077 8
7 7 732 4
9 9 1029 2
11 11 338 4
17 4 413 8
17 17 413 16
13 13 1152 1
4 4 1277 4
3 4 108 6
3 3 108 1
3 14 547 1
3 3 547 5
8 0 1175 12
8 8 1175 2
6 6 279 3
11 11 419 2
0 0 299 3
0 13 144 13
0 0 144 14
13 13 33 22
1 1 1212 23
5 5 1147 2
3 14 688 13
3 3 688 3
8 8 870 8
13 4 475 1
13 13 475 7
9 0 665 1
9 9 665 1
13 7 694 4
13 13 694 2
14 14 1340 4
13 15 268 5
13 13 268 6
15 12 621 3
15 15 621 1
17 17 390 8
18 18 1068 4
19 7 903 13
19 19 903 1
3 8 705 4
3 3 705 3
3 3 1172 3
8 1 266 14
8 8 266 14
10 10 985 12
13 13 519 4
15 11 73 3
15 15 73 2
18 18 872 5
18 18 1333 8
19 4 577 5
19 19 577 4
15 7 190 8
15 15 190 1
8 10 1039 9
8 8 1039 8
5 5 419 1
9 14 928 6
9 9 928 4
7 7 725 3
8 9 622 4
8 8 622 4
13 13 920 3
17 8 613 14
17 17 613 22
16 3 329 3
16 16 329 1
13 13 1348 5
18 18 46 3
15 14 750 13
15 15 750 7
19 13 686 14
19 19 686 3
4 4 528 1
3 17 552 9
3 3 552 5
4 4 442 4
8 8 723 12
8 14 104 12
8 8 104 1
11 11 1211 2
12 12 1034 4
14 18 368 10
14 14 368 2
13 14 1001 10
13 13 1001 1
17 7 1104 13
17 17 1104 10
14 11 1222 8
14 14 1222 7
15 15 432 7
18 7 522 14
18 18 522 2
2 2 135 2
3 11 226 10
3 3 226 3
5 5 784 5
9 19 642 2
9 9 642 4
11 18 325 4
11 11 325 9
3 3 1394 8
16 16 119 1
19 11 1208 3
19 19 1208 2
12 16 214 4
12 12 214 1
13 9 1127 13
13 13 1127 11
2 2 611 4
8 8 1020 1
5 18 726 14
5 5 726 10
10 10 86 3
13 6 512 1
13 13 512 2
17 17 709 3
14 7 913 6
14 14 913 8
8 9 1078 5
8 8 1078 2
9 2 1119 12
9 9 1119 4
11 11 734 8
9 9 1079 3
10 5 1167 14
10 10 1167 5
12 10 338 2
12 12 338 2
15 9 589 2
15 15 589 3
14 11 719 3
14 14 719 5
14 14 768 3
18 18 41 2
13 16 937 7
13 13 937 7
2 2 239 26
2 2 856 2
3 17 90 1
3 3 90 2
8 15 1157 12
8 8 1157 2
7 10 457 4
7 7 457 3
10 10 383 15
3 7 209 10
3 3 209 4
13 13 994 1
7 7 954 5
3 3 95 2
0 1 313 9
0 0 313 1
3 5 1141 12
3 3 1141 1
5 8 334 3
5 5 334 6
8 7 254 13
8 8 254 8
10 10 693 18
9 18 651 11
9 9 651 2
14 1 1294 1
14 14 1294 5
6 10 887 11
6 6 887 5
14 6 1001 3
14 14 1001 1
2 2 1326 19
18 12 971 11
18 18 971 2
15 17 103 12
15 15 103 4
6 4 1028 8
6 6 1028 8
3 19 1154 11
3 3 1154 2
4 4 1052 8
7 9 239 7
7 7 239 1
7 7 698 10
7 7 1025 10
12 12 250 13
12 2 519 12
12 12 519 2
14 17 242 13
14 14 242 1
12 12 1433 2
18 18 145 13
2 2 928 2
14 15 1196 8
14 14 1196 1
5 12 1295 11
5 5 1295 2
8 6 626 9
8 8 626 1
11 2 1112 4
11 11 1112 9
3 3 972 1
7 15 1174 10
7 7 1174 1
11 11 377 1
12 12 329 5
16 16 327 2
15 15 273 2
11 5 1408 9
11 11 1408 12
0 7 571 6
0 0 571 5
8 8 356 1
8 8 55 2
13 8 652 6
13 13 652 1
5 5 1009 3
7 15 454 1
7 7 454 3
7 5 909 4
7 7 909 7
16 16 1212 3
17 17 1090 10
13 13 1024 6
3 3 679 2
4 4 1140 44
7 7 87 2
9 14 1351 4
9 9 1351 2
13 13 673 12
12 13 431 11
12 12 431 7
14 10 1008 1
14 14 1008 3
1 1 471 27
18 8 1423 13
18 18 1423 1
13 6 826 2
13 13 826 1
4 4 369 45
8 8 319 1
9 9 439 4
14 1 119 5
14 14 119 2
14 14 1146 1
9 11 1232 7
9 9 1232 1
13 19 562 9
13 13 562 8
15 5 1351 8
15 15 1351 1
5 5 1288 1
8 14 633 6
8 8 633 9
6 6 36 16
10 10 837 2
15 16 542 3
15 15 542 1
8 8 791 2
14 14 100 9
13 3 1188 12
13 13 1188 2
6 6 774 3
18 18 740 2
18 18 1201 2
13 10 1326 8
13 13 1326 4
8 16 1203 4
8 8 1203 1
5 15 303 10
5 5 303 3
19 19 1383 1
15 16 529 9
15 15 529 3
15 4 976 2
15 15 976 1
17 17 465 8
2 2 144 54
2 2 318 7
16 16 1225 3
8 5 343 3
8 8 343 11
7 16 539 7
7 7 539 2
6 6 1218 10
6 11 662 9
6 6 662 56
8 16 1155 11
8 8 1155 2
13 13 304 1
14 15 390 2
14 14 390 1
16 16 545 1
5 8 662 11
5 5 662 8
0 0 1003 9
0 0 1360 11
18 15 1107 11
18 18 1107 1
19 19 931 3
17 12 173 8
17 17 173 1
0 0 1237 35
9 9 115 9
11 17 1420 4
11 11 1420 6
1 10 544 2
1 1 544 13
16 16 1420 8
13 13 246 6
15 9 636 10
15 15 636 1
16 4 250 7
16 16 250 29
1 1 662 71
4 4 613 7
11 10 1017 6
11 11 1017 3
8 5 608 6
8 8 608 7
8 8 437 1
7 7 423 5
7 11 882 13
7 7 882 7
11 19 1121 9
11 11 1121 11
15 6 936 9
15 15 936 3
15 15 359 2
0 1 521 7
0 0 521 5
10 9 711 7
10 10 711 9
5 5 1079 4
4 4 414 7
8 15 4 11
8 8 4 4
10 15 735 8
10 10 735 5
10 10 360 2
8 8 558 3
14 2 595 9
14 14 595 3
0 12 270 2
0 0 270 4
1 1 123 1
3 16 1128 14
3 3 1128 13
19 8 718 5
19 19 718 6
15 15 1316 8
16 16 83 7
17 17 91 3
4 4 563 1
8 12 1091 10
8 8 1091 1
8 1 920 8
8 8 920 9
8 10 301 8
8 8 301 4
9 6 527 10
9 9 527 7
19 11 921 6
19 19 921 8
15 2 1365 4
15 15 1365 5
12 12 1145 8
14 15 312 12
14 14 312 6
17 10 1381 10
17 17 1381 4
16 16 191 6
5 11 1199 12
5 5 1199 13
5 9 1402 13
5 5 1402 7
5 2 384 13
5 5 384 1
8 5 444 1
8 8 444 1
7 7 412 6
18 18 179 1
7 6 1277 11
7 7 1277 2
6 14 545 6
6 6 545 40
14 14 118 1
15 4 364 5
15 15 364 1
15 13 219 2
15 15 219 4
0 11 219 12
0 0 219 5
0 0 512 8
19 19 284 15
8 17 1388 10
8 8 1388 6
19 19 1092 15
5 1 1004 2
5 5 1004 4
11 11 837 2
10 14 275 14
10 10 275 2
14 4 241 7
14 14 241 1
10 10 1074 13
12 12 453 1
15 15 1131 2
18 15 467 2
18 18 467 11
1 1 124 4
3 17 199 2
3 3 199 8
5 19 215 4
5 5 215 2
9 15 679 6
9 9 679 2
16 16 1387 33
15 15 1176 8
15 19 599 13
15 15 599 1
14 14 965 5
4 4 366 3
3 3 1278 4
9 17 505 14
9 9 505 8
9 12 426 3
9 9 426 8
9 5 125 8
9 9 125 4
7 7 670 4
9 9 908 2
13 13 1289 5
0 0 700 19
2 2 900 4
16 4 598 2
16 16 598 1
5 5 789 1
6 6 1395 2
5 15 393 4
5 5 393 11
7 7 1274 1
16 10 29 6
16 16 29 12
14 7 121 3
14 14 121 1
3 3 194 1
2 2 202 16
4 4 55 6
8 8 765 2
9 13 132 3
9 9 132 11
11 13 1237 13
11 11 1237 2
14 12 488 14
14 14 488 7
13 3 1165 2
13 13 1165 9
19 19 402 1
6 6 1096 8
9 9 1085 2
8 11 129 5
8 8 129 4
9 14 21 4
9 9 21 5
7 0 518 8
7 7 518 5
11 11 705 8
11 10 378 5
11 11 378 8
15 13 1249 5
15 15 1249 1
1 1 840 5
1 7 307 14
1 1 307 3
19 6 76 9
19 19 76 5
16 12 967 10
16 16 967 6
9 9 1397 9
3 10 1255 2
3 3 1255 4
9 6 467 1
9 9 467 1
9 9 102 13
9 0 1228 3
9 9 1228 3
12 12 1246 9
10 12 447 7
10 10 447 14
15 15 790 3
3 19 97 1
3 3 97 2
2 2 338 29
3 3 23 13
15 0 1153 3
15 15 1153 2
11 2 970 5
11 11 970 11
7 7 857 9
11 15 512 14
11 11 512 1
11 7 983 1
11 11 983 7
13 1 114 9
13 13 114 17
11 11 1048 21
6 4 1285 5
6 6 1285 2
8 18 57 14
8 8 57 7
7 7 35 1
11 14 36 5
11 11 36 5
16 16 41 2
14 14 548 3
6 6 1091 5
5 16 217 8
5 5 217 2
8 10 371 12
8 8 371 1
8 7 136 10
8 8 136 13
9 1 30 5
9 9 30 2
9 0 1380 6
9 9 1380 2
16 16 525 10
0 0 386 21
1 1 1045 14
9 17 468 13
9 9 468 19
10 8 554 4
10 10 554 2
11 11 895 2
11 11 258 2
8 8 849 5
13 19 517 7
13 13 517 2
16 6 953 12
16 16 953 11
5 14 1365 2
5 5 1365 1
5 10 507 7
5 5 507 8
6 18 507 12
6 6 507 6
9 9 293 2
11 11 1138 6
11 5 569 1
11 11 569 1
10 12 1116 11
10 10 1116 10
17 3 1423 12
17 17 1423 1
17 1 978 2
17 17 978 4
15 17 131 1
15 15 131 7
10 10 118 10
0 4 533 5
0 0 533 3
3 11 173 7
3 3 173 8
3 9 608 1
3 3 608 1
3 6 1079 12
3 3 1079 4
5 5 967 23
15 10 56 10
15 15 56 7
10 10 268 7
9 9 186 8
11 10 480 3
11 11 480 10
13 13 508 1
2 2 1078 13
15 2 488 1
15 15 488 7
1 1 412 11
2 2 79 4
4 4 180 42
6 4 655 5
6 6 655 5
8 16 378 6
8 8 378 25
14 12 1162 2
14 14 1162 1
12 3 910 14
12 12 910 3
16 4 978 11
16 16 978 1
8 2 854 9
8 8 854 9
2 2 1311 6
7 7 760 5
19 19 90 2
19 19 529 4
3 3 331 1
6 6 542 3
8 8 457 5
7 11 371 6
7 7 371 5
7 17 830 7
7 7 830 8
15 15 1125 6
6 6 1004 6
16 16 377 7
10 10 299 2
17 17 208 5
2 2 1166 21
18 18 1396 3
2 2 913 8
5 5 1155 1
3 12 943 6
3 3 943 7
7 19 384 5
7 7 384 4
11 8 574 10
11 11 574 6
14 4 172 8
14 14 172 1
1 1 995 1
13 16 100 9
13 13 100 4
15 14 917 11
15 15 917 4
17 17 286 6
8 8 339 2
0 0 167 4
3 3 146 4
8 11 1288 14
8 8 1288 1
5 0 373 13
5 5 373 11
15 9 1187 12
15 15 1187 4
11 11 1272 17
14 14 1367 6
16 11 3 8
16 16 3 1
9 9 932 2
18 12 896 2
18 18 896 1
18 18 589 11
0 0 1216 2
5 0 203 5
5 5 203 9
5 5 849 2
9 0 8 8
9 9 8 13
11 11 796 12
16 16 331 5
14 14 1165 8
17 17 1375 3
19 14 424 6
19 19 424 4
1 1 1127 16
3 19 432 10
3 3 432 2
8 18 1126 6
8 8 1126 2
10 2 260 13
10 10 260 4
8 8 496 2
7 7 1360 2
5 5 602 12
16 10 368 4
16 16 368 9
16 16 197 7
17 17 201 7
19 19 647 4
5 12 1164 14
5 5 1164 11
5 9 1351 12
5 5 1351 5
8 13 1269 14
8 8 1269 9
8 8 522 2
9 0 343 9
9 9 343 5
9 13 1002 3
9 9 1002 7
7 12 1299 1
7 7 1299 8
8 3 968 4
8 8 968 10
12 12 1259 4
15 15 329 2
0 3 329 3
0 0 329 1
19 1 756 11
19 19 756 11
3 15 155 8
3 3 155 4
8 7 665 5
8 8 665 1
4 4 1290 31
11 4 1265 2
11 11 1265 1
11 11 644 8
10 7 1412 1
10 10 1412 1
12 10 480 6
12 12 480 1
15 3 510 10
15 15 510 9
18 18 302 7
3 3 263 4
8 13 106 8
8 8 106 4
6 5 1076 7
6 6 1076 7
3 13 1202 11
3 3 1202 2
8 18 360 2
8 8 360 11
8 12 189 9
8 8 189 3
10 5 628 7
10 10 628 8
11 11 1358 8
9 17 1183 4
9 9 1183 9
13 13 745 3
15 16 1294 13
15 15 1294 7
11 11 1213 7
15 3 688 8
15 15 688 8
15 9 111 4
15 15 111 1
19 19 1278 9
17 17 1202 2
8 8 1133 5
3 8 1219 3
3 3 1219 1
8 9 503 10
8 8 503 9
9 3 597 14
9 9 597 6
7 15 1094 5
7 7 1094 5
13 16 634 9
13 13 634 3
14 14 173 2
8 9 762 7
8 8 762 1
17 7 181 2
17 17 181 2
2 2 1152 8
2 2 310 8
15 9 122 7
15 15 122 9
6 6 923 12
5 5 929 19
10 10 797 4
9 9 787 4
10 13 1325 6
10 10 1325 7
12 13 264 10
12 12 264 4
13 12 406 12
13 13 406 5
16 16 489 5
19 19 326 10
3 3 599 9
5 5 172 4
8 2 213 6
8 8 213 3
9 14 169 14
9 9 169 7
10 10 313 4
17 18 865 1
17 17 865 8
10 14 471 2
10 10 471 10
14 14 1313 13
16 16 21 8
15 15 455 2
18 18 297 5
18 9 1010 14
18 18 1010 21
2 2 495 5
19 19 874 15
3 17 740 11
3 3 740 1
5 10 648 4
5 5 648 2
5 5 835 13
7 4 611 2
7 7 611 3
7 12 1070 1
7 7 1070 7
11 11 313 1
14 10 1183 1
14 14 1183 7
15 15 1303 1
13 13 821 5
17 17 743 1
17 17 42 3
0 0 110 6
0 0 1304 23
19 19 987 5
18 16 278 1
18 18 278 7
14 18 180 12
14 14 180 2
14 19 278 6
14 14 278 1
18 18 660 2
1 1 1343 18
3 7 120 1
3 3 120 6
13 11 696 9
13 13 696 1
0 4 1272 9
0 0 1272 4
6 9 1066 13
6 6 1066 1
11 2 1182 5
11 11 1182 3
7 4 1228 13
7 7 1228 9
11 18 447 5
11 11 447 1
12 14 263 7
12 12 263 1
14 14 1082 21
15 15 992 8
12 2 782 1
12 12 782 10
0 0 753 6
16 16 400 3
6 6 728 4
8 8 647 2
7 7 124 10
16 16 1325 19
13 2 853 3
13 13 853 3
13 16 685 6
13 13 685 8
1 13 504 8
1 1 504 24
2 2 83 9
8 16 1420 12
8 8 1420 7
5 7 38 13
5 5 38 9
6 12 257 12
6 6 257 13
7 7 626 4
15 10 1308 6
15 15 1308 6
12 12 913 2
19 19 1292 3
11 17 1357 7
11 11 1357 1
19 19 992 9
8 6 1051 3
8 8 1051 2
3 10 1329 14
3 3 1329 13
7 15 343 1
7 7 343 8
7 7 802 4
9 9 583 1
11 11 912 3
13 15 55 8
13 13 55 13
17 17 361 2
15 10 226 10
15 15 226 1
5 5 707 1
5 12 1255 8
5 5 1255 2
5 18 472 8
5 5 472 10
5 5 1297 5
13 19 392 11
13 13 392 1
15 15 420 3
18 18 85 2
5 1 1032 13
5 5 1032 2
3 5 1048 5
3 3 1048 1
8 14 654 7
8 8 654 1
5 5 804 5
7 7 117 4
7 2 960 7
7 7 960 3
8 8 1022 2
13 13 846 2
9 9 774 5
14 12 473 8
14 14 473 3
14 14 1182 1
2 2 1355 11
16 5 212 13
16 16 212 6
19 19 75 1
5 18 47 6
5 5 47 4
9 7 401 11
9 9 401 6
7 5 593 3
7 7 593 3
12 12 215 2
16 0 163 4
16 16 163 3
16 16 615 3
1 1 1432 5
19 19 1001 22
11 2 1005 13
11 11 1005 3
4 4 294 29
6 6 1021 7
7 11 332 2
7 7 332 3
7 7 742 18
9 0 1027 11
9 9 1027 1
16 16 248 1
14 14 763 5
13 2 1361 5
13 13 1361 3
2 2 1133 19
14 1 618 3
14 14 618 5
3 2 102 6
3 3 102 3
12 12 522 5
3 5 1008 11
3 3 1008 1
18 3 387 7
18 18 387 8
8 3 123 8
8 8 123 1
7 7 936 1
15 7 1006 8
15 15 1006 3
11 11 998 7
14 14 1419 14
12 12 834 3
12 15 1167 5
12 12 1167 11
16 16 944 9
0 0 341 8
0 18 719 10
0 0 719 1
8 16 1247 2
8 8 1247 16
5 15 1137 9
5 5 1137 3
3 3 586 1
9 19 1231 13
9 9 1231 1
7 16 1412 8
7 7 1412 1
13 13 700 1
16 16 448 12
13 19 274 9
13 13 274 1
14 19 416 12
14 14 416 10
15 6 466 13
15 15 466 3
14 6 1060 7
14 14 1060 2
19 1 23 12
19 19 23 7
0 0 1187 2
12 12 181 5
10 10 616 5
11 11 1386 4
15 19 789 8
15 15 789 1
11 16 196 8
11 11 196 2
13 13 216 1
19 6 1023 5
19 19 1023 10
15 9 660 4
15 15 660 25
9 16 399 4
9 9 399 2
0 15 676 10
0 0 676 4
19 19 571 6
17 17 351 6
6 10 1012 5
6 6 1012 9
8 0 403 10
8 8 403 1
6 6 853 15
11 11 927 30
9 9 1028 1
1 1 600 7
17 6 347 8
17 17 347 4
17 5 174 9
17 17 174 7
14 18 939 9
14 14 939 1
5 17 1257 12
5 5 1257 4
3 8 1017 7
3 3 1017 10
9 9 783 1
0 0 1145 11
13 13 1007 12
13 13 442 5
16 16 1307 4
18 18 71 4
5 0 1149 9
5 5 1149 4
3 15 691 11
3 3 691 2
18 18 1048 8
5 5 790 2
3 2 956 13
3 3 956 2
9 9 664 1
9 9 1363 1
13 15 693 14
13 13 693 1
16 3 1041 10
16 16 1041 2
13 17 1121 3
13 13 1121 6
2 2 1373 2
1 1 451 17
0 0 1397 17
18 18 1132 1
1 1 1068 5
5 0 1419 5
5 5 1419 10
3 15 1175 1
3 3 1175 4
7 7 401 2
7 11 248 12
7 7 248 2
7 7 806 8
15 3 863 10
15 15 863 1
12 12 197 1
12 2 1119 1
12 12 1119 8
16 15 1221 13
16 16 1221 4
8 10 180 7
8 8 180 7
8 8 410 1
7 12 322 12
7 7 322 7
11 11 1069 1
10 10 63 3
12 12 340 5
16 16 330 1
13 13 1208 5
14 14 830 11
13 4 1045 7
13 13 1045 5
18 18 760 5
19 19 689 9
4 4 529 3
8 8 1354 4
8 8 1183 1
5 2 307 3
5 5 307 4
5 10 910 13
5 5 910 3
7 1 467 4
7 7 467 3
11 10 1210 12
11 11 1210 1
13 13 1000 1
13 2 435 4
13 13 435 7
14 19 3 12
14 14 3 5
14 1 628 11
14 14 628 2
16 16 876 6
0 0 733 2
3 17 229 6
3 3 229 4
3 19 696 2
3 3 696 3
8 5 878 9
8 8 878 6
6 6 777 3
8 14 248 9
8 8 248 6
7 3 96 13
7 7 96 7
7 7 1270 1
9 15 1364 6
9 9 1364 12
14 13 366 6
14 14 366 2
13 12 965 7
13 13 965 1
2 2 55 14
19 2 911 14
19 19 911 6
8 9 1021 8
8 8 1021 1
8 11 306 11
8 8 306 1
19 19 1271 4
7 13 1035 4
7 7 1035 21
12 4 521 7
12 12 521 1
15 1 815 7
15 15 815 5
14 6 349 13
14 14 349 1
16 16 588 10
17 7 258 11
17 17 258 4
2 2 531 2
3 3 854 12
5 5 614 2
19 4 896 5
19 19 896 2
9 19 611 2
9 9 611 6
16 19 1079 13
16 16 1079 13
0 3 549 11
0 0 549 1
12 12 291 12
15 18 67 2
15 15 67 2
3 0 999 4
3 3 999 3
8 14 16 6
8 8 16 1
7 7 919 2
11 11 464 16
8 4 953 5
8 8 953 7
13 13 428 7
15 15 973 1
14 2 639 4
14 14 639 4
0 0 314 1
1 18 1165 14
1 1 1165 12
3 3 673 1
8 8 789 2
18 18 493 6
5 5 792 6
7 15 89 14
7 7 89 6
10 10 66 20
13 15 317 12
13 13 317 7
14 16 437 11
14 14 437 6
0 0 425 5
18 18 968 3
10 15 692 4
10 10 692 1
14 14 1350 1
15 3 767 7
15 15 767 2
6 6 590 4
7 13 291 13
7 7 291 3
9 9 539 5
7 9 1024 1
7 7 1024 1
11 16 235 14
11 11 235 1
15 6 120 6
15 15 120 2
8 8 606 2
14 14 243 1
17 6 896 14
17 17 896 9
14 15 921 4
14 14 921 7
18 18 142 2
0 0 909 5
6 5 985 11
6 6 985 3
1 1 979 1
9 5 977 14
9 9 977 17
7 7 714 3
9 9 1087 1
14 14 727 3
1 1 564 14
19 7 703 14
19 19 703 2
8 5 706 2
8 8 706 3
5 8 1008 14
5 5 1008 1
9 18 367 7
9 9 367 3
9 9 802 8
11 1 457 13
11 11 457 2
14 14 582 13
14 14 701 16
3 8 1149 10
3 3 1149 3
8 8 337 1
13 6 772 10
13 13 772 4
7 12 541 9
7 7 541 2
15 0 846 4
15 15 846 3
13 10 672 8
13 13 672 1
16 16 1228 5
17 17 1234 4
16 16 102 7
16 16 555 7
18 18 374 1
1 1 470 1
2 2 489 6
1 1 1079 5
3 10 352 8
3 3 352 2
5 5 12 13
7 7 280 5
7 10 690 3
7 7 690 8
10 16 604 11
10 10 604 1
15 1 1350 13
15 15 1350 1
13 13 252 5
14 14 250 7
19 19 1334 14
1 1 327 19
14 3 1112 2
14 14 1112 15
5 5 1212 4
3 18 497 5
3 3 497 4
8 11 1061 9
8 8 1061 7
6 6 976 3
5 5 616 2
13 13 1019 5
17 11 1003 2
17 17 1003 5
12 12 347 7
12 12 1243 3
17 15 327 6
17 17 327 1
17 16 313 13
17 17 313 14
8 14 1204 2
8 8 1204 18
8 10 713 9
8 8 713 4
9 12 1138 1
9 9 1138 1
11 7 1185 12
11 11 1185 25
11 19 628 9
11 11 628 4
11 11 59 1
14 2 1390 6
14 14 1390 4
15 16 979 11
15 15 979 13
15 3 398 6
15 15 398 1
2 2 1422 10
0 0 1047 3
16 1 522 7
16 16 522 3
5 1 1118 9
5 5 1118 4
6 5 242 3
6 6 242 15
10 10 676 4
12 12 1017 17
9 8 1359 12
9 9 1359 4
10 10 1351 40
3 3 1156 9
12 12 1004 13
12 9 1337 1
12 12 1337 5
16 16 546 1
0 0 1158 4
8 12 1384 14
8 8 1384 4
8 8 1117 2
5 1 117 7
5 5 117 2
7 0 273 1
7 7 273 7
7 9 683 1
7 7 683 4
11 10 850 2
11 11 850 12
14 5 1215 4
14 14 1215 3
12 12 233 13
2 2 1317 5
12 3 1091 8
12 12 1091 5
13 13 1302 4
0 0 86 19
18 0 1302 2
18 18 1302 4
19 2 47 8
19 19 47 7
8 10 1068 6
8 8 1068 1
8 18 438 1
8 8 438 6
10 5 845 4
10 10 845 2
9 15 963 10
9 9 963 8
2 2 1371 2
12 12 645 7
17 12 1013 4
17 17 1013 4
14 14 673 4
2 2 1091 4
6 6 1228 19
6 6 1297 2
5 18 994 12
5 5 994 2
9 9 812 9
5 10 165 12
5 5 165 4
2 2 1047 3
15 15 1133 4
14 7 31 12
14 14 31 1
13 13 1069 6
19 19 1126 1
2 1 104 3
2 2 104 4
5 9 237 6
5 5 237 8
9 4 162 6
9 9 162 1
13 13 157 3
5 4 515 14
5 5 515 12
3 3 1303 5
4 18 246 12
4 4 246 2
3 3 1272 1
6 6 132 10
9 15 416 4
9 9 416 9
10 10 574 13
17 6 844 9
17 17 844 21
18 4 928 14
18 18 928 20
15 15 1364 1
17 17 235 20
18 7 251 5
18 18 251 7
0 0 914 4
18 2 1297 13
18 18 1297 5
19 19 613 9
8 8 1235 1
8 7 616 10
8 8 616 3
8 8 445 6
7 4 874 7
7 7 874 4
10 10 1184 8
16 17 1043 2
16 16 1043 14
12 12 1225 2
15 17 367 9
15 15 367 2
17 17 132 16
18 18 10 5
1 1 1400 6
5 5 1087 1
6 6 1288 9
3 3 1430 4
8 6 12 6
8 8 12 2
9 18 130 12
9 9 130 2
7 13 1350 14
7 7 1350 2
11 11 41 18
12 12 454 14
14 2 486 9
14 14 486 2
14 14 603 9
13 8 1174 9
13 13 1174 12
5 5 1088 2
13 17 1369 6
13 13 1369 5
8 8 326 5
8 8 155 4
8 8 30 25
11 11 134 3
14 0 1206 10
14 14 1206 2
15 13 1324 7
15 15 1324 3
9 11 247 11
9 9 247 3
14 16 970 9
14 14 970 3
19 19 1244 3
18 18 812 7
0 0 1327 5
12 12 1180 8
19 10 944 10
19 19 944 9
4 4 786 1
9 16 425 13
9 9 425 1
9 6 124 8
9 9 124 1
11 11 832 5
6 6 635 17
17 17 1283 8
15 4 776 11
15 15 776 7
16 16 218 7
15 14 178 4
15 15 178 11
14 7 724 4
14 14 724 3
1 1 170 9
17 7 45 12
17 17 45 5
5 11 1175 5
5 5 1175 4
3 3 955 1
6 6 1054 3
18 8 996 12
18 18 996 3
10 12 895 12
10 10 895 3
9 18 1408 4
9 9 1408 3
19 14 1218 2
19 19 1218 19
14 17 691 8
14 14 691 3
1 1 528 1
0 6 536 3
0 0 536 7
18 18 1179 2
19 8 731 4
19 19 731 2
11 17 187 12
11 11 187 3
13 13 110 4
19 19 1241 3
11 11 1236 1
3 3 1200 2
8 9 1014 12
8 8 1014 2
15 13 444 3
15 15 444 3
18 18 819 11
17 17 443 13
1 1 385 5
0 0 1276 2
19 19 840 22
3 11 207 13
3 3 207 2
5 16 223 14
5 5 223 2
8 18 333 8
8 8 333 4
14 16 95 7
14 14 95 5
7 7 513 4
9 2 86 7
9 9 86 4
14 6 1209 9
14 14 1209 6
7 7 728 4
15 8 607 14
15 15 607 6
14 14 973 1
10 2 893 11
10 10 893 2
19 19 953 1
19 19 302 11
16 16 723 3
6 8 118 4
6 6 118 8
7 7 380 4
9 8 1267 2
9 9 1267 3
14 4 1064 14
14 14 1064 1
15 15 1370 1
14 9 1147 6
14 14 1147 1
2 2 1213 5
5 5 567 1
18 18 752 6
4 4 936 1
18 18 395 32
9 9 291 1
10 17 435 8
10 10 435 12
7 7 1319 2
13 12 934 13
13 13 934 3
0 0 543 2
19 19 301 1
2 2 783 49
5 6 1057 3
5 5 1057 3
3 17 634 14
3 3 634 4
6 6 762 5
8 9 741 14
8 8 741 5
7 7 34 1
11 0 490 7
11 11 490 22
11 11 1230 6
18 17 600 3
18 18 600 5
18 17 1365 3
18 18 1365 5
1 5 1275 14
1 1 1275 10
4 4 881 20
16 7 179 9
16 16 179 4
3 1 1118 9
3 3 1118 1
5 3 659 14
5 5 659 3
7 7 179 4
11 19 1370 2
11 11 1370 2
18 7 724 1
18 18 724 2
11 11 180 7
14 6 1200 1
14 14 1200 6
17 17 1207 8
2 5 1285 3
2 2 1285 25
3 12 325 4
3 3 325 6
3 7 1263 11
3 3 1263 3
8 9 451 2
8 8 451 5
7 18 655 5
7 7 655 3
11 4 894 8
11 11 894 1
11 18 261 5
11 11 261 9
13 13 590 2
12 12 1127 12
13 13 1338 1
14 18 288 9
14 14 288 1
15 13 495 14
15 15 495 10
18 8 640 7
18 18 640 4
4 4 1398 11
9 9 292 1
9 13 935 9
9 9 935 3
14 14 72 13
17 17 292 10
1 12 959 1
1 1 959 2
0 0 161 1
18 14 894 6
18 18 894 2
4 4 16 2
3 6 172 7
3 3 172 1
3 3 611 5
5 5 176 2
8 16 748 13
8 8 748 9
6 6 395 15
7 7 998 5
10 2 1427 5
14 18 1357 4
14 14 1357 10
15 15 1089 4
15 19 572 9
15 15 572 3
13 3 1105 7
13 13 1105 4
0 0 848 2
0 12 1226 1
0 0 1226 5
3 3 916 4
6 16 1083 12
6 6 1083 8
3 18 1095 13
3 3 1095 4
6 9 282 13
6 6 282 15
9 3 729 8
9 9 729 4
11 11 742 4
14 5 144 11
14 14 144 14
14 3 1163 2
14 14 1163 2
1 1 498 6
15 13 685 13
15 15 685 1
14 5 991 13
14 14 991 10
19 19 1267 2
0 1 1332 9
0 0 1332 3
13 9 1347 6
13 13 1347 1
5 10 82 4
5 5 82 2
10 10 466 5
11 19 314 2
11 11 314 3
19 19 889 7
13 13 1331 3
13 13 411 3
5 5 1154 1
17 4 495 9
17 17 495 24
8 2 89 7
8 8 89 4
1 1 1307 3
15 11 1163 1
15 15 1163 6
13 11 984 14
13 13 984 1
0 0 749 4
3 2 616 12
3 3 616 2
7 7 1237 10
12 0 915 3
12 12 915 9
9 8 1284 4
9 9 1284 5
10 10 608 7
12 9 93 9
12 12 93 8
12 12 490 5
17 17 767 6
18 9 897 9
18 18 897 1
15 15 885 1
4 4 1357 12
8 2 354 13
8 8 354 2
5 5 848 1
1 1 1406 12
3 3 1165 2
13 16 325 6
13 13 325 5
16 3 183 11
16 16 183 5
14 14 934 5
19 19 98 7
6 6 801 27
1 1 1126 1
13 12 160 5
13 13 160 3
4 4 323 35
6 5 534 2
6 6 534 3
9 9 453 4
7 7 765 1
11 19 876 13
11 11 876 13
13 13 11 4
16 16 651 19
18 5 214 5
18 18 214 1
18 18 675 1
19 19 211 6
4 4 901 1
3 0 1386 11
3 3 1386 6
8 14 64 8
8 8 64 5
6 6 965 11
16 16 1142 24
16 16 384 5
13 19 1266 5
13 13 1266 17
0 9 330 13
0 0 330 2
18 18 105 2
6 6 108 6
6 18 1178 3
6 6 1178 9
6 6 751 4
8 0 666 14
8 8 666 7
6 6 979 5
11 19 1264 11
11 11 1264 1
9 9 1293 2
10 10 1413 14
9 10 750 10
9 9 750 2
12 12 481 2
15 17 505 14
15 15 505 5
1 1 80 23
18 18 1038 10
3 19 299 2
3 3 299 5
3 3 766 6
5 0 51 6
5 5 51 3
5 15 857 7
5 5 857 6
9 16 715 1
9 9 715 3
11 19 219 13
11 11 219 1
14 12 1173 7
14 14 1173 3
12 12 624 11
12 12 452 1
2 13 1262 3
2 2 1262 8
1 1 286 8
2 6 1009 12
2 2 1009 9
5 10 1342 9
5 5 1342 3
7 7 352 2
11 11 1035 1
12 13 186 14
12 12 186 1
12 19 711 13
12 12 711 6
17 17 811 15
15 18 726 10
15 15 726 3
18 18 666 9
19 19 655 15
6 6 338 2
3 3 924 8
11 11 1176 4
13 14 970 3
13 13 970 11
15 5 526 1
15 15 526 3
1 11 898 3
1 1 898 9
1 1 56 19
18 18 1270 27
3 3 131 15
6 6 742 6
18 15 87 11
18 18 87 2
16 8 1276 7
16 16 1276 1
8 8 1289 2
13 19 1159 2
13 13 1159 6
18 18 1125 7
0 0 1386 9
3 6 1210 7
3 3 1210 9
5 5 759 15
4 4 1409 8
7 9 151 12
7 7 151 19
1 1 75 5
7 4 1065 7
7 7 1065 5
11 11 208 11
13 6 737 3
13 13 737 2
12 12 623 1
14 14 383 4
10 10 225 11
13 5 897 2
13 13 897 6
3 1 884 11
3 3 884 2
3 3 1227 2
5 5 536 9
10 10 946 8
9 9 906 2
11 18 289 13
11 11 289 4
12 12 177 2
12 7 766 7
12 12 766 16
16 16 761 5
1 1 733 31
1 1 128 16
4 4 574 5
3 4 1368 1
3 3 1368 2
7 7 494 5
7 10 949 10
7 7 949 4
7 5 1280 1
7 7 1280 9
15 9 841 7
15 15 841 1
14 15 426 13
14 14 426 4
6 6 660 2
15 5 1076 14
15 15 1076 1
12 12 1178 2
17 17 256 2
18 18 1072 20
1 4 49 12
1 1 49 4
8 8 122 1
14 16 954 10
14 14 954 4
8 8 1342 8
5 5 826 5
10 10 660 3
11 11 1262 2
9 13 1343 5
9 9 1343 8
17 8 982 8
17 17 982 4
13 15 852 10
13 13 852 1
13 8 827 11
13 13 827 7
13 18 1141 14
13 13 1141 3
19 17 8 6
19 19 8 3
3 1 281 13
3 3 281 2
10 10 615 1
12 12 217 10
12 12 947 2
14 14 326 4
19 6 1295 4
19 19 1295 18
16 17 1197 5
16 16 1197 3
8 4 486 12
8 8 486 5
7 7 57 3
11 19 915 14
11 11 915 1
10 10 1257 14
15 15 891 5
13 2 1367 4
13 13 1367 2
0 0 21 3
2 2 265 2
4 4 114 9
3 3 906 5
6 6 479 4
7 7 946 3
13 5 167 5
13 13 167 1
9 10 972 13
9 9 972 5
17 17 950 10
15 1 423 8
15 15 423 7
0 2 1086 9
0 0 1086 9
3 8 241 3
3 3 241 4
3 17 1051 7
3 3 1051 1
5 15 360 9
5 5 360 2
7 7 116 1
7 1 963 12
7 7 963 21
7 12 1422 11
12 8 65 4
12 12 65 15
16 16 4 1
3 6 725 11
3 3 725 8
7 7 318 3
10 10 187 6
16 16 279 1
11 11 206 2
17 17 1338 10
14 5 262 4
14 14 262 1
5 14 1321 8
5 5 1321 2
3 3 866 3
6 3 1010 2
6 6 1010 2
6 6 71 6
7 7 335 8
7 7 737 1
7 10 1196 7
7 7 1196 1
15 1 1429 8
14 8 135 14
14 14 135 3
14 14 760 1
0 0 236 1
0 0 1414 1
7 7 1413 1
5 17 923 12
5 5 923 2
7 12 476 14
7 7 476 6
7 10 1398 7
7 7 1398 7
17 17 1124 10
15 14 1009 8
15 15 1009 1
2 2 1350 5
8 8 1016 1
2 2 1053 25
18 13 534 8
18 18 534 7
8 19 1324 10
8 8 1324 5
10 8 646 1
10 10 646 1
13 0 699 1
13 13 699 1
16 16 1249 3
17 17 1269 14
12 12 1311 3
18 18 662 2
1 1 1066 2
5 10 1409 4
5 5 1409 2
8 8 1008 6
7 0 311 5
7 7 311 4
12 12 207 7
15 17 1240 7
15 15 1240 2
3 16 118 1
3 3 118 1
0 16 116 4
0 0 116 3
19 19 135 48
1 1 1424 8
3 3 404 5
3 15 1342 11
3 3 1342 10
8 10 404 8
8 8 404 6
7 7 787 2
11 6 897 13
11 11 897 4
12 12 747 12
14 3 142 4
14 14 142 2
13 12 1214 1
13 13 1214 8
13 3 1353 2
13 13 1353 8
18 18 53 1
18 18 766 19
16 18 547 11
16 16 547 8
3 17 1016 1
3 3 1016 1
3 2 1359 14
3 3 1359 5
17 19 81 9
17 17 81 10
11 11 421 11
7 7 717 8
13 13 1039 3
1 1 1006 13
15 16 374 3
15 15 374 9
19 8 357 3
19 19 357 24
19 19 792 5
3 19 255 5
3 3 255 8
5 5 143 3
5 5 346 5
8 9 242 1
8 8 242 2
7 15 561 2
7 7 561 16
11 11 728 6
17 17 561 3
15 7 474 8
15 15 474 14
18 18 266 12
19 15 31 11
19 19 31 16
18 16 1133 3
18 18 1133 1
1 14 1059 6
1 1 1059 1
7 7 300 11
7 13 251 1
7 7 251 5
11 11 809 17
12 12 198 5
17 2 895 2
17 17 895 1
14 15 347 14
14 14 347 2
15 2 75 8
15 15 75 18
3 3 167 3
8 19 296 4
8 8 296 2
5 9 1307 2
5 5 1307 7
5 17 417 12
5 5 417 2
8 19 411 12
8 8 411 1
2 2 1018 14
9 4 934 2
9 9 934 1
9 3 1036 13
9 9 1036 7
10 6 1154 7
10 10 1154 9
3 3 159 8
12 12 1071 4
16 16 784 4
8 11 565 5
8 8 565 13
13 1 993 3
13 13 993 1
2 2 863 27
5 16 1233 9
5 5 1233 11
8 8 1152 3
5 19 306 7
5 5 306 1
5 2 909 12
5 5 909 1
7 7 921 15
7 7 1380 7
10 10 1239 13
10 8 1045 14
10 10 1045 3
8 17 952 8
8 8 952 1
16 16 474 15
17 16 826 10
17 17 826 11
2 2 718 28
5 5 1122 3
3 3 699 6
4 4 600 13
6 6 782 1
5 5 798 2
7 7 558 3
11 11 721 1
16 5 1290 7
16 16 1290 6
13 18 888 3
13 13 888 6
12 12 960 3
19 19 1185 19
19 18 1210 1
19 19 1210 3
0 17 1202 5
0 0 1202 1
1 1 1060 6
4 4 141 27
5 14 25 2
5 5 25 6
8 6 307 3
8 8 307 10
7 7 240 7
17 17 1325 13
17 17 699 10
17 17 14 3
17 9 183 3
17 17 183 9
2 11 528 7
2 2 528 3
8 16 1080 12
8 8 1080 8
10 10 849 3
10 2 39 5
10 10 39 2
14 18 167 12
14 14 167 2
9 10 959 4
9 9 959 2
12 12 1062 9
14 6 717 1
14 14 717 1
15 12 193 2
15 15 193 1
0 2 550 6
0 0 550 21
3 3 92 3
8 7 1394 11
8 8 1394 14
8 8 1159 3
7 7 1195 1
8 8 17 2
4 4 265 1
10 15 381 10
10 10 381 2
7 16 1373 12
7 7 1373 7
11 4 12 14
11 11 12 23
10 12 1052 10
10 10 1052 5
16 16 1095 41
13 14 427 6
13 13 427 1
12 9 1205 10
12 12 1205 10
14 18 636 13
14 14 636 1
0 7 315 14
0 0 315 1
0 0 134 8
0 0 725 8
0 4 1050 2
0 0 1050 1
9 9 246 1
12 18 101 6
12 12 101 21
15 15 1158 5
15 8 637 12
15 15 637 5
16 16 807 7
0 0 1348 3
2 2 15 1
3 3 56 6
5 16 2 3
5 5 2 5
5 5 457 9
10 10 514 5
13 16 194 14
13 13 194 5
17 16 873 9
17 17 873 1
1 1 149 6
17 17 1247 9
3 11 52 13
3 3 52 3
9 7 1376 11
9 9 1376 4
3 1 1301 9
3 3 1301 2
14 15 1240 2
14 14 1240 1
9 9 285 3
8 8 96 6
15 15 275 1
15 7 206 10
15 15 206 9
6 12 190 7
6 6 190 28
5 5 1219 14
16 16 414 10
4 4 426 16
5 16 292 12
5 5 292 3
19 19 481 4
10 10 811 10
15 16 1250 14
15 15 1250 17
10 10 1031 14
13 13 793 3
12 12 871 6
17 13 907 13
17 17 907 5
18 18 484 9
18 18 664 2
14 3 1260 13
14 14 1260 5
3 16 681 1
3 3 681 7
8 12 338 2
8 8 338 1
14 18 226 3
14 14 226 10
14 13 1014 10
14 14 1014 3
18 18 375 3
18 18 960 7
0 2 1371 14
0 0 1371 3
19 2 81 11
19 19 81 9
8 4 1004 12
8 8 1004 1
7 2 230 9
7 7 230 2
16 16 1200 4
9 19 1238 3
9 9 1238 10
15 19 828 12
15 15 828 1
3 3 1273 5
18 2 134 10
18 18 134 8
17 2 262 5
17 17 262 1
18 18 1308 6
10 10 777 16
9 13 1198 10
9 9 1198 1
10 10 412 6
10 7 41 3
10 10 41 10
9 9 1063 10
16 16 1062 12
17 10 1011 2
17 17 1011 2
13 0 1186 3
13 13 1186 2
15 15 215 4
14 2 857 1
14 14 857 1
18 18 1199 2
7 7 1352 2
10 10 722 13
9 9 810 2
7 7 1363 3
13 13 786 7
13 8 1075 13
13 13 1075 15
19 19 1120 6
4 4 992 24
3 6 219 9
3 3 219 5
7 18 78 7
7 7 78 4
10 10 742 12
15 15 1172 4
14 9 1017 11
14 14 1017 10
18 18 1412 11
18 18 796 13
11 11 643 1
4 4 813 1
3 3 831 2
3 11 1266 6
3 3 1266 4
4 4 1036 5
9 13 446 8
9 9 446 7
9 0 516 4
9 9 516 3
11 11 280 9
15 4 1358 14
15 15 1358 5
16 16 280 2
16 16 237 11
1 1 660 2
17 9 219 6
17 17 219 1
8 5 1069 10
8 8 1069 2
3 2 1283 2
3 3 1283 1
9 2 271 7
9 9 271 1
7 14 1158 4
7 7 1158 7
5 0 404 3
5 5 404 3
14 13 109 1
14 14 109 7
11 8 1299 8
11 11 1299 1
16 16 705 11
18 18 16 12
18 12 1190 8
18 18 1190 5
1 1 1382 2
5 2 1077 14
5 5 1077 2
3 0 663 8
3 3 663 10
17 17 905 2
8 4 1419 5
8 8 1419 1
17 0 732 1
17 17 732 11
14 14 928 6
14 14 28 3
17 17 456 2
8 2 1408 14
8 8 1408 11
5 8 1094 12
5 5 1094 2
6 19 1116 10
6 6 1116 21
5 18 236 12
5 5 236 1
8 7 320 10
8 8 320 1
8 8 149 6
7 12 71 10
7 7 71 1
10 9 249 10
10 10 249 4
11 11 128 3
13 15 721 5
13 13 721 10
13 0 156 5
13 13 156 1
12 5 1300 5
12 12 1300 6
16 16 538 6
15 15 1221 3
5 10 125 5
5 5 125 8
5 5 253 9
7 7 212 4
9 9 525 2
11 9 273 12
11 11 273 1
14 13 197 14
14 14 197 11
14 14 318 6
13 13 1294 8
18 18 248 3
19 19 612 1
8 1 1236 6
8 8 1236 11
3 5 1288 4
3 3 1288 4
5 1 601 6
5 5 601 1
9 14 304 14
9 9 304 3
9 0 971 14
9 9 971 1
7 16 1279 11
7 7 1279 1
12 12 701 10
14 14 116 2
9 7 711 14
9 9 711 4
1 1 193 5
17 8 756 1
17 17 756 11
3 2 527 6
3 3 527 13
7 7 1197 3
5 3 287 7
5 5 287 2
6 6 423 3
9 9 129 1
14 14 1401 9
11 7 1173 7
11 11 1173 3
17 17 638 8
14 14 600 3
1 8 399 13
1 1 399 10
2 2 96 7
15 10 1206 5
15 15 1206 5
5 15 213 10
5 5 213 2
6 1 310 9
6 6 310 28
7 7 188 2
7 12 523 4
7 7 523 11
10 10 1398 7
13 3 714 1
13 13 714 7
15 8 1327 4
15 15 1327 1
12 12 1320 7
15 9 12 9
15 15 12 3
19 19 1247 12
13 13 1403 4
4 4 1372 21
2 2 604 7
4 4 787 26
5 19 102 4
5 5 102 5
5 4 561 13
5 5 561 3
10 10 810 1
10 8 115 14
10 10 115 3
14 18 1062 10
14 14 1062 2
0 0 985 17
14 14 257 4
15 15 189 1
2 2 1187 10
5 1 1377 3
5 5 1377 17
3 19 954 9
3 3 954 1
8 19 528 12
8 8 528 8
5 4 578 1
5 5 578 6
9 9 313 4
7 12 866 5
7 7 866 8
9 5 1415 14
9 9 1415 2
10 0 1192 4
10 10 1192 7
15 10 107 11
15 15 107 4
18 18 378 9
19 7 349 3
19 19 349 2
7 19 675 14
7 7 675 1
4 4 740 2
3 13 628 6
3 3 628 6
8 8 767 9
7 17 36 14
7 7 36 3
11 11 1239 12
12 12 1189 9
14 18 1344 14
14 14 1344 6
12 13 1360 1
12 12 1360 17
0 8 648 7
0 0 648 4
2 2 676 7
5 14 1096 8
5 5 1096 8
3 4 645 10
3 3 645 17
3 3 1112 2
6 6 228 14
6 16 297 2
6 6 297 13
7 18 512 12
7 7 512 1
15 8 770 8
15 15 770 5
11 11 190 6
15 15 1332 2
14 5 409 11
14 14 409 7
15 8 21 9
15 15 21 5
2 2 1002 3
14 2 883 7
14 14 883 17
8 14 1139 14
8 8 1139 13
5 5 570 4
15 15 1146 6
9 8 100 4
9 9 100 2
14 14 1065 7
15 0 719 6
15 15 719 7
1 1 767 4
18 18 695 10
2 2 925 3
4 4 937 4
6 18 1384 12
6 6 1384 4
6 6 957 8
8 6 746 3
8 8 746 2
13 0 933 13
13 13 933 1
17 17 991 1
13 14 1222 10
13 13 1222 5
0 18 171 2
0 0 171 30
19 19 300 1
16 3 1271 7
16 16 1271 2
14 16 852 1
14 14 852 3
5 17 182 10
5 5 182 1
14 14 1355 2
16 16 43 20
16 13 1008 11
16 16 1008 24
0 0 277 11
1 1 409 3
17 7 752 8
17 17 752 4
8 8 800 11
5 5 658 1
5 8 877 9
5 5 877 10
10 3 146 13
10 10 146 8
17 1 333 13
17 17 333 14
14 14 1153 9
13 13 135 4
0 0 667 4
3 3 14 5
15 15 18 3
16 19 465 12
16 16 465 9
5 2 547 6
5 5 547 5
7 7 654 1
9 4 3 13
9 9 3 5
11 11 260 1
14 16 1072 3
14 14 1072 1
13 14 24 4
13 13 24 5
17 17 839 4
16 16 670 12
18 18 229 9
3 3 469 8
5 19 948 5
5 5 948 8
6 6 340 4
16 16 403 9
13 3 763 9
13 13 763 9
18 18 427 12
0 17 162 3
0 0 162 5
18 18 705 4
18 18 362 11
6 14 1251 14
6 6 1251 2
4 4 39 2
18 12 446 7
18 18 446 1
9 11 1221 1
9 9 1221 2
5 13 965 4
5 5 965 2
10 3 1069 14
10 10 1069 5
19 17 904 1
19 19 904 7
15 15 575 7
14 14 557 5
19 19 1157 4
18 0 903 11
18 18 903 11
3 3 755 11
3 15 1094 4
3 3 1094 1
7 2 630 9
7 7 630 13
17 17 960 18
10 10 372 9
16 13 177 6
16 16 177 2
17 17 843 1
19 18 92 13
19 19 92 3
2 2 553 3
5 7 81 14
5 5 81 1
5 1 556 1
5 5 556 5
7 4 365 4
7 7 365 4
9 7 1107 13
9 9 1107 4
11 11 317 8
13 1 1330 13
13 13 1330 1
10 10 89 20
5 5 1153 1
4 7 927 14
4 4 927 9
3 4 913 7
3 3 913 1
5 9 482 12
5 5 482 6
9 10 300 4
9 9 300 4
10 13 418 10
10 10 418 17
14 0 444 4
14 14 444 2
16 16 1136 6
0 14 372 11
0 0 372 5
8 8 1331 1
8 12 863 14
8 8 863 4
10 10 760 11
10 10 309 4
15 12 289 2
15 15 289 2
7 7 134 12
15 8 1097 10
15 15 1097 1
14 0 451 9
14 14 451 7
17 17 429 14
18 18 309 6
18 18 587 2
0 0 1218 2
19 19 862 9
5 8 863 7
5 5 863 2
10 10 587 2
10 10 132 10
7 13 1082 12
7 7 1082 2
13 13 185 9
12 9 903 5
12 12 903 4
11 3 1269 1
11 11 1269 3
19 19 1275 3
18 18 785 3
2 2 394 3
3 1 434 1
3 3 434 5
8 4 1128 12
8 8 1128 5
5 13 90 7
5 5 90 4
8 16 498 6
8 8 498 5
7 2 362 7
7 7 362 3
7 6 1099 5
7 7 1099 18
4 4 168 12
18 6 215 3
18 18 215 14
5 14 1399 11
5 5 1399 3
16 2 1311 14
16 16 1311 7
4 4 902 13
5 3 491 10
5 5 491 9
4 4 257 8
7 16 838 7
7 7 838 6
9 14 1142 4
9 9 1142 8
9 9 1199 1
15 15 1057 7
13 13 1265 1
1 1 627 12
4 4 1195 46
8 14 1329 11
8 8 1329 2
6 6 748 1
5 5 823 1
10 5 1410 1
10 10 1410 2
14 16 458 2
14 14 458 1
13 13 1090 4
19 4 432 10
19 19 432 10
19 19 871 3
5 5 891 8
3 10 1204 1
3 3 1204 4
5 7 653 1
5 5 653 5
17 17 1020 25
16 5 1344 13
16 16 1344 4
17 11 564 10
17 17 564 1
14 14 942 1
0 0 105 5
2 2 389 3
1 1 1419 5
8 8 788 1
8 1 932 14
8 8 932 13
7 11 355 7
7 7 355 3
7 7 814 5
19 19 1161 1
10 19 1252 7
10 10 1252 5
12 12 187 8
16 8 361 11
16 16 361 7
15 15 291 10
17 17 192 7
0 6 24 1
0 0 24 8
19 19 219 13
8 8 1278 3
7 1 959 9
7 7 959 1
10 15 1143 9
10 10 1143 3
13 13 969 1
16 16 504 9
16 16 845 8
18 18 97 8
0 11 1057 14
0 0 1057 4
19 19 767 7
5 5 1028 4
18 18 1211 9
8 6 642 10
8 8 642 5
11 19 703 2
11 11 703 2
14 3 1176 12
14 14 1176 3
14 14 1266 6
16 16 1277 13
11 11 1162 2
13 9 741 9
13 13 741 1
0 0 497 15
8 18 305 10
8 8 305 1
8 12 164 13
8 8 164 12
13 8 314 12
13 13 314 3
7 10 150 4
7 7 150 1
9 9 755 9
7 1 1064 11
7 7 1064 1
13 13 171 12
12 12 949 11
16 16 166 11
17 1 40 14
17 17 40 2
19 19 115 8
2 2 969 6
1 5 1143 12
1 1 1143 17
18 18 1163 2
5 14 76 10
5 5 76 5
16 16 634 9
9 9 905 1
17 19 473 14
17 17 473 3
7 7 1209 16
14 14 1036 6
15 1 1414 10
15 15 1414 11
14 14 186 11
14 14 751 7
12 12 195 2
1 1 1341 2
5 19 1276 2
5 5 1276 1
8 15 1360 4
8 8 1360 11
11 4 551 12
11 11 551 11
11 3 433 7
11 11 433 14
13 16 962 11
13 13 962 3
13 17 397 1
13 13 397 9
17 17 263 5
18 18 644 5
0 5 142 1
0 0 142 2
16 11 1204 9
16 16 1204 1
5 4 1037 12
5 5 1037 12
4 4 27 12
5 0 147 11
5 5 147 6
5 5 366 7
8 0 222 14
8 8 222 13
15 8 1352 6
15 15 1352 1
14 0 1326 12
14 14 1326 3
13 0 286 13
13 13 286 12
11 6 1220 8
11 11 1220 2
16 16 979 5
0 8 456 1
0 0 456 4
19 18 11 4
19 19 11 4
18 18 679 16
6 6 1060 4
8 16 280 2
8 8 280 7
4 4 1417 7
9 16 33 10
9 9 33 4
10 10 177 10
13 16 164 2
13 13 164 3
12 3 940 10
12 12 940 7
3 3 1007 1
19 0 559 12
19 19 559 12
8 5 1053 10
8 8 1053 6
8 8 594 1
6 6 77 1
10 2 954 12
10 10 954 5
10 13 503 5
10 10 503 5
9 3 581 5
9 9 581 2
14 14 758 2
13 17 1366 12
13 13 1366 1
6 6 513 6
15 14 939 3
15 15 939 4
3 5 99 8
3 3 99 1
6 6 907 3
5 5 913 3
9 6 328 12
9 9 328 4
7 7 941 5
11 18 604 2
11 11 604 20
9 5 1129 11
9 9 1129 8
12 2 312 13
12 12 312 15
12 9 837 6
12 12 837 3
15 15 1000 6
1 1 582 17
3 18 487 12
3 3 487 8
8 2 1318 8
8 8 1318 6
5 14 156 11
5 5 156 9
11 4 957 13
11 11 957 1
8 19 105 3
8 8 105 1
9 18 1319 9
9 9 1319 4
13 9 641 13
13 13 641 11
14 14 1329 1
13 1 279 7
13 13 279 7
12 12 1377 3
15 19 471 9
15 15 471 3
18 18 994 2
0 10 1198 1
0 0 1198 4
8 9 287 6
8 8 287 3
9 4 407 7
9 9 407 4
9 10 1200 10
9 9 1200 3
13 13 221 6
15 15 1234 3
17 13 26 7
17 17 26 11
2 2 1272 12
7 17 1321 4
7 7 1321 10
3 5 430 6
3 3 430 2
3 7 869 9
3 3 869 4
8 13 601 1
8 8 601 5
2 2 897 3
7 7 789 13
9 1 590 10
9 9 590 1
9 9 1025 1
15 15 1428 1
3 16 1364 12
3 3 1364 2
14 14 761 2
9 0 735 14
9 9 735 6
0 9 237 13
0 0 237 9
0 0 594 17
0 0 1415 9
15 15 63 4
3 3 575 1
4 4 1369 3
10 10 793 4
9 9 772 2
9 9 791 1
14 19 55 6
14 14 55 3
5 12 1244 2
5 5 1244 5
1 1 607 14
19 19 351 6
19 19 786 6
14 14 463 10
3 11 1027 9
3 3 1027 2
10 10 647 5
7 11 1414 14
7 7 1414 2
15 15 1242 1
13 1 837 3
13 13 837 9
12 12 979 3
0 13 454 7
0 0 454 2
18 16 989 3
18 18 989 5
0 0 1189 4
15 14 26 6
15 15 26 16
4 4 835 10
3 2 733 13
3 3 733 4
13 14 238 12
13 13 238 8
8 8 262 1
15 15 447 8
18 16 330 6
18 18 330 9
7 11 584 5
7 7 584 7
15 14 1228 4
15 15 1228 6
11 7 198 14
11 11 198 8
13 8 523 1
13 13 523 4
9 9 826 4
17 16 712 14
17 17 712 14
5 5 1063 1
3 9 737 4
3 3 737 3
16 14 389 12
16 16 389 9
19 8 95 1
19 19 95 3
4 4 978 11
9 9 956 3
13 7 357 1
13 13 357 6
13 13 1213 1
4 4 532 6
4 4 446 17
5 9 456 3
5 5 456 1
5 5 899 4
3 15 1238 1
3 3 1238 9
4 4 1321 4
17 17 935 15
0 0 302 11
18 18 69 2
1 1 1201 11
3 13 693 7
3 3 693 3
5 12 142 3
5 5 142 1
5 5 345 1
9 17 203 5
9 9 203 6
11 11 1300 2
11 11 110 7
13 3 894 12
13 13 894 3
12 19 970 2
12 12 970 2
15 11 622 2
15 15 622 3
19 19 1204 4
0 0 770 17
19 6 30 6
19 19 30 1
0 0 1212 4
2 10 615 1
2 2 615 3
5 5 1417 2
5 16 31 10
5 5 31 7
6 12 167 5
6 6 167 12
10 10 964 12
7 7 250 1
7 7 577 7
11 11 808 1
13 7 516 1
13 13 516 1
15 11 93 6
15 15 93 5
16 8 599 7
16 16 599 16
18 18 1328 5
16 0 1181 12
16 16 1181 16
3 3 412 6
8 8 412 9
11 11 1071 2
7 1 1181 8
7 7 1181 10
16 9 1074 11
16 16 1074 1
13 7 32 3
13 13 32 1
15 2 849 3
15 15 849 6
17 17 165 4
0 10 251 2
0 0 251 19
18 18 758 2
2 2 275 3
14 6 1388 7
14 14 1388 2
3 3 86 3
3 4 557 7
3 3 557 3
3 18 992 2
3 3 992 2
6 6 892 7
9 16 355 3
9 9 355 7
9 9 822 4
17 11 673 4
17 17 673 17
0 0 352 20
13 2 998 7
13 13 998 2
12 12 1215 10
18 2 499 1
18 18 499 3
0 14 735 6
0 0 735 7
16 16 990 2
6 6 1137 9
6 6 783 12
9 5 647 3
9 9 647 4
11 11 720 1
14 14 1290 4
15 15 631 5
0 0 652 14
18 18 258 8
0 13 1203 1
0 0 1203 2
4 4 920 7
3 3 372 3
3 17 715 11
3 3 715 10
18 4 54 1
18 18 54 10
16 16 716 7
13 13 200 4
12 0 1290 3
12 12 1290 10
16 16 249 1
11 11 1316 4
0 9 904 1
0 0 904 5
9 9 942 5
9 9 609 2
11 11 958 10
16 16 438 10
13 19 910 7
13 13 910 4
15 15 862 1
13 0 1199 3
13 13 1199 5
13 1 1402 4
13 13 1402 1
4 4 538 3
17 13 268 7
17 17 268 2
5 14 314 10
5 5 314 6
16 14 752 6
16 16 752 9
10 10 801 3
9 12 831 6
9 9 831 2
7 7 1372 1
18 18 1155 8
19 19 917 3
17 17 1102 2
14 18 8 2
14 14 8 8
14 19 637 14
14 14 637 2
0 0 316 13
0 0 1051 3
16 7 520 14
16 16 520 2
4 4 230 16
3 10 1142 4
3 3 1142 7
13 13 97 3
5 5 774 8
9 9 374 1
11 11 713 7
6 8 585 1
6 6 585 2
4 4 13 3
14 12 443 9
14 14 443 1
16 16 566 1
2 2 1325 1
15 15 333 3
0 0 1162 13
1 17 1084 6
1 1 1084 18
6 3 588 6
6 6 588 2
7 17 285 1
7 7 285 1
7 7 232 7
10 0 1314 13
10 10 1314 6
16 16 299 1
19 10 1331 3
19 19 1331 3
18 15 1314 14
18 18 1314 14
3 10 55 8
3 3 55 1
5 5 1292 3
3 3 833 5
6 2 991 11
6 6 991 13
6 7 32 2
6 6 32 4
7 7 889 7
7 17 708 1
7 7 708 6
18 18 1358 3
10 10 1205 5
13 17 903 9
13 13 903 3
13 6 82 10
13 13 82 15
17 17 1017 3
17 17 151 14
0 0 201 7
13 18 1042 6
13 13 1042 1
19 19 705 13
8 10 1291 13
8 8 1291 11
3 3 1372 14
11 11 459 5
16 16 1215 6
14 3 295 10
14 14 295 2
18 0 1220 11
18 18 1220 1
19 19 814 14
3 8 213 3
3 3 213 6
5 18 692 3
5 5 692 8
7 2 543 7
7 7 543 1
4 4 98 16
17 9 888 4
17 17 888 7
10 10 306 3
19 19 1401 7
1 19 468 13
1 1 468 2
3 9 354 13
3 3 354 2
8 3 1005 2
8 8 1005 3
8 5 290 5
8 8 290 1
10 10 1009 2
9 10 79 10
9 9 79 7
11 11 226 5
13 5 559 5
13 13 559 3
16 16 290 9
17 17 255 1
0 11 902 10
0 0 902 2
3 19 393 8
3 3 393 1
5 4 1397 1
5 5 1397 2
3 3 838 15
3 1 1309 8
3 3 1309 3
6 6 984 1
16 16 433 5
9 16 666 4
9 9 666 1
13 19 1388 7
13 13 1388 14
14 2 1042 8
14 14 1042 18
3 9 77 13
3 3 77 5
15 6 42 10
15 15 42 2
6 6 426 42
7 6 1362 2
7 7 1362 1
11 18 61 14
11 11 61 4
11 15 448 13
11 11 448 2
13 12 785 14
13 13 785 1
12 12 799 3
12 12 1188 1
15 6 392 3
15 15 392 4
1 1 103 4
4 4 970 8
13 13 834 3
6 6 1114 2
19 19 1313 18
11 1 138 6
11 11 138 13
14 14 1311 2
10 10 248 1
13 1 906 1
13 13 906 4
14 14 841 3
0 14 1176 6
0 0 1176 11
15 13 839 7
15 15 839 2
4 4 814 21
8 8 1119 7
8 8 916 3
1 1 794 12
15 15 1353 5
12 12 1418 11
16 16 691 14
13 19 1195 9
13 13 1195 4
2 2 501 27
4 15 266 9
4 4 266 28
3 17 1282 1
3 3 1282 1
6 6 18 7
9 18 961 12
9 9 961 2
7 0 1338 10
7 7 1338 9
0 0 246 5
11 13 412 2
11 11 412 2
13 7 68 4
13 13 68 14
16 2 424 4
16 16 424 9
16 6 893 14
16 16 893 29
15 15 223 2
19 19 280 3
5 9 1076 11
5 5 1076 1
4 4 76 22
9 1 159 11
9 9 159 3
16 16 412 2
14 14 1399 2
13 13 469 6
14 9 598 5
14 14 598 2
8 17 265 10
8 8 265 1
19 9 828 2
19 19 828 10
3 2 195 4
3 3 195 2
3 3 662 1
8 13 321 9
8 8 321 5
11 8 131 2
11 11 131 3
14 14 1197 3
17 2 1407 12
17 17 1407 2
9 16 143 10
9 9 143 16
2 2 556 48
1 1 294 13
2 2 428 4
19 9 941 6
19 19 941 3
5 16 1345 3
5 5 1345 2
8 15 1092 13
8 8 1092 14
7 10 674 2
7 7 674 1
9 8 1223 13
9 9 1223 1
11 16 272 13
11 11 272 1
13 13 545 4
15 15 760 7
16 16 682 9
2 2 904 9
11 11 925 2
10 10 997 3
7 1 409 3
7 7 409 2
11 11 535 16
14 12 694 7
14 14 694 7
12 12 1227 16
15 15 361 2
18 18 447 5
19 19 724 2
14 4 905 10
14 14 905 2
5 7 286 8
5 5 286 1
8 18 14 14
8 8 14 2
1 19 651 4
1 1 651 9
17 7 409 14
17 17 409 4
14 14 484 2
6 6 151 12
0 13 690 11
0 0 690 10
8 12 1313 7
8 8 1313 5
5 5 212 1
5 17 687 3
5 5 687 5
5 18 890 8
5 5 890 1
9 11 676 12
9 9 676 3
6 4 732 8
6 6 732 4
17 9 1392 5
17 17 1392 6
12 12 924 16
15 15 592 3
15 15 15 3
18 18 353 9
1 1 319 3
2 2 16 12
6 6 362 3
4 4 1267 10
19 2 1348 2
19 19 1348 8
9 9 1224 4
10 10 1222 1
13 13 602 28
12 12 550 1
12 12 1139 6
9 19 873 1
9 9 873 14
0 14 38 12
0 0 38 19
2 2 890 7
13 9 448 9
13 13 448 5
3 3 19 4
4 4 504 24
3 3 1392 2
8 9 422 12
8 8 422 12
7 7 406 3
11 5 1145 2
11 11 1145 7
7 0 1271 5
7 7 1271 3
8 3 1177 2
8 8 1177 6
17 17 997 4
13 7 1228 9
13 13 1228 6
19 19 1033 2
6 6 218 10
19 12 733 14
19 19 733 23
5 5 1062 1
8 14 1302 9
8 8 1302 5
6 6 1281 4
7 14 39 9
7 7 39 4
9 2 1303 14
9 9 1303 6
14 10 495 14
14 14 495 13
0 0 836 2
0 0 1278 6
3 3 305 5
5 5 680 2
9 4 26 13
9 9 26 4
11 11 746 7
11 11 177 3
12 3 1 13
12 12 1 10
13 5 141 12
13 13 141 5
10 10 663 13
17 17 519 1
1 1 845 17
14 14 795 3
15 15 925 4
19 5 448 9
19 19 448 29
9 18 464 14
9 9 464 3
4 4 476 22
11 11 270 2
12 12 144 1
16 16 211 1
13 9 1343 8
13 13 1343 2
2 2 337 1
19 19 403 6
3 4 495 3
3 3 495 2
8 8 536 4
6 6 7 11
17 1 484 14
17 17 484 11
2 2 832 3
11 11 968 2
13 16 395 3
13 13 395 2
13 9 932 10
13 13 932 1
15 10 896 7
15 15 896 8
15 17 383 7
15 15 383 6
16 16 882 11
8 8 1309 4
19 19 487 27
9 12 178 1
9 9 178 8
7 12 1003 1
7 7 1003 10
12 12 502 3
17 17 1060 12
17 6 1391 6
17 17 1391 1
2 12 115 8
2 2 115 9
3 0 310 4
3 3 310 2
3 13 1088 2
3 3 1088 5
8 18 374 1
8 8 374 4
7 14 173 13
7 7 173 6
11 18 1372 7
11 11 1372 14
12 6 56 5
12 12 56 9
17 17 1378 3
14 15 353 6
14 14 353 13
14 19 1130 1
14 14 1130 13
18 17 339 12
18 18 339 2
6 8 149 12
6 6 149 2
3 3 794 6
0 0 332 9
15 2 964 13
15 15 964 9
9 9 551 26
14 12 643 9
14 14 643 6
13 8 588 6
13 13 588 2
8 6 759 3
8 8 759 3
17 17 220 11
18 18 1400 7
6 6 422 1
5 7 1362 1
5 5 1362 3
8 16 1226 2
8 8 1226 1
3 18 1406 1
3 3 1406 13
8 3 84 8
8 8 84 5
7 2 388 6
7 7 388 13
7 7 44 7
11 11 570 4
1 1 1363 17
10 8 1115 2
10 10 1115 1
13 2 989 1
13 13 989 2
13 10 104 11
13 13 104 6
8 6 421 5
8 8 421 1
15 1 324 3
15 15 324 5
14 5 1103 4
14 14 1103 1
14 16 630 4
14 14 630 3
2 2 219 20
5 12 1064 11
5 5 1064 9
6 6 755 6
5 3 964 2
5 5 964 1
10 16 267 13
10 10 267 1
3 3 820 1
13 13 814 4
14 16 562 4
14 14 562 20
18 18 315 10
9 8 544 9
9 9 544 4
8 14 1427 6
8 8 1427 9
7 7 170 3
10 10 154 3
7 7 1084 7
13 8 330 11
13 13 330 19
11 2 1266 4
11 11 1266 3
14 4 989 3
14 14 989 1
19 19 1269 2
2 2 432 7
2 2 550 3
3 3 332 12
6 13 541 4
6 6 541 1
10 10 903 9
7 7 827 3
10 0 109 1
10 10 109 6
15 1 793 13
15 15 793 1
13 13 661 11
14 14 844 7
1 1 179 14
14 2 1373 4
14 14 1373 4
4 4 579 3
3 5 477 11
3 3 477 10
8 19 1265 4
8 8 1265 4
11 13 916 4
11 11 916 3
5 5 956 7
9 9 339 1
11 9 1132 9
11 11 1132 2
19 0 1370 7
19 19 1370 2
17 17 1413 10
12 12 1263 27
17 17 275 11
17 17 557 4
3 4 618 2
3 3 618 10
6 6 539 2
11 7 673 2
11 11 673 4
9 8 887 14
9 9 887 5
9 19 1290 2
9 9 1290 3
14 15 131 7
14 14 131 4
17 17 1046 12
15 19 519 10
15 15 519 7
16 1 1007 12
16 16 1007 1
19 19 1165 2
2 2 69 7
2 2 654 5
15 16 238 10
15 15 238 17
9 1 1057 9
9 9 1057 6
7 2 1077 14
7 7 1077 5
10 10 13 6
12 12 635 7
18 11 325 13
18 18 325 4
0 0 1293 6
2 2 545 5
3 11 1247 4
3 3 1247 8
5 19 532 1
5 5 532 4
9 9 459 5
7 7 1117 3
14 12 1027 7
14 14 1027 2
14 15 169 8
14 14 169 3
14 14 855 2
3 6 921 2
3 3 921 1
6 10 935 11
6 6 935 10
9 7 340 11
9 9 340 3
9 9 1141 1
11 11 386 26
12 6 268 11
12 12 268 1
12 8 1327 4
12 12 1327 10
14 3 653 9
14 14 653 6
1 8 911 5
1 1 911 17
0 2 742 4
0 0 742 7
0 0 1067 5
8 18 701 4
8 8 701 5
6 6 749 2
6 6 379 4
10 10 317 7
11 11 76 14
12 12 86 7
12 12 483 7
15 15 1105 10
14 7 459 13
14 14 459 4
12 12 37 1
0 0 800 2
2 2 92 1
17 0 1365 9
17 17 1365 3
6 6 1067 9
10 8 627 4
10 10 627 1
7 5 615 1
7 7 615 1
15 17 1033 13
15 15 1033 9
13 0 742 11
13 13 742 3
15 15 1291 1
14 7 943 11
14 14 943 5
0 13 1284 5
0 0 1284 9
1 3 1418 12
1 1 1418 1
2 2 218 1
3 15 1220 14
3 3 1220 7
7 7 354 1
7 0 1091 4
7 7 1091 1
12 12 1164 3
13 18 2 5
13 13 2 2
12 2 1038 9
12 12 1038 11
14 14 741 8
17 17 199 2
0 0 590 4
3 5 116 9
3 3 116 2
13 11 204 2
13 13 204 7
8 10 564 10
8 8 564 1
6 8 483 13
6 6 483 24
7 2 499 2
7 7 499 4
9 9 784 3
15 15 813 2
9 3 1150 6
9 9 1150 3
5 5 11 1
7 7 482 9
5 5 266 3
5 18 169 4
5 5 169 2
5 5 831 4
7 17 0 14
7 7 0 3
9 6 865 11
9 9 865 8
11 4 69 7
11 11 69 6
12 12 807 3
2 2 1396 23
6 6 767 7
15 16 399 13
15 15 399 21
18 12 1031 7
18 18 1031 4
3 3 745 10
4 4 1078 31
3 3 394 7
11 17 1400 10
11 11 1400 5
11 11 783 13
13 13 543 2
17 17 1358 6
14 18 381 6
14 14 381 2
14 5 950 13
14 14 950 1
2 2 966 1
5 5 800 4
3 5 886 5
3 3 886 16
3 8 1229 6
3 3 1229 3
12 11 32 9
12 12 32 5
10 10 461 5
7 19 1208 5
7 7 1208 1
12 12 179 2
5 15 429 3
5 5 429 4
0 0 16 5
5 1 1275 10
5 5 1275 1
3 3 560 5
3 3 1370 2
5 5 919 3
10 10 771 6
7 16 1225 8
7 7 1225 3
10 17 1151 6
10 10 1151 3
15 15 344 10
18 18 89 8
12 0 1049 8
12 12 1049 7
4 13 4 7
4 4 4 9
5 17 146 5
5 5 146 1
5 5 824 2
7 7 121 1
15 4 1191 4
15 15 1191 5
12 12 1387 11
9 16 693 12
9 9 693 18
7 7 358 4
8 12 621 14
8 8 621 1
18 18 1150 5
3 17 283 9
3 3 283 5
6 6 622 13
6 15 179 10
6 6 179 11
9 17 32 5
9 9 32 1
11 13 137 2
11 11 137 1
7 4 1056 4
7 7 1056 8
6 6 653 2
13 14 163 10
13 13 163 1
14 14 324 1
16 16 788 19
18 18 891 3
19 19 123 12
5 5 1357 2
16 3 729 4
16 16 729 4
5 5 436 8
5 5 527 5
10 5 1 11
10 10 1 8
9 10 1137 12
9 9 1137 1
12 12 759 7
17 17 366 10
10 7 157 13
10 10 157 3
19 19 232 28
3 3 569 2
7 17 940 10
7 7 940 1
10 7 1126 14
10 10 1126 12
14 2 391 7
14 14 391 4
18 3 80 6
18 18 80 5
18 16 541 14
18 18 541 17
0 14 1072 6
0 0 1072 3
5 11 1141 11
5 5 1141 2
16 16 973 5
6 6 795 6
9 13 216 5
9 9 216 1
10 11 214 12
10 10 214 11
7 14 1416 3
7 7 1416 6
18 15 5 13
18 18 5 2
14 5 1334 13
14 14 1334 3
15 0 1196 10
15 15 1196 3
14 18 476 8
14 14 476 8
0 0 448 4
0 0 821 15
6 6 609 13
4 4 1060 12
10 10 805 4
9 9 764 2
13 12 220 7
13 13 220 1
15 5 1245 8
15 15 1245 1
17 17 726 6
2 2 367 2
19 19 1143 9
3 8 401 9
3 3 401 3
5 5 445 2
7 7 329 1
9 9 1024 1
10 5 566 1
10 10 566 8
15 15 313 11
1 1 557 7
1 1 144 5
13 7 995 3
13 13 995 1
5 3 1261 11
5 5 1261 3
4 3 123 3
4 4 123 18
3 8 1013 5
3 3 1013 3
6 15 899 5
6 6 899 8
6 6 468 11
10 10 821 16
9 9 779 4
15 15 613 8
8 11 950 8
8 8 950 2
17 15 1114 11
17 17 1114 2
16 16 494 10
13 13 1044 1
18 18 75 5
8 7 867 7
8 8 867 3
5 5 351 9
8 14 846 5
8 8 846 3
13 5 697 10
13 13 697 1
14 15 1337 3
14 14 1337 3
12 12 972 5
16 16 125 1
2 2 1345 5
8 8 1283 5
19 1 898 12
19 19 898 5
8 8 216 1
8 0 263 7
8 8 263 2
9 6 415 7
9 9 415 1
13 10 991 6
13 13 991 2
9 9 741 1
10 10 1334 9
14 8 1143 9
14 14 1143 1
15 18 1391 8
15 15 1391 17
13 6 352 5
13 13 352 5
14 12 907 6
14 14 907 6
0 0 955 30
3 2 1312 10
3 3 1312 17
10 10 486 17
10 8 51 4
10 10 51 12
7 2 1191 6
7 7 1191 4
11 5 342 9
11 11 342 13
13 19 923 8
13 13 923 9
15 3 262 1
15 15 262 11
16 13 736 6
16 16 736 16
10 10 9 4
6 6 1260 14
5 10 311 6
5 5 311 1
4 14 1345 5
4 4 1345 12
15 15 1118 7
10 0 329 3
10 10 329 11
11 11 589 15
12 12 303 9
12 12 1153 11
15 1 439 12
15 15 439 5
1 1 599 1
0 0 1038 7
3 13 225 10
3 3 225 1
6 2 1151 9
6 6 1151 10
8 8 244 2
9 19 202 9
9 9 202 1
16 16 336 11
16 16 1242 7
14 14 430 1
5 5 682 5
2 2 462 27
6 0 1038 9
6 6 1038 8
8 5 1017 9
8 8 1017 1
10 10 171 6
13 13 515 1
9 9 1338 5
1 1 369 16
19 19 581 10
5 5 1305 2
8 8 584 2
5 12 634 11
5 5 634 1
9 10 273 4
9 9 273 12
11 11 1070 1
9 2 639 14
9 9 639 3
7 6 1180 7
7 7 1180 1
0 0 1196 2
16 16 1075 4
5 5 757 2
0 10 545 11
0 0 545 4
3 1 89 14
3 3 89 1
19 14 479 5
19 19 479 1
7 2 460 2
7 7 460 2
10 10 368 4
13 10 1030 1
13 13 1030 5
18 18 735 1
0 15 720 6
0 0 720 5
15 2 10 6
15 15 10 2
4 4 248 9
8 8 785 2
6 6 780 2
9 9 243 3
9 16 646 5
9 9 646 1
16 16 1233 9
13 6 257 13
13 13 257 6
15 15 630 1
14 14 1002 6
19 19 477 2
2 2 639 4
3 3 375 18
5 3 7 12
5 5 7 4
4 10 1041 9
4 4 1041 7
2 2 1005 4
9 6 1194 1
9 9 1194 4
13 13 199 1
17 7 886 3
17 17 886 2
15 5 743 14
15 15 743 7
17 1 12 13
17 17 12 2
2 2 1218 25
18 18 877 14
4 4 1184 11
16 16 1205 2
10 4 37 4
10 10 37 2
9 9 1083 1
10 14 1163 2
10 10 1163 4
12 12 334 4
14 13 158 10
14 14 158 4
15 15 276 13
19 19 260 20
2 2 852 4
6 1 1315 14
6 6 1315 49
5 7 1012 13
5 5 1012 7
19 8 553 2
19 19 553 1
9 9 830 1
10 10 1050 2
17 17 912 23
15 16 389 11
15 15 389 2
18 18 948 12
3 9 674 2
3 3 674 5
11 11 889 1
5 9 330 9
5 5 330 4
8 2 1047 6
8 8 1047 4
7 14 545 12
7 7 545 13
14 6 1241 12
14 14 1241 19
5 4 75 1
5 5 75 1
15 15 1152 1
16 14 98 2
16 16 98 4
16 16 567 21
2 2 1322 3
18 10 967 9
18 18 967 1
17 11 458 6
17 17 458 3
1 1 1075 4
8 8 1106 1
8 13 999 8
8 8 999 1
4 3 1048 2
4 4 1048 1
9 9 434 1
9 6 69 2
9 9 69 10
9 7 536 8
9 9 536 3
6 6 718 10
11 11 236 21
12 5 246 7
12 12 246 4
12 12 1096 5
17 17 690 9
17 6 5 2
17 17 5 7
8 8 1138 1
19 1 595 4
19 19 595 14
5 5 809 14
6 17 1419 12
6 18 988 11
6 6 988 3
9 14 259 2
9 9 259 10
9 12 617 6
9 9 617 9
9 12 1084 12
9 9 1084 1
19 17 1291 4
19 19 1291 1
16 13 1057 12
16 16 1057 5
14 10 730 12
14 14 730 11
17 6 150 1
17 17 150 1
18 18 28 13
3 19 71 4
3 3 71 2
8 7 1200 8
8 8 1200 3
8 8 709 4
19 18 1162 1
19 19 1162 3
10 10 809 1
11 11 624 4
12 12 468 12
14 14 1221 1
17 16 476 13
17 17 476 5
1 8 442 2
1 1 442 9
12 18 385 10
12 12 385 33
5 13 248 4
5 5 248 5
5 5 782 2
15 13 820 1
15 15 820 8
10 13 245 12
10 10 245 3
9 9 1355 1
13 2 307 11
13 13 307 6
14 6 387 1
14 14 387 3
15 11 51 8
15 15 51 5
1 1 864 31
18 18 830 1
2 2 1284 1
18 18 1108 17
2 2 625 3
3 3 1167 5
8 4 291 3
8 8 291 5
9 8 443 13
9 9 443 3
7 10 224 1
7 7 224 6
9 9 513 3
11 11 862 14
15 1 859 3
15 15 859 3
14 1 1107 13
14 14 1107 5
15 19 1237 10
15 15 1237 2
9 17 742 1
9 9 742 7
13 19 1306 7
13 13 1306 13
18 18 132 2
9 1 1417 2
9 9 1417 3
15 9 199 12
15 15 199 6
6 6 1275 6
3 8 1308 1
3 3 1308 1
8 8 434 3
5 5 1253 2
9 3 1426 8
9 9 1426 1
13 10 1227 12
13 13 1227 1
15 3 943 12
15 15 943 1
14 14 1127 3
7 15 623 7
7 7 623 3
2 2 1095 21
18 18 736 4
3 3 515 2
10 10 720 2
7 5 902 4
7 7 902 5
11 11 60 1
16 16 1207 5
12 12 792 2
14 14 27 1
1 1 968 7
1 1 435 7
2 2 108 7
3 17 1127 7
3 3 1127 1
5 3 700 8
5 5 700 7
5 5 887 3
7 6 72 6
7 7 72 2
3 11 1002 7
3 3 1002 5
9 1 1356 6
9 9 1356 3
12 12 418 11
14 7 370 10
14 14 370 11
13 13 1410 14
19 19 61 13
3 1 362 1
3 3 362 3
3 3 801 2
9 9 654 10
8 13 298 7
8 8 298 2
10 10 1017 6
10 3 562 7
10 10 562 4
7 8 676 9
7 7 676 7
10 10 1237 2
13 8 551 10
13 13 551 8
16 16 460 4
16 16 282 3
14 11 878 11
14 14 878 5
13 13 1250 4
2 2 325 12
19 10 609 6
19 19 609 3
3 17 36 6
3 3 36 16
4 4 958 12
8 19 1071 14
8 8 1071 7
19 18 341 12
19 19 341 8
9 11 269 11
9 9 269 2
7 7 878 4
11 8 529 7
11 11 529 6
15 1 656 4
15 15 656 4
19 19 283 1
1 1 1380 2
3 12 181 6
3 3 181 13
3 3 520 3
19 12 336 11
19 19 336 5
8 0 8 13
8 8 8 2
7 6 1023 13
7 7 1023 1
7 4 1354 3
7 7 1354 6
1 1 155 15
17 5 1072 12
17 17 1072 18
17 13 635 6
17 17 635 3
1 13 961 5
1 1 961 7
15 7 391 10
15 15 391 1
2 7 103 14
2 2 103 1
16 18 126 6
16 16 126 27
5 1 1092 10
5 5 1092 2
17 3 1291 12
17 17 1291 2
11 18 1320 8
11 11 1320 23
16 16 285 5
15 2 1 14
15 15 1 2
7 7 267 2
14 19 122 1
14 14 122 9
17 14 1256 10
17 17 1256 13
12 12 227 3
13 13 235 3
0 9 32 5
0 0 32 6
8 6 600 9
8 8 600 1
4 4 498 6
8 14 619 4
8 8 619 2
9 12 1111 5
9 9 1111 1
10 10 1199 4
16 6 733 4
16 16 733 3
4 4 620 9
13 14 1234 7
13 13 1234 16
18 19 9 14
18 18 9 1
3 13 508 11
3 3 508 7
5 5 1084 3
6 7 848 4
6 6 848 5
10 10 287 9
7 9 1347 8
7 7 1347 3
17 17 1295 18
13 13 461 8
16 4 63 9
16 16 63 20
9 17 653 9
9 9 653 1
18 18 463 4
19 19 401 1
2 2 683 5
19 19 651 4
7 0 190 11
7 7 190 8
7 7 517 1
9 19 1406 5
9 9 1406 2
12 12 1075 16
12 4 11 7
12 12 11 21
15 5 595 7
15 15 595 4
8 8 372 2
2 2 420 8
0 0 1175 1
3 3 344 2
6 6 1195 6
8 8 899 1
6 19 114 1
6 6 114 4
7 7 256 5
7 5 1121 1
7 7 1121 19
10 10 1223 14
13 15 601 12
13 13 601 1
12 12 551 72
8 8 524 4
14 0 263 14
14 14 263 7
15 2 191 11
15 15 191 2
2 2 278 32
6 14 1399 2
6 6 1399 9
19 19 183 20
14 15 1288 4
14 14 1288 2
11 19 1144 8
11 11 1144 1
9 1 1112 14
9 9 1112 7
10 9 1110 13
10 10 1110 5
12 17 361 2
12 12 361 10
15 18 954 6
15 15 954 10
15 15 369 5
18 0 439 13
18 18 439 7
2 2 198 1
4 4 742 44
3 10 973 11
3 3 973 12
5 10 262 2
5 5 262 4
11 11 1020 13
11 2 35 9
11 11 35 1
2 2 628 11
17 17 1058 2
13 18 1116 9
13 13 1116 5
18 18 726 3
1 13 390 3
1 1 390 9
3 9 304 9
3 3 304 1
11 11 772 3
3 3 1114 4
8 6 1108 6
8 8 1108 7
8 8 133 2
7 18 183 14
7 7 183 1
9 9 684 9
15 13 1334 4
15 15 1334 6
15 15 600 7
14 14 976 1
0 11 1012 4
0 0 1012 12
0 17 1337 11
0 0 1337 1
11 3 1397 5
11 11 1397 3
19 18 954 14
19 19 954 9
4 4 72 4
3 11 1259 3
3 3 1259 4
5 13 568 11
5 5 568 2
11 8 890 9
11 11 890 4
11 4 257 8
11 11 257 1
12 12 145 20
13 17 29 13
13 13 29 3
15 8 786 1
15 15 786 3
14 14 270 8
19 3 1384 8
19 19 1384 7
0 15 611 10
0 0 611 14
5 5 1181 4
3 7 933 3
3 3 933 10
9 9 225 18
9 14 288 11
9 9 288 3
17 14 270 9
17 17 270 3
11 6 414 2
11 11 414 5
15 11 1019 1
15 15 1019 2
6 6 740 2
17 17 989 2
16 16 867 9
18 0 123 11
18 18 123 3
0 0 1095 17
0 0 452 2
6 6 761 1
18 18 502 17
7 12 31 7
7 7 31 2
9 9 836 7
8 8 838 8
16 1 966 13
16 16 966 1
15 6 1093 3
15 15 1093 4
13 0 1109 6
13 13 1109 5
1 1 980 15
1 1 25 10
18 18 1056 10
10 10 398 14
9 7 1384 11
9 9 1384 13
13 8 762 3
13 13 762 1
8 10 595 10
8 8 595 5
18 18 478 2
16 16 188 3
16 16 513 4
19 19 524 5
19 19 963 9
3 11 1232 4
3 3 1232 3
5 7 545 13
5 5 545 2
10 19 925 9
10 10 925 12
7 7 648 2
15 7 798 8
15 15 798 15
14 15 1078 11
14 14 1078 4
17 17 837 2
17 17 648 14
19 19 1372 5
19 19 637 7
5 11 1361 5
5 5 1361 1
8 17 1227 11
8 8 1227 1
8 10 512 7
8 8 512 10
4 4 1393 5
13 19 706 12
13 13 706 8
10 10 652 8
15 15 904 2
9 13 668 5
9 9 668 4
3 3 1083 5
6 13 837 11
6 6 837 11
5 14 963 13
5 5 963 1
7 17 20 4
7 7 20 2
10 10 264 3
13 13 813 1
15 15 1328 1
15 16 1213 12
15 15 1213 8
9 13 734 11
9 9 734 1
13 10 391 7
13 13 391 1
17 3 1370 2
17 17 1370 5
15 6 1267 7
15 15 1267 8
15 15 686 2
0 0 413 1
18 18 788 8
0 18 1335 10
0 0 1335 2
19 19 533 7
5 8 95 7
5 5 95 7
13 13 580 5
13 13 15 9
15 15 864 3
15 15 138 2
0 17 625 13
0 0 625 23
14 7 1351 9
14 14 1351 4
9 16 338 9
9 9 338 1
17 17 1222 9
11 11 562 7
9 6 1139 7
9 9 1139 1
13 15 981 11
13 13 981 3
14 14 86 4
1 1 35 14
19 19 316 8
3 3 150 2
6 6 828 7
9 9 163 6
7 7 984 14
9 11 1289 11
9 9 1289 1
3 3 1179 9
15 15 1099 6
17 17 600 3
16 16 992 15
1 1 806 16
0 0 810 11
0 0 671 5
0 0 1220 6
6 12 142 2
6 6 142 7
8 17 357 4
8 8 357 3
10 10 130 2
19 17 1391 14
19 19 1391 2
13 15 748 9
13 13 748 4
13 13 183 1
13 13 1325 1
15 15 98 5
1 15 282 9
1 1 282 4
2 7 392 14
2 2 392 2
0 0 1115 18
7 7 819 2
7 7 766 7
13 7 637 11
13 13 637 4
13 4 8 5
13 13 8 3
13 16 1321 4
13 13 1321 1
6 6 126 3
19 19 106 2
4 15 587 13
4 4 587 3
5 11 1347 11
5 5 1347 4
3 12 920 4
3 3 920 1
9 9 1140 1
1 4 581 6
1 1 581 1
12 12 269 3
12 12 858 13
12 12 1255 4
15 5 341 4
15 15 341 3
1 1 910 1
1 1 1362 1
5 18 1049 7
5 5 1049 4
3 3 594 5
18 19 1254 13
18 18 1254 16
6 6 376 3
9 0 895 14
9 9 895 10
9 1 1330 13
9 9 1330 8
14 14 1232 8
13 13 863 1
12 12 1398 3
18 18 1037 1
4 4 582 5
6 6 1064 2
8 8 161 3
7 1 614 13
7 7 614 1
9 11 1155 7
9 9 1155 28
11 12 220 10
11 11 220 6
12 12 38 18
17 17 1364 1
13 0 379 7
13 13 379 12
14 4 940 1
14 14 940 2
9 9 603 6
19 19 108 7
4 4 1016 20
11 17 990 7
11 11 990 5
7 7 916 3
11 11 1036 12
9 7 1260 10
9 9 1260 7
11 7 301 14
11 11 301 12
13 11 630 2
13 13 630 4
13 16 1 3
13 13 1 1
15 6 886 6
15 15 886 5
15 18 301 8
15 15 301 10
19 19 1395 6
3 3 119 1
5 18 1356 14
5 5 1356 1
5 12 466 2
5 5 466 5
4 4 558 5
9 14 348 2
9 9 348 5
7 12 953 10
7 7 953 1
15 18 1064 4
15 15 1064 5
14 14 32 2
14 14 661 5
5 5 1026 2
16 16 643 5
2 2 76 2
8 17 217 3
8 8 217 5
7 5 3 9
7 7 3 9
9 15 864 3
9 9 864 1
19 13 1393 10
19 19 1393 2
13 2 653 6
13 13 653 4
13 13 856 7
3 18 1295 7
3 3 1295 2
15 0 532 11
15 15 532 3
14 14 516 22
18 18 1006 4
8 8 990 9
1 1 771 1
15 18 1329 4
15 15 1329 3
17 19 1387 14
17 17 1387 4
6 6 652 1
13 13 542 1
13 13 372 7
14 7 1190 5
14 14 1190 3
14 14 951 3
18 16 180 11
18 18 180 12
2 2 967 2
3 2 418 2
3 3 418 12
8 7 176 8
8 8 176 4
6 9 519 1
6 6 519 15
9 9 626 13
6 6 1364 20
9 2 1045 5
9 9 1045 8
12 12 172 5
15 4 1408 1
15 15 1408 6
17 18 663 1
17 17 663 10
14 12 749 10
14 14 749 2
15 12 225 8
15 15 225 1
18 11 1373 13
18 18 1373 6
4 14 569 13
4 4 569 5
2 2 273 2
3 2 902 11
3 3 902 4
8 7 113 3
8 8 113 9
7 7 491 3
9 9 792 3
7 7 1405 7
17 17 992 5
10 10 340 20
14 5 43 11
14 14 43 5
19 9 1074 1
19 19 1074 11
1 1 54 2
19 19 774 8
8 8 1358 2
3 10 576 11
3 3 576 8
8 8 886 13
8 1 651 11
8 8 651 3
8 10 192 8
8 8 192 2
11 11 1251 11
1 1 529 15
14 8 1275 14
14 14 1275 13
12 1 1380 4
12 12 1380 7
13 6 1138 11
13 13 1138 3
1 1 777 17
0 0 1193 3
16 8 517 5
16 16 517 3
3 3 1188 9
10 10 804 1
7 7 596 3
11 11 775 1
10 10 1285 8
14 12 34 3
14 14 34 7
15 3 1304 4
15 15 1304 4
15 15 1239 1
14 7 325 10
14 14 325 1
14 11 958 10
14 14 958 1
15 10 336 4
15 15 336 5
0 12 1299 12
0 0 1299 2
2 2 990 1
1 1 1102 3
13 13 233 2
5 12 435 3
5 5 435 1
9 8 587 8
9 9 587 3
7 1 1200 1
7 7 1200 8
10 19 1172 13
10 10 1172 12
15 15 836 3
16 16 814 3
13 13 1364 2
9 13 519 8
9 9 519 1
13 15 996 4
13 13 996 2
19 17 670 3
19 19 670 16
2 2 1032 15
3 16 911 11
3 3 911 2
15 6 1277 4
15 15 1277 10
6 6 1201 16
9 9 769 3
17 9 520 5
17 17 520 3
10 14 1320 14
10 10 1320 5
14 14 50 5
13 5 1050 12
13 13 1050 14
14 14 900 5
17 13 531 12
17 17 531 26
17 17 481 3
1 1 1189 12
5 5 1140 1
3 6 1052 12
3 3 1052 7
6 18 365 8
6 6 365 11
5 5 155 1
14 9 538 13
14 14 538 10
10 10 976 8
14 10 1218 5
14 14 1218 2
15 18 1199 2
15 15 1199 5
15 11 140 11
15 15 140 20
2 2 659 17
5 4 1413 4
5 5 1413 4
3 18 1197 2
3 3 1197 3
14 17 512 11
14 14 512 4
7 7 315 3
10 10 621 6
8 8 317 2
15 17 1377 1
15 15 1377 14
17 0 1154 8
17 17 1154 2
14 14 332 11
17 17 24 2
2 2 1270 2
1 1 358 5
5 5 183 4
5 17 1302 11
5 5 1302 3
5 5 444 1
9 18 487 6
9 9 487 7
10 3 508 7
10 10 508 1
7 7 738 4
9 14 1031 5
9 9 1031 5
14 4 138 3
14 14 138 3
17 17 169 4
1 1 862 2
17 10 1231 6
17 17 1231 3
3 3 1012 1
3 3 1355 4
9 17 375 1
9 9 375 24
11 11 1152 10
7 7 1395 3
15 2 1031 1
15 15 1031 2
15 8 1010 10
15 15 1010 2
13 15 1043 14
13 13 1043 1
19 18 1088 4
19 19 1088 4
0 0 158 3
3 2 251 14
3 3 251 4
3 18 1029 8
3 3 1029 16
18 19 914 6
18 18 914 4
10 10 847 2
9 14 667 6
9 9 667 1
12 12 123 21
16 16 1252 1
15 7 1204 5
15 15 1204 1
12 12 1306 5
13 0 1155 7
13 13 1155 4
18 13 987 13
18 18 987 2
2 2 500 1
2 2 618 7
4 4 845 36
11 4 1390 3
11 11 1390 7
9 0 1215 3
9 9 1215 6
2 2 643 10
13 0 212 12
13 13 212 4
12 12 1116 3
14 3 343 1
14 14 343 4
17 14 17 7
17 17 17 7
0 11 119 9
0 0 119 15
1 1 1112 8
3 0 409 12
3 3 409 3
8 15 578 14
8 8 578 6
6 6 61 10
7 7 321 1
12 13 345 4
12 12 345 2
18 18 973 14
15 15 842 4
3 14 107 11
3 3 107 1
14 14 827 3
2 15 1120 11
2 2 1120 11
18 18 765 1
2 2 835 12
3 0 83 3
3 3 83 3
13 13 1385 1
8 8 102 2
7 12 470 13
7 7 470 2
17 15 1215 6
17 17 1215 7
3 1 1352 9
3 3 1352 3
0 9 288 3
0 0 288 11
18 18 524 10
2 3 137 13
2 2 137 7
19 19 797 13
3 17 224 7
3 3 224 1
5 3 327 4
5 5 327 2
17 2 63 13
17 17 63 18
7 0 103 2
7 7 103 9
11 11 1302 14
11 6 96 12
11 11 96 3
3 15 1152 6
3 3 1152 2
13 11 263 7
13 13 263 5
14 9 431 8
14 14 431 2
2 2 1369 2
0 18 1353 3
0 0 1353 7
3 3 708 7
8 8 1018 2
9 9 90 10
9 11 749 12
9 9 749 1
13 12 514 8
13 13 514 1
14 7 350 4
14 14 350 1
0 18 78 2
0 0 78 8
1 0 1105 7
1 1 1105 7
3 3 853 1
6 6 52 9
9 9 272 1
7 7 773 14
9 7 1073 11
9 9 1073 2
11 11 334 4
8 0 902 12
8 8 902 14
13 13 1204 4
13 0 1407 7
13 13 1407 3
18 1 43 13
18 18 43 3
15 5 430 14
15 15 430 2
18 18 1345 11
2 2 858 5
4 4 541 17
6 6 1187 8
3 14 994 8
3 3 994 5
11 14 432 1
11 11 432 1
5 5 906 3
9 5 353 13
9 9 353 2
11 16 581 7
11 11 581 8
4 4 1072 6
1 1 996 10
1 1 431 4
18 18 519 3
2 8 128 7
2 2 128 7
1 14 1160 13
1 1 1160 5
3 7 233 7
3 3 233 8
5 5 245 3
5 18 320 5
5 5 320 1
11 11 722 6
17 17 357 4
12 12 438 14
12 12 963 7
15 14 625 8
15 15 625 5
15 18 44 2
15 15 44 7
0 0 795 1
0 16 1205 10
0 0 1205 1
11 0 654 13
11 11 654 17
15 13 1371 14
15 15 1371 6
6 6 587 1
10 12 367 4
10 10 367 1
7 7 294 6
2 2 930 36
9 15 534 1
9 9 534 2
14 12 209 8
14 14 209 10
14 10 236 12
14 14 236 5
14 14 289 6
16 16 208 3
16 16 1166 15
4 4 629 26
5 5 1281 7
6 6 383 5
3 2 1297 14
3 3 1297 4
8 8 627 4
17 1 148 7
17 17 148 2
9 10 1082 5
9 9 1082 1
14 19 1394 14
14 14 1394 1
5 12 407 11
5 5 407 2
16 16 778 4
15 18 194 3
15 15 194 5
19 19 698 5
11 2 677 11
11 11 677 11
6 6 1247 4
8 3 1162 10
8 8 1162 1
5 8 312 7
5 5 312 2
12 12 1198 2
9 2 362 12
9 9 362 5
15 12 1042 14
15 15 1042 2
12 5 1200 12
12 12 1200 5
1 1 107 16
8 8 793 1
5 0 329 12
5 5 329 1
15 2 1205 13
15 15 1205 1
7 7 544 1
12 12 898 5
2 2 688 30
14 14 1299 12
13 4 313 10
13 13 313 1
15 7 311 7
15 15 311 2
8 0 945 10
8 8 945 5
0 0 1351 2
19 12 485 10
19 19 485 2
19 19 920 1
8 8 1107 1
8 10 1000 11
8 8 1000 4
4 4 1049 3
1 1 772 5
9 9 68 1
7 5 1148 6
7 7 1148 10
10 12 1312 2
10 10 1312 2
15 1 729 4
15 15 729 12
17 18 4 12
17 17 4 1
17 2 329 9
17 17 329 4
1 1 322 5
6 6 1274 1
5 18 1290 12
5 5 1290 2
8 8 631 2
15 15 1340 6
7 2 428 4
7 7 428 26
10 16 483 11
10 10 483 3
7 7 1165 9
10 10 1203 2
15 15 929 7
13 16 1190 10
13 13 1190 5
16 16 726 3
18 18 742 6
18 1 1203 9
18 18 1203 8
3 6 70 7
3 3 70 1
10 16 324 6
10 10 324 5
5 0 289 13
5 5 289 3
7 9 61 7
7 7 61 10
15 15 757 3
19 19 1131 2
11 8 6 11
11 11 6 5
17 17 1045 1
15 9 1051 12
15 15 1051 6
15 15 397 1
15 19 331 10
15 15 331 2
5 5 736 5
19 6 381 2
19 19 381 8
3 8 1121 12
3 3 1121 6
8 8 341 2
7 3 82 1
7 7 82 5
11 11 151 20
19 13 203 14
19 19 203 8
13 15 871 14
13 13 871 17
17 17 1238 9
12 7 1342 10
12 12 1342 14
10 11 160 11
10 10 160 11
18 18 831 21
0 0 1374 3
10 14 549 2
10 10 549 5
19 3 929 3
19 19 929 2
3 17 356 10
3 3 356 6
6 6 270 9
3 3 803 17
10 10 1023 8
7 12 1141 12
7 7 1141 7
16 16 832 4
14 14 1104 3
15 17 1346 12
15 15 1346 4
17 13 1100 14
17 17 1100 2
15 15 163 13
16 16 836 9
2 2 397 1
3 9 62 7
3 3 62 8
3 3 501 7
13 18 657 9
13 13 657 4
5 11 409 12
5 5 409 8
6 6 25 7
17 17 1156 1
10 10 1210 1
19 19 972 15
17 14 1008 3
17 17 1008 3
13 12 1386 1
13 13 1386 2
5 5 990 1
3 2 985 6
3 3 985 7
8 11 717 3
8 8 717 6
3 3 774 16
10 3 362 10
10 10 362 5
11 17 450 6
11 11 450 7
13 5 783 6
13 13 783 2
14 14 24 1
1 1 975 4
16 16 782 2
10 10 253 7
3 0 1045 6
3 3 1045 1
13 16 864 12
13 13 864 7
15 15 1169 3
14 1 395 14
14 14 395 6
8 8 649 2
0 0 443 5
0 0 680 10
7 7 534 2
2 2 28 16
19 10 934 3
19 19 934 7
3 10 365 3
3 3 365 7
3 3 800 1
6 6 129 3
7 7 269 4
7 7 216 3
0 0 1156 2
14 8 141 14
14 14 141 1
5 5 1185 14
3 15 1284 7
3 3 1284 3
7 4 418 8
7 7 418 2
11 11 1101 11
11 11 362 15
16 3 90 10
16 16 90 8
17 7 1001 12
17 17 1001 2
14 7 677 10
14 14 677 8
14 14 798 12
18 18 15 1
0 0 526 7
3 4 523 9
3 3 523 4
5 19 275 5
5 5 275 11
4 4 1325 20
7 7 51 6
10 10 277 10
13 13 776 7
3 14 1287 12
3 3 1287 1
17 17 461 4
19 19 1130 1
15 6 977 7
15 15 977 2
3 12 197 10
3 3 197 2
9 11 307 6
9 9 307 6
3 2 1119 14
3 3 1119 2
16 16 1385 2
17 17 1405 2
14 19 402 7
14 14 402 3
17 17 94 21
7 7 1013 1
18 17 1095 7
18 18 1095 12
12 12 429 2
5 9 122 2
5 5 122 3
5 15 565 7
5 5 565 2
7 9 266 6
7 7 266 1
15 7 1155 10
15 15 1155 3
11 11 847 2
11 2 274 1
11 11 274 6
15 3 783 11
15 15 783 3
15 15 177 1
0 15 918 11
0 0 918 10
3 3 950 4
3 11 1293 3
3 3 1293 2
7 7 411 1
9 9 1411 4
11 8 355 5
11 11 355 7
13 13 944 6
15 10 363 5
15 15 363 1
0 19 208 9
0 0 208 11
1 13 198 1
1 1 198 82
19 15 726 3
19 19 726 5
5 5 1083 1
3 6 967 9
3 3 967 5
8 8 763 2
6 7 410 1
6 6 410 1
10 3 589 10
10 10 589 15
10 10 1087 23
13 10 460 1
13 13 460 1
4 4 655 5
3 11 641 3
3 3 641 4
11 7 919 2
11 11 919 6
8 10 159 12
8 8 159 2
7 1 185 8
7 7 185 3
11 11 759 2
16 19 1376 1
16 16 1376 9
17 17 1398 7
13 13 349 3
14 13 405 6
14 14 405 4
14 6 974 5
14 14 974 2
16 16 853 14
19 1 74 1
19 19 74 1
8 9 900 10
8 8 900 1
5 9 574 9
5 5 574 4
10 10 1000 9
7 5 206 6
7 7 206 6
6 6 876 11
7 7 1120 1
13 5 227 9
13 13 227 6
15 15 707 8
13 17 1284 9
13 13 1284 5
18 0 238 8
18 18 238 10
19 19 622 15
6 6 416 6
4 4 941 1
5 7 500 13
5 5 500 7
10 10 1011 2
9 8 1009 8
9 9 1009 15
7 8 1265 13
7 7 1265 5
11 12 513 8
11 11 513 5
17 17 1424 7
17 15 302 9
17 17 302 7
19 10 1035 13
19 19 1035 13
14 4 624 5
14 14 624 4
2 2 199 3
1 14 1397 2
1 1 1397 3
5 1 1060 13
5 5 1060 2
6 19 1287 8
6 6 1287 1
7 7 33 1
11 11 671 2
6 6 1046 8
12 12 505 14
13 18 453 10
13 13 453 1
0 0 838 10
18 10 605 3
18 18 605 1
19 16 409 5
19 19 409 5
1 12 1254 1
1 1 1254 21
5 4 219 3
5 5 219 4
4 4 1109 31
5 19 865 6
5 5 865 12
10 10 605 3
11 13 1369 5
11 11 1369 1
9 3 1382 12
9 9 1382 2
15 12 829 5
15 15 829 7
13 13 139 2
15 17 775 11
15 15 775 1
12 12 1314 6
14 17 977 12
14 14 977 12
1 1 310 9
0 0 1338 10
5 3 108 11
5 5 108 9
7 2 376 13
7 7 376 4
10 10 556 6
7 7 658 12
15 15 797 1
17 17 662 1
1 13 764 12
1 1 764 3
18 18 1407 5
13 18 1339 2
13 13 1339 4
3 3 932 1
3 17 1403 10
3 3 1403 3
5 18 584 3
5 5 584 12
9 9 295 5
7 7 852 5
5 5 225 7
9 11 1088 13
9 9 1088 8
0 1 377 8
0 0 377 9
1 1 621 6
18 16 709 14
18 18 709 15
0 0 1112 3
3 11 171 6
3 3 171 1
3 10 638 9
3 3 638 2
6 6 1104 10
6 15 835 1
6 6 835 2
10 10 839 6
9 1 176 3
9 9 176 2
9 9 843 2
10 16 1057 5
10 10 1057 6
17 17 603 10
15 15 563 9
0 13 861 2
0 0 861 30
19 5 414 5
19 19 414 2
3 19 312 14
3 3 312 13
19 9 1287 6
19 19 1287 4
18 18 192 4
8 2 540 5
8 8 540 13
8 8 778 7
2 2 439 23
13 2 184 14
13 13 184 1
3 3 1235 3
16 16 326 1
7 13 369 10
7 7 369 2
9 3 914 2
9 9 914 14
7 5 651 7
7 7 651 3
8 5 980 10
8 8 980 4
15 15 794 3
16 16 204 4
13 13 1334 4
3 19 3 3
3 3 3 11
4 4 915 5
8 1 1228 7
8 8 1228 1
15 14 1115 12
15 15 1115 3
17 17 1410 3
10 18 142 3
10 10 142 4
18 13 572 8
18 18 572 15
4 4 1281 9
11 11 1222 8
11 6 653 7
11 11 653 1
12 12 495 7
5 12 1216 9
5 5 1216 3
2 2 1385 11
18 18 898 5
19 19 423 1
3 14 1099 8
3 3 1099 13
5 13 851 5
5 5 851 6
11 11 1367 2
13 15 754 6
13 13 754 8
15 10 1287 6
15 15 1287 4
12 12 907 3
8 2 1350 5
8 8 1350 4
0 6 414 9
0 0 414 7
2 2 398 22
16 8 1318 13
16 16 1318 7
5 19 94 12
5 5 94 1
8 17 462 3
8 8 462 24
7 11 821 11
7 7 821 6
15 11 1044 4
15 15 1044 7
13 13 579 1
12 2 717 1
12 12 717 1
15 15 867 18
16 7 648 10
16 16 648 3
18 5 676 6
18 18 676 3
8 14 1281 9
8 8 1281 2
3 5 914 5
3 3 914 2
8 19 93 2
8 8 93 3
11 6 1134 3
11 11 1134 4
7 0 1297 2
7 7 1297 2
11 11 1016 1
15 5 912 10
15 15 912 5
17 17 273 2
15 2 1077 1
15 15 1077 12
1 1 639 12
3 18 440 7
3 3 440 15
5 1 1055 5
5 5 1055 2
4 4 41 14
3 1 1059 9
3 3 1059 17
8 2 663 13
8 8 663 2
7 1 12 5
7 7 12 8
10 10 304 2
13 13 805 5
15 15 1098 1
0 14 946 5
0 0 946 9
13 13 1094 11
19 19 1167 18
19 19 428 4
15 4 457 6
15 15 457 1
3 3 294 5
17 17 1293 2
5 11 54 6
5 5 54 18
8 8 187 2
7 10 616 5
7 7 616 7
3 3 1050 1
15 15 1292 2
15 11 1275 14
15 15 1275 2
17 9 744 5
17 17 744 7
8 8 757 2
3 4 439 3
3 3 439 1
9 17 457 4
9 9 457 2
9 2 217 1
9 9 217 1
7 9 1092 4
7 7 1092 2
14 9 175 1
14 14 175 5
16 16 826 2
8 8 735 4
5 7 925 12
5 5 925 4
4 4 564 5
8 7 1307 12
8 8 1307 2
5 5 488 3
10 10 852 41
11 11 1009 7
10 7 481 10
10 10 481 2
15 15 921 4
14 13 659 2
14 14 659 2
18 18 558 14
19 16 324 3
19 19 324 2
1 1 1361 1
8 2 1332 13
8 8 1332 7
6 6 739 1
19 0 416 9
19 19 416 7
12 17 80 14
12 12 80 1
16 2 1273 11
16 16 1273 3
12 12 810 22
18 6 341 3
18 18 341 12
16 17 984 8
16 16 984 6
0 0 802 8
8 2 984 9
8 8 984 6
5 5 650 3
1 1 1317 12
11 7 776 11
11 11 776 7
13 5 740 1
13 13 740 1
15 14 1301 12
15 15 1301 2
16 17 162 7
16 16 162 1
15 3 1363 7
15 15 1363 1
17 18 874 3
17 17 874 12
5 5 1359 2
6 6 355 2
8 2 615 3
8 8 615 1
9 0 1043 11
9 9 1043 2
14 13 182 3
14 14 182 1
16 16 817 9
0 17 576 8
0 0 576 14
18 18 1379 17
5 18 1264 6
5 5 1264 11
17 19 1163 4
17 17 1163 24
11 5 1180 5
11 11 1180 2
15 8 354 2
15 15 354 5
10 12 1138 7
10 10 1138 5
13 13 966 3
14 18 666 13
14 14 666 7
14 1 1377 5
14 14 1377 9
15 13 1021 14
15 15 1021 10
19 19 480 1
5 19 1025 8
5 5 1025 1
8 0 1339 12
8 8 1339 3
11 11 688 15
17 2 1204 9
17 17 1204 3
14 14 1265 1
16 16 1264 1
13 7 482 12
13 13 482 26
15 4 535 6
15 15 535 2
13 13 1144 8
18 19 290 9
18 18 290 7
19 19 442 6
14 19 990 11
14 14 990 1
11 11 826 4
11 8 1343 11
11 11 1343 14
5 7 755 10
5 5 755 2
19 6 1264 11
19 19 1264 3
9 9 752 3
13 10 4 9
13 13 4 2
13 13 168 3
9 16 821 7
9 9 821 1
16 16 153 9
14 3 948 8
14 14 948 2
1 1 363 6
5 2 1315 10
5 5 1315 5
9 9 910 4
9 0 577 13
9 9 577 4
11 11 293 8
14 2 1144 8
14 14 1144 2
17 17 363 1
18 18 196 1
18 18 1370 3
13 16 752 14
13 13 752 2
11 14 849 6
11 11 849 1
6 6 919 4
9 14 324 8
9 9 324 4
9 8 799 12
9 9 799 3
10 10 1149 2
14 14 1410 1
17 17 1134 3
7 7 1014 9
1 1 578 3
1 1 53 1
1 13 1187 12
1 1 1187 2
5 13 1034 10
5 5 1034 3
3 17 1046 14
3 3 1046 2
5 6 363 13
5 5 363 3
10 19 301 1
10 10 301 3
5 5 171 1
11 1 124 4
11 11 124 4
14 10 1272 13
14 14 1272 1
13 13 848 4
17 9 405 6
17 17 405 4
18 10 285 14
18 18 285 5
2 2 44 9
13 16 423 10
13 13 423 4
9 18 38 3
9 9 38 12
7 2 599 12
7 7 599 12
14 8 330 9
14 14 330 1
14 10 959 5
14 14 959 6
14 6 1035 11
14 14 1035 1
2 2 991 2
8 8 1024 15
5 8 434 11
5 5 434 1
11 11 1085 16
9 13 586 4
9 9 586 1
9 10 1053 10
9 9 1053 4
11 1 1073 6
11 11 1073 4
14 5 1073 14
14 14 1073 5
17 11 364 13
17 17 364 2
5 5 321 6
19 19 1408 3
7 7 736 1
18 18 606 34
3 3 100 2
3 15 571 4
3 3 571 4
8 3 1263 9
8 8 1263 2
6 6 910 9
0 0 850 11
10 10 937 9
9 1 768 4
9 9 768 1
19 19 1377 6
19 10 838 11
19 19 838 2
12 11 832 5
12 12 832 2
15 17 1012 8
15 15 1012 7
14 2 612 13
14 14 612 1
5 5 596 1
19 18 782 6
19 19 782 4
3 12 245 5
3 3 245 6
3 6 584 3
3 3 584 2
5 5 153 2
5 17 340 7
5 5 340 5
7 11 112 12
7 7 112 4
17 19 1137 6
17 17 1137 17
11 10 117 12
11 11 117 7
16 1 1305 2
16 16 1305 2
16 16 120 5
17 17 398 7
19 7 1356 10
19 19 1356 14
8 15 884 7
8 8 884 2
14 7 818 9
14 14 818 9
5 5 741 14
11 18 75 14
11 11 75 1
15 17 1211 11
15 15 1211 1
2 2 1131 2
10 10 1293 11
13 13 527 15
14 14 433 4
15 16 650 1
15 15 650 6
10 10 236 9
18 18 1341 4
17 17 115 17
18 18 1361 4
19 19 1107 2
10 10 509 5
1 1 1295 12
15 12 1425 10
15 15 1425 3
17 17 786 19
13 19 1153 4
13 13 1153 2
14 11 817 9
14 14 817 1
0 0 224 12
18 18 1356 2
3 3 109 7
8 8 555 3
5 10 903 9
5 5 903 3
7 16 472 2
7 7 472 4
14 16 1208 4
14 14 1208 1
10 11 636 7
10 10 636 10
14 2 58 11
14 14 58 14
14 14 623 1
13 17 985 6
13 13 985 4
5 5 922 1
6 6 1146 3
6 6 357 5
11 11 1296 3
16 15 1296 7
16 16 1296 9
16 16 1253 11
11 10 995 5
11 11 995 3
16 16 964 2
2 7 1375 5
2 2 1375 2
0 0 1395 2
18 18 1134 16
3 7 267 13
3 3 267 14
6 5 163 13
6 6 163 4
10 10 984 1
9 3 1214 13
9 9 1214 1
10 8 1332 10
10 10 1332 2
12 14 203 5
12 12 203 4
13 13 211 1
15 15 696 6
13 13 454 6
0 5 72 12
0 0 72 6
2 2 977 13
16 15 618 13
16 16 618 16
4 4 989 3
5 5 420 9
13 13 447 1
9 9 494 11
11 11 901 11
15 10 256 12
15 15 256 6
15 17 255 8
15 15 255 1
18 6 49 3
18 18 49 4
14 14 616 2
1 1 1285 10
3 7 82 5
3 3 82 1
7 18 1387 13
7 7 1387 8
2 2 1050 3
13 8 1002 14
13 13 1002 3
8 8 658 5
18 18 64 5
0 5 1024 4
0 0 1024 14
5 18 1125 9
5 5 1125 12
6 6 1149 2
15 12 112 10
15 15 112 8
8 5 673 7
8 8 673 12
8 17 246 10
8 8 246 2
11 11 1289 7
11 3 99 6
11 11 99 11
14 3 1229 6
14 14 1229 3
15 18 1212 9
15 15 1212 1
17 3 565 10
17 17 565 19
2 2 1366 3
6 6 85 7
6 6 1036 2
10 10 963 1
7 14 247 3
7 7 247 1
5 5 133 9
10 10 1343 8
14 17 1148 8
14 14 1148 5
12 12 527 11
16 16 304 7
14 17 351 6
14 14 351 2
18 18 866 6
13 7 810 9
13 13 810 3
2 2 533 12
13 13 1283 1
8 8 586 8
9 7 938 2
9 9 938 4
9 11 194 14
9 9 194 8
13 11 914 1
13 13 914 6
14 10 718 2
14 14 718 1
14 17 771 2
14 14 771 10
1 1 1310 7
6 6 1253 7
8 9 110 5
8 8 110 3
7 10 462 4
7 7 462 5
11 1 580 2
11 11 580 1
11 11 11 1
16 16 1092 3
12 12 877 21
13 13 698 1
14 14 633 3
1 1 1019 26
1 1 17 8
13 13 1374 11
8 8 787 1
7 7 95 1
10 18 193 3
10 10 193 7
16 16 109 10
16 16 562 4
0 0 796 4
0 0 1206 6
11 11 761 11
9 5 317 4
9 9 317 7
10 10 519 27
9 14 1192 5
9 9 1192 2
12 12 1056 6
13 1 570 8
13 13 570 9
17 17 1313 12
16 8 311 6
16 16 311 4
5 3 1277 11
5 5 1277 4
12 12 1429 4
18 10 144 10
18 18 144 1
2 2 374 15
12 12 122 1
13 12 299 4
13 13 299 5
10 10 35 2
7 11 1175 1
7 7 1175 5
17 17 773 10
17 17 328 1
15 16 205 6
15 15 205 1
18 11 748 11
18 18 748 4
0 13 1133 11
0 0 1133 12
8 2 1163 3
8 8 1163 12
5 5 295 8
11 5 637 3
11 11 637 6
10 10 1048 2
13 3 796 5
13 13 796 7
9 5 795 5
9 9 795 4
16 2 922 8
16 16 922 8
1 18 423 4
1 1 423 8
0 0 1054 3
19 19 810 4
4 4 660 80
8 8 794 6
15 4 227 3
15 15 227 11
9 9 250 9
10 10 200 14
9 7 733 3
9 9 733 1
13 13 217 3
14 15 446 1
14 14 446 5
14 14 1011 3
0 8 430 7
0 0 430 13
0 0 787 8
1 1 1073 2
3 4 821 14
3 3 821 10
7 10 286 1
7 7 286 5
11 11 1428 7
9 17 1233 1
9 9 1233 5
16 11 1428 7
16 16 1428 4
14 7 244 6
14 14 244 6
14 7 297 3
14 14 297 2
2 2 1243 19
18 12 852 6
18 18 852 14
2 2 369 5
16 12 324 3
16 16 324 2
5 5 1289 1
8 8 1059 2
5 19 618 4
5 5 618 16
17 17 1157 6
15 18 741 1
15 15 741 2
12 12 327 2
12 12 652 49
14 19 781 11
14 14 781 14
5 17 1334 4
5 5 1334 8
1 1 1384 13
3 12 73 13
3 3 73 4
3 6 540 2
3 3 540 7
5 5 1019 6
7 19 60 1
7 7 60 1
7 15 907 14
7 7 907 2
7 11 1366 1
7 7 1366 6
2 2 746 37
15 12 974 5
15 15 974 2
14 14 22 2
15 19 396 6
15 15 396 1
18 18 480 4
0 2 891 9
0 0 891 11
0 0 1045 2
1 4 1177 7
1 1 1177 10
5 4 1104 5
5 5 1104 3
4 4 26 1
15 19 855 7
15 15 855 4
8 13 235 11
8 8 235 7
7 7 536 3
9 9 1353 2
13 5 731 5
13 13 731 6
13 13 305 2
15 6 582 8
15 15 582 6
16 4 544 14
16 16 544 1
0 0 421 4
0 5 1002 7
0 0 1002 1
19 3 54 2
19 19 54 7
2 16 2 2
2 2 2 13
15 13 1141 11
15 15 1141 1
8 19 1115 5
8 8 1115 2
5 10 119 13
5 5 119 3
9 15 209 6
9 9 209 2
7 7 1140 1
11 11 231 4
1 1 346 12
13 13 1114 2
5 0 1394 1
5 5 1394 3
6 13 1408 2
6 6 1408 11
18 18 452 11
7 8 420 14
7 7 420 3
10 10 1211 11
16 17 315 13
16 16 315 9
8 8 685 16
0 0 520 1
18 18 1195 4
3 9 517 8
3 3 517 3
6 6 1299 16
6 18 868 4
6 6 868 8
5 5 996 8
7 15 896 10
7 7 896 6
14 11 287 6
14 14 287 1
14 10 1395 3
14 14 1395 4
12 12 794 5
14 14 25 2
2 2 1419 3
17 19 646 1
17 17 646 2
19 19 389 12
8 4 776 10
8 8 776 2
7 1 74 6
7 7 74 4
14 16 1193 12
14 14 1193 3
13 13 298 1
1 1 895 3
15 18 642 2
15 15 642 8
0 0 1377 9
4 13 358 14
4 4 358 8
8 5 919 10
8 8 919 1
8 1 300 10
8 8 300 1
7 7 219 5
9 9 520 5
18 0 1165 10
18 18 1165 14
12 12 230 3
15 6 769 8
15 15 769 1
16 16 225 12
14 8 876 8
14 14 876 2
2 2 1197 16
13 3 1424 11
5 11 385 1
5 5 385 8
7 14 505 11
7 7 505 7
18 3 158 9
18 18 158 15
13 6 950 7
13 13 950 12
12 0 642 10
12 12 642 3
15 5 950 6
15 15 950 4
15 3 365 10
15 15 365 2
2 2 1116 4
18 18 729 6
18 9 1424 3
5 11 1073 4
5 5 1073 3
6 6 1217 1
8 18 1184 11
8 8 1184 16
5 15 274 2
5 5 274 1
8 13 10 5
8 8 10 2
11 11 632 5
1 1 907 3
13 0 1064 3
13 13 1064 5
19 0 1133 12
19 19 1133 10
13 9 739 3
13 13 739 1
5 5 1090 2
4 4 222 8
5 14 232 11
5 5 232 4
10 10 680 12
9 18 672 3
9 9 672 4
11 5 753 6
11 11 753 6
14 3 85 10
14 14 85 1
15 4 1314 7
15 15 1314 2
15 10 3 6
15 15 3 7
18 18 1092 3
5 5 564 1
7 8 261 1
7 7 261 5
14 14 1220 1
6 6 344 11
16 16 5 16
15 11 176 14
15 15 176 1
11 12 1426 3
11 11 1426 2
13 13 1005 2
3 13 1292 2
3 3 1292 1
17 8 1116 3
17 17 1116 8
6 6 1397 2
17 13 213 3
17 17 213 6
7 3 1275 13
7 7 1275 2
16 18 1032 3
16 16 1032 7
9 9 848 16
14 3 685 14
14 14 685 6
5 5 1053 2
18 5 7 4
18 18 7 2
12 12 1101 15
18 18 1181 9
19 1 1109 3
19 19 1109 11
3 3 966 1
6 11 411 8
6 6 411 5
7 7 43 1
3 3 1270 2
16 10 300 6
16 16 300 4
15 8 1137 1
15 15 1137 4
14 14 299 13
18 11 918 7
18 18 918 10
13 7 549 9
13 13 549 2
2 6 124 5
2 2 124 4
14 14 401 1
6 6 388 7
3 6 640 13
3 3 640 1
8 6 331 7
8 8 331 2
7 7 184 1
9 2 681 2
9 9 681 3
7 7 1331 7
8 8 1088 3
18 18 809 3
3 1 346 12
3 3 346 6
8 8 901 1
10 10 546 3
11 2 839 8
11 11 839 8
9 9 947 9
14 14 208 1
14 14 261 1
17 17 231 4
0 0 57 15
13 5 803 6
13 13 803 2
4 4 942 16
3 5 958 9
3 3 958 8
7 3 403 9
7 7 403 3
7 13 1317 8
7 7 1317 2
16 0 1039 6
16 16 1039 2
17 13 986 8
17 17 986 3
1 1 928 18
18 7 126 8
18 18 126 6
19 19 299 1
4 4 61 11
8 4 739 3
8 8 739 2
5 5 991 3
9 1 833 12
9 9 833 3
16 16 358 3
10 10 1063 6
12 5 1356 9
12 12 1356 4
14 14 551 6
0 0 274 3
10 10 1013 4
19 19 1259 5
12 12 977 2
14 5 810 13
14 14 810 7
8 8 135 1
8 9 1222 2
8 8 1222 4
10 10 1405 5
9 7 218 14
9 9 218 7
6 6 945 12
19 2 1237 6
19 19 1237 4
3 0 790 12
3 3 790 4
5 5 107 1
10 10 912 11
7 7 198 8
9 0 1270 8
9 9 1270 14
13 17 592 8
13 13 592 9
14 11 1029 6
14 14 1029 6
14 13 219 14
14 14 219 7
15 14 715 12
15 15 715 4
11 16 518 7
11 11 518 11
2 2 921 4
5 12 1179 9
5 5 1179 2
5 12 1366 11
5 5 1366 11
6 1 1388 12
6 6 1388 7
3 3 1402 1
4 4 463 13
9 15 1420 8
9 9 1420 6
7 12 1257 2
7 7 1257 8
5
10 14 26
18 13 609
18 17 410
13 15 551
15 10 61
