20 7669
11 11 400 8
10 17 1119 9
10 10 1119 5
16 13 400 13
16 16 400 2
0 10 378 13
0 0 378 1
18 15 121 3
18 18 121 2
16 3 1030 14
16 16 1030 7
19 15 304 3
19 19 304 11
1 1 1357 38
8 7 1280 7
8 8 1280 3
3 3 1076 1
8 1 746 14
8 8 746 3
4 3 1307 1
4 4 1307 9
7 2 25 8
7 7 25 4
9 9 1309 8
10 17 1429 6
10 10 1429 2
12 9 497 3
12 12 497 2
13 13 509 2
14 14 501 14
14 17 1172 2
14 14 1172 3
18 18 319 4
3 3 1305 3
18 18 597 3
19 19 852 17
3 3 315 7
6 6 1093 5
5 5 195 4
3 3 1121 1
9 19 731 6
9 9 731 1
15 15 1268 1
15 15 675 15
3 14 338 14
3 3 338 3
16 1 626 14
16 16 626 2
8 6 1150 10
8 8 1150 11
8 8 456 2
10 10 923 4
9 3 913 10
9 9 913 1
7 7 1105 2
11 11 312 22
16 10 376 1
16 16 376 7
17 17 654 4
2 2 295 4
3 3 473 7
6 6 936 9
10 6 874 1
10 10 874 1
11 11 1128 11
7 9 1307 2
7 7 1307 3
12 6 1267 6
12 12 1267 9
14 0 344 7
14 14 344 3
5 12 1045 3
5 5 1045 5
19 19 45 8
5 2 374 13
5 5 374 1
8 8 38 4
7 11 22 2
7 7 22 3
10 13 1065 12
10 10 1065 3
12 17 821 9
12 12 821 3
12 19 1346 8
12 12 1346 3
16 5 1003 14
16 16 1003 4
18 18 1049 4
4 12 178 10
4 4 178 5
4 3 1092 14
4 4 1092 7
9 9 732 5
15 16 981 9
15 15 981 2
13 13 188 18
17 19 758 7
17 17 758 6
16 16 231 4
10 10 738 3
16 5 769 6
16 16 769 1
2 2 1016 3
5 5 754 5
16 7 684 6
16 16 684 1
4 11 321 13
4 4 321 2
9 1 455 14
9 9 455 4
7 7 820 1
10 10 671 2
9 9 1248 3
11 11 305 7
12 8 718 3
12 12 718 2
17 17 828 2
14 14 1268 7
6 6 1273 3
2 2 1160 8
0 18 627 7
0 0 627 5
17 18 273 13
17 17 273 8
4 18 464 2
4 4 464 1
5 11 953 7
5 5 953 10
9 9 336 7
7 18 1247 5
7 7 1247 5
11 11 398 2
17 17 1146 19
16 16 398 2
15 15 289 11
5 5 1425 7
5 19 1381 4
5 5 1381 1
3 4 623 5
3 3 623 3
3 11 1058 13
3 3 1058 4
9 11 161 8
9 9 161 6
6 6 1260 13
12 10 487 6
12 12 487 4
12 17 812 8
12 12 812 3
16 8 29 2
16 16 29 7
17 17 417 1
0 0 487 12
0 1 812 10
0 0 812 6
15 15 468 16
3 18 1203 13
3 3 1203 1
10 10 778 6
7 15 156 6
7 7 156 2
7 17 619 14
7 7 619 1
13 13 746 2
9 9 968 2
19 15 1279 8
19 19 1279 8
18 19 781 2
18 18 781 4
17 17 1371 5
1 1 1145 22
3 3 781 1
3 9 1216 7
3 3 1216 1
10 13 454 8
10 10 454 14
7 7 760 4
14 17 1030 12
14 14 1030 21
13 13 6 4
14 11 737 7
14 14 737 3
16 16 640 7
0 14 5 8
0 0 5 15
18 8 668 13
18 18 668 4
19 19 214 4
16 16 558 5
4 4 565 5
3 11 1361 9
3 3 1361 2
9 18 345 10
9 9 345 5
7 13 834 11
7 7 834 4
7 7 1289 4
7 7 1236 5
8 8 969 5
13 6 972 14
13 13 972 4
15 15 343 2
0 0 335 4
0 11 180 8
0 0 180 6
0 10 1070 12
0 0 1070 1
3 3 596 6
3 2 1067 11
3 3 1067 3
5 5 819 2
9 9 170 2
10 10 312 1
9 9 1328 11
10 10 622 1
1 1 484 4
14 14 1312 13
15 15 1106 7
14 14 462 1
17 17 410 7
0 0 510 1
16 10 1132 12
16 16 1132 4
0 19 1245 12
0 0 1245 4
3 5 741 11
3 3 741 5
6 16 627 11
6 6 627 19
11 11 811 10
5 5 836 7
9 6 59 7
9 9 59 3
13 9 1083 6
13 13 1083 2
7 15 1071 1
7 7 1071 4
13 13 739 7
12 13 621 11
12 12 621 1
13 0 377 2
13 13 377 4
4 4 760 4
18 4 187 7
18 18 187 5
0 0 978 12
19 19 91 1
16 9 459 14
16 16 459 4
8 8 936 10
10 15 948 1
10 10 948 1
4 4 386 9
7 7 1212 12
13 13 628 4
12 17 764 1
12 12 764 2
17 17 369 3
16 4 647 5
16 16 647 5
0 7 28 2
0 0 28 2
3 2 121 4
3 3 121 9
4 18 905 14
4 4 905 8
4 4 1384 3
10 16 775 5
10 10 775 1
11 13 444 14
11 11 444 8
16 16 1122 3
15 11 1066 1
15 15 1066 6
16 14 508 7
16 16 508 9
13 17 1254 6
13 13 1254 13
2 2 1037 14
14 12 634 13
14 14 634 1
3 2 134 13
3 3 134 2
18 0 499 7
18 18 499 1
7 2 125 11
7 7 125 3
7 0 968 3
7 7 968 4
10 10 1417 6
10 8 468 10
10 10 468 5
13 13 854 3
12 12 802 2
13 2 1143 3
13 13 1143 5
19 19 1180 3
18 16 521 11
18 18 521 7
0 4 1236 8
0 0 1236 9
4 12 850 7
4 4 850 9
3 3 746 3
6 6 191 1
4 4 1422 1
10 10 633 3
9 9 759 9
13 13 370 3
10 9 313 3
10 10 313 2
19 14 1293 14
19 19 1293 5
3 10 420 8
3 3 420 3
5 12 72 7
5 5 72 1
5 10 515 9
5 5 515 2
7 6 340 1
7 7 340 7
7 7 803 1
13 13 569 2
8 13 784 5
8 8 784 4
12 3 763 11
12 12 763 1
4 6 634 12
4 4 634 5
2 2 405 10
17 18 189 11
17 17 189 29
12 10 1285 14
12 12 1285 6
3 3 565 2
8 0 1257 4
8 8 1257 4
14 14 1210 4
9 9 331 5
10 4 347 10
10 10 347 5
7 16 1407 14
7 7 1407 1
14 2 463 10
14 14 463 7
12 12 1175 3
17 6 507 10
17 17 507 1
18 10 395 11
18 18 395 2
18 18 1258 2
3 3 578 6
5 5 159 10
0 7 511 8
0 0 511 18
16 13 1315 5
16 16 1315 5
7 7 881 19
15 15 1184 4
17 19 577 8
17 17 577 1
14 17 525 3
14 14 525 19
5 5 776 3
2 2 480 7
1 1 1235 13
6 6 1048 7
3 3 1190 4
5 5 763 5
7 7 316 2
9 9 37 3
7 16 1053 7
7 7 1053 5
12 12 214 10
12 8 1294 7
12 12 1294 4
14 3 331 10
14 14 331 1
10 10 239 5
19 19 1298 1
18 15 348 12
18 18 348 3
10 6 934 11
10 10 934 3
9 6 1052 3
9 9 1052 4
14 14 104 4
14 14 1051 26
12 4 754 1
12 12 754 9
12 13 1087 7
12 12 1087 3
12 9 4 3
12 12 4 5
13 13 1362 10
18 0 60 11
18 18 60 4
6 6 1288 4
19 19 237 9
3 3 103 5
3 3 570 2
5 8 450 4
5 5 450 5
6 6 464 2
7 18 937 4
7 7 937 22
15 15 1015 2
17 11 508 10
17 17 508 16
19 5 1085 6
19 19 1085 8
0 6 153 4
0 0 153 6
11 11 518 12
18 18 1253 1
1 1 1211 1
4 4 689 5
13 19 779 6
13 13 779 10
3 7 1054 7
3 3 1054 4
10 10 142 1
5 5 814 2
10 15 664 11
10 10 664 7
8 17 1023 4
8 8 1023 21
16 5 1263 4
16 16 1263 4
17 6 1271 5
17 17 1271 12
12 11 33 11
12 12 33 2
0 0 776 4
18 18 1260 8
3 10 261 6
3 3 261 1
5 5 41 1
7 15 309 1
7 7 309 4
7 7 128 28
9 17 737 10
9 9 737 1
10 6 1290 6
10 10 1290 1
12 15 205 9
12 12 205 1
13 12 217 7
13 13 217 8
7 7 702 12
0 8 935 1
0 0 935 3
18 18 1338 11
5 16 1300 14
5 5 1300 4
4 4 300 7
7 7 330 5
9 11 626 6
9 9 626 4
7 8 1195 4
7 7 1195 13
18 18 192 3
6 6 558 14
12 3 745 1
12 12 745 4
15 15 847 13
14 3 765 3
14 14 765 19
16 16 748 4
0 0 598 5
18 18 1357 1
19 19 681 2
3 3 108 10
8 8 1346 3
10 16 221 14
10 10 221 6
1 1 927 24
8 8 657 4
18 18 509 2
18 17 70 9
18 18 70 2
18 18 531 3
1 1 1212 3
4 4 696 2
3 3 1031 12
8 3 699 3
8 8 699 1
8 8 549 3
10 10 643 1
9 6 184 4
9 9 184 6
7 8 1410 11
7 7 1410 2
11 11 109 10
16 16 1297 8
12 1 386 7
12 12 386 1
12 4 975 4
12 12 975 3
15 15 621 7
1 1 460 9
16 1 918 9
16 16 918 3
4 0 8 14
4 4 8 18
3 2 1172 8
3 3 1172 1
6 15 160 14
6 6 160 8
9 13 412 12
9 9 412 12
9 5 87 13
9 9 87 12
7 3 580 13
7 7 580 3
7 12 1043 11
7 7 1043 5
15 15 1287 9
12 8 196 14
12 12 196 6
13 13 210 7
12 12 1118 2
15 5 658 9
15 15 658 13
16 3 596 12
16 16 596 14
2 6 942 8
2 2 942 13
16 12 653 12
16 16 653 7
4 4 1213 6
9 8 493 7
9 9 493 1
7 7 782 2
10 10 62 7
16 8 1087 4
16 16 1087 1
15 10 571 12
15 15 571 6
12 8 1069 9
12 12 1069 1
15 17 259 12
15 15 259 1
13 10 1348 3
13 13 1348 1
12 12 176 1
18 3 763 5
18 18 763 3
19 19 251 3
5 6 1235 11
5 5 1235 3
3 11 552 5
3 3 552 5
3 3 1023 4
5 12 308 1
5 5 308 18
8 8 104 7
5 5 1189 3
11 11 590 8
16 10 366 3
16 16 366 1
19 7 757 11
19 19 757 7
12 12 298 6
15 15 965 7
18 8 500 3
18 18 500 2
18 17 367 9
18 18 367 10
5 8 1124 1
5 5 1124 6
17 5 1269 6
17 17 1269 2
10 10 199 1
18 12 203 6
18 18 203 7
11 11 98 5
13 13 251 5
17 14 1249 13
17 17 1249 2
16 16 119 1
0 0 465 3
18 16 976 2
18 18 976 6
19 16 908 5
19 19 908 14
4 4 131 13
8 8 1020 3
1 8 1343 3
1 1 1343 8
10 4 1340 14
10 10 1340 1
9 9 1009 6
16 16 305 2
0 0 215 5
14 2 913 12
14 14 913 1
18 18 1069 3
18 9 867 13
18 18 867 7
16 7 1222 14
16 16 1222 5
3 3 384 1
8 8 1078 2
8 8 587 4
4 4 1188 3
7 15 440 2
7 7 440 4
7 7 775 3
16 13 1078 3
16 16 1078 9
12 12 671 5
16 4 320 7
16 16 320 9
16 16 730 2
18 5 41 9
18 18 41 2
0 0 548 7
4 8 84 2
4 4 84 2
8 8 111 22
10 10 802 1
19 8 696 7
19 19 696 16
17 17 987 1
12 14 289 12
12 12 289 4
12 2 878 9
12 12 878 5
14 17 5 9
14 14 5 7
16 2 1366 8
16 16 1366 7
1 1 429 31
19 1 804 1
19 19 804 5
3 3 702 1
8 11 788 8
8 8 788 1
8 8 681 15
5 13 793 14
5 5 793 1
7 7 94 4
10 9 617 13
10 10 617 1
16 16 1295 2
14 13 492 1
14 14 492 5
14 7 367 6
14 14 367 2
16 16 563 5
2 2 1326 7
0 11 1346 14
0 0 1346 12
0 7 1207 5
0 0 1207 10
8 15 18 4
8 8 18 6
19 6 296 8
19 19 296 8
5 13 4 2
5 5 4 2
5 5 735 2
10 11 801 10
10 10 801 1
10 19 81 1
10 10 81 4
11 11 232 3
12 19 250 13
12 12 250 6
17 17 1312 3
10 11 378 8
10 10 378 13
5 5 1060 12
13 13 683 14
3 3 1194 1
12 12 1094 8
5 5 608 12
10 5 858 3
10 10 858 3
9 9 978 1
10 11 1206 2
10 10 1206 7
13 13 906 24
12 6 662 1
12 12 662 3
16 16 780 4
16 16 721 2
18 18 749 8
0 0 1120 3
3 3 534 4
4 0 424 2
4 4 424 17
6 6 875 6
8 19 1125 8
8 8 1125 1
10 5 813 6
10 10 813 1
11 11 1193 6
12 14 472 7
12 12 472 4
15 15 1052 2
14 8 12 1
14 14 12 1
16 16 923 3
1 9 422 2
1 1 422 7
15 15 442 3
8 8 795 6
4 4 1140 2
9 9 249 6
5 18 149 2
5 5 149 2
10 7 1375 10
10 10 1375 3
16 19 1227 5
16 16 1227 24
18 4 377 9
18 18 377 1
7 7 643 6
2 2 479 1
19 13 922 13
19 19 922 5
13 13 1299 4
3 9 820 7
3 3 820 7
4 17 1051 12
4 4 1051 2
9 9 439 3
7 12 228 1
7 7 228 1
9 16 541 9
9 9 541 6
9 9 1232 1
3 2 119 2
3 3 119 1
12 15 241 4
12 12 241 4
15 15 1351 14
17 17 695 12
15 5 164 7
15 15 164 4
1 1 669 3
14 14 550 3
2 2 955 6
5 5 1213 12
4 6 971 14
4 4 971 4
13 15 13 11
13 13 13 8
5 5 414 2
9 14 490 11
9 9 490 3
7 7 430 1
16 16 383 7
10 10 1201 5
16 16 1060 6
12 9 1242 6
12 12 1242 3
16 16 771 9
8 8 1199 6
10 10 53 3
6 6 1236 10
10 14 724 5
10 10 724 1
19 19 1383 2
14 14 470 7
13 13 1077 4
0 3 311 4
0 0 311 6
4 8 886 14
4 4 886 19
18 18 1216 5
4 7 668 11
4 4 668 7
8 8 770 2
5 5 688 2
5 5 779 4
7 12 539 1
7 7 539 13
12 8 25 1
12 12 25 8
0 0 827 10
13 13 304 2
15 14 577 13
15 15 577 7
16 16 545 5
18 18 829 1
19 19 9 1
1 1 1033 1
5 5 118 1
7 8 278 5
7 7 278 2
9 13 115 6
9 9 115 2
7 12 1143 10
7 7 1143 8
16 0 1420 9
16 16 1420 1
12 12 1090 1
15 15 758 2
13 13 1303 2
2 2 1235 46
19 19 605 4
4 12 271 12
4 4 271 15
12 14 709 8
12 12 709 3
10 10 789 2
17 17 1293 6
7 6 1337 7
7 7 1337 2
7 17 1156 14
7 7 1156 3
12 7 383 2
12 12 383 1
12 12 644 3
18 0 1064 4
18 18 1064 1
6 6 188 3
0 0 1150 13
3 19 177 12
3 3 177 4
6 6 1231 1
3 3 987 2
6 8 869 7
6 6 869 6
6 6 430 34
9 5 154 1
9 9 154 7
9 18 813 14
9 9 813 2
11 10 49 4
11 11 49 6
11 11 452 8
10 18 1089 9
10 10 1089 4
12 4 795 11
12 12 795 5
16 16 70 6
0 12 270 6
0 0 270 5
0 5 883 11
0 0 883 10
0 11 696 4
0 0 696 2
0 0 1261 2
8 3 99 9
8 8 99 5
5 6 238 14
5 5 238 4
6 6 244 4
7 7 768 2
7 4 69 9
7 7 69 3
10 17 1305 7
10 10 1305 1
13 19 1412 2
12 7 16 9
12 12 16 4
15 19 1171 6
15 15 1171 8
14 2 393 12
14 14 393 5
13 14 539 11
13 13 539 4
0 0 994 1
18 18 1409 1
0 15 1180 14
0 0 1180 1
3 9 367 1
3 3 367 5
8 8 1091 7
3 14 1273 8
3 3 1273 11
6 6 1300 15
5 14 1103 12
5 5 1103 6
10 10 1232 11
14 14 1113 2
12 14 556 6
12 12 556 10
15 15 768 7
12 9 1414 10
12 12 1414 1
17 19 244 7
17 17 244 3
1 1 606 2
18 15 1296 6
18 18 1296 1
5 6 1402 3
5 5 1402 2
19 18 318 1
19 19 318 11
5 5 603 4
11 11 530 27
7 7 1277 4
13 18 64 11
13 13 64 13
13 3 1377 2
13 13 1377 3
18 4 1187 1
18 18 1187 7
1 1 1401 3
5 19 1072 11
5 5 1072 4
9 9 470 3
19 14 367 8
19 19 367 3
10 17 710 10
10 10 710 3
10 3 1074 2
10 10 1074 1
16 16 1185 3
1 1 966 25
0 1 842 2
0 0 842 6
0 6 703 6
0 0 703 7
4 17 642 12
4 4 642 2
4 11 223 12
4 4 223 2
3 3 769 5
6 11 304 1
6 6 304 4
7 7 66 1
18 18 140 9
9 8 1402 14
9 9 1402 3
12 18 15 10
12 12 15 1
8 8 592 4
15 10 790 12
15 15 790 4
18 18 354 1
1 1 314 8
8 8 1098 4
4 17 1264 1
4 4 1264 4
7 7 670 8
10 18 1243 13
10 10 1243 10
13 13 232 1
12 16 1136 8
12 12 1136 2
18 6 975 1
18 18 975 1
19 18 1354 14
19 19 1354 27
3 10 46 5
3 3 46 6
3 6 1295 5
3 3 1295 2
8 13 419 11
8 8 419 7
7 5 864 7
7 7 864 5
7 18 1327 11
7 7 1327 3
9 15 1108 7
9 9 1108 7
13 13 121 52
17 17 992 7
18 14 690 8
18 18 690 1
2 2 202 10
3 13 626 2
3 3 626 7
8 18 1192 4
8 8 1192 6
6 6 408 6
7 7 42 2
9 14 1298 14
9 9 1298 6
16 16 1176 1
13 13 458 4
14 14 605 2
1 1 991 5
18 18 919 3
2 2 125 4
4 4 198 1
8 19 332 3
8 8 332 2
6 6 299 5
10 10 969 4
7 2 518 2
7 7 518 1
11 11 188 13
17 17 1396 10
15 1 604 4
15 15 604 1
16 19 534 7
16 16 534 1
18 18 806 14
0 14 1317 9
0 0 1317 1
2 19 1004 12
2 2 1004 12
18 18 1368 1
8 3 475 14
8 8 475 1
7 4 381 14
7 7 381 3
16 2 442 12
16 16 442 2
13 13 225 7
14 2 209 7
14 14 209 6
16 9 438 4
16 16 438 4
19 19 189 4
2 2 927 15
10 0 38 8
10 10 38 4
4 4 943 25
4 10 484 12
4 4 484 2
8 11 426 7
8 8 426 1
9 9 316 1
7 0 857 8
7 7 857 7
9 9 50 4
13 13 935 6
14 14 64 8
10 0 128 4
10 10 128 9
0 9 542 10
0 0 542 4
19 19 737 3
5 5 1058 2
3 3 635 5
3 17 974 14
3 3 974 1
5 5 259 2
5 13 990 9
5 5 990 10
6 6 590 10
17 17 1063 4
16 16 41 7
14 14 1175 15
0 13 275 2
0 0 275 13
16 16 868 3
3 8 309 4
3 3 309 6
18 18 1143 11
6 6 660 3
5 5 879 3
18 16 156 10
18 18 156 12
7 7 639 2
9 9 994 5
8 18 708 14
8 8 708 7
0 16 386 4
0 0 386 3
0 11 1015 8
0 0 1015 14
17 17 902 30
3 4 322 2
3 3 322 1
3 3 793 1
5 8 106 5
5 5 106 6
9 9 468 2
10 12 554 12
10 10 554 6
7 3 1115 5
7 7 1115 1
10 10 1229 3
12 4 140 4
12 12 140 7
15 19 799 10
15 15 799 14
17 17 660 27
5 5 772 3
18 8 1405 13
18 18 1405 1
4 4 601 3
6 6 950 22
4 6 1397 4
4 4 1397 1
10 10 864 2
12 5 1112 9
12 12 1112 6
17 0 293 13
17 17 293 3
0 0 379 6
0 5 533 12
0 0 533 1
0 9 1114 11
0 0 1114 1
19 19 742 1
3 13 173 4
3 3 173 4
3 3 608 4
3 10 1079 1
3 3 1079 27
8 8 700 3
18 15 202 10
18 18 202 1
5 10 70 5
5 5 70 2
14 2 1117 4
14 14 1117 3
0 18 863 11
0 0 863 2
13 4 1081 4
13 13 1081 2
6 6 208 4
10 0 578 2
10 10 578 1
11 11 1360 6
16 19 273 8
16 16 273 1
7 7 813 1
12 5 577 8
12 12 577 14
15 15 1271 11
17 17 764 1
14 0 990 14
14 14 990 3
9 13 598 8
9 9 598 4
19 18 525 6
19 19 525 7
4 14 984 9
4 4 984 3
2 2 555 22
4 4 347 10
3 16 1237 14
3 3 1237 2
4 13 1261 8
4 4 1261 3
10 12 920 14
10 10 920 3
14 14 1077 26
12 0 720 7
12 12 720 2
14 14 163 1
16 6 206 2
16 16 206 4
14 17 841 10
14 14 841 2
13 13 635 4
19 19 203 4
14 1 36 7
14 14 36 10
5 5 1155 3
5 5 1374 1
4 13 490 11
4 4 490 13
10 2 854 14
10 10 854 1
7 15 384 8
7 7 384 1
7 8 1306 8
7 7 1306 1
9 9 1103 5
18 18 153 2
17 17 1408 13
14 13 1278 13
14 14 1278 2
16 16 861 7
17 17 376 13
2 2 1057 15
0 0 748 2
18 0 1159 4
18 18 1159 3
5 5 1382 3
5 5 1044 1
6 6 322 7
5 3 373 11
5 5 373 1
7 16 988 4
7 7 988 3
18 19 211 2
18 18 211 7
14 14 717 5
12 12 92 1
16 5 694 13
16 16 694 7
13 13 501 5
15 5 570 11
15 15 570 1
3 16 291 3
3 3 291 8
3 7 758 2
3 3 758 4
6 6 646 14
5 14 849 3
5 5 849 2
7 7 621 2
11 11 796 15
13 13 752 12
18 14 996 5
18 18 996 1
12 12 901 4
17 18 56 8
17 17 56 14
14 15 714 14
14 14 714 3
0 5 965 14
0 0 965 6
4 17 1013 11
4 4 1013 8
8 3 1126 10
8 8 1126 3
10 10 899 15
8 8 619 6
10 10 105 10
7 9 1097 6
7 7 1097 2
12 17 1044 5
12 12 1044 1
15 15 728 7
1 1 1089 2
18 18 1391 2
3 17 10 6
3 3 10 5
4 6 465 1
4 4 465 9
3 14 1387 13
3 3 1387 3
17 17 880 2
10 3 431 10
10 10 431 4
11 11 567 17
12 0 273 2
12 12 273 1
13 13 413 2
13 14 1267 8
13 13 1267 2
18 10 1288 12
18 18 1288 6
0 4 190 8
0 0 190 2
0 19 739 3
0 0 739 4
11 11 557 10
4 19 734 3
4 4 734 9
4 2 43 7
4 4 43 5
8 8 836 3
6 6 388 12
10 13 741 7
10 10 741 1
17 7 1195 14
17 17 1195 3
10 4 1412 10
10 10 1412 1
12 4 319 7
12 12 319 6
14 14 1374 4
17 10 1034 14
17 17 1034 8
14 8 452 8
14 14 452 1
13 13 1040 5
0 8 658 4
0 0 658 4
2 2 65 16
19 19 869 1
6 6 1076 4
8 19 979 11
8 8 979 7
8 1 189 8
8 8 189 5
10 10 628 5
10 2 1303 4
10 10 1303 2
12 17 42 12
12 12 42 6
12 10 631 2
12 12 631 9
15 7 1221 13
15 15 1221 10
16 6 173 5
16 16 173 4
17 17 49 4
0 17 407 10
0 0 407 4
19 18 978 4
19 19 978 8
3 3 441 4
3 3 1219 8
8 8 503 4
7 14 812 6
7 7 812 1
7 7 1094 3
11 11 297 8
17 17 820 5
8 19 762 2
8 8 762 8
18 12 1382 14
18 18 1382 9
19 11 652 9
19 19 652 7
6 6 923 13
8 7 1149 4
8 8 1149 1
7 7 502 4
10 10 342 4
9 9 1145 2
16 2 474 5
16 16 474 8
17 9 1254 4
17 17 1254 2
16 16 390 8
14 14 657 2
19 19 1065 3
1 1 630 7
0 3 762 7
0 0 762 1
0 14 1071 6
0 0 1071 16
19 19 765 1
8 8 1334 1
9 19 892 9
9 9 892 9
5 19 173 10
5 5 173 18
10 9 1423 2
10 10 1423 6
16 16 1334 15
12 6 415 11
12 12 415 3
17 17 1027 4
12 14 1393 12
12 12 1393 1
16 13 1208 11
16 16 1208 1
1 1 828 16
17 13 1031 9
17 17 1031 3
19 17 874 8
19 19 874 3
3 4 273 13
3 3 273 1
8 3 986 1
8 8 986 10
4 14 1099 14
4 4 1099 15
5 5 835 1
10 4 751 9
10 10 751 1
16 16 1349 2
12 3 622 13
12 12 622 4
15 0 1218 11
15 15 1218 3
19 0 1287 13
19 19 1287 3
0 11 1304 5
0 0 1304 2
8 7 1044 14
8 8 1044 3
10 10 949 2
15 17 794 11
15 15 794 5
13 13 627 1
17 17 1067 4
15 15 883 2
1 1 734 6
18 0 660 12
18 18 660 2
2 13 890 13
2 2 890 1
3 14 120 11
3 3 120 1
15 10 140 2
15 15 140 5
11 11 1366 4
8 8 568 3
7 7 495 1
10 10 337 4
7 10 1281 5
7 7 1281 6
9 14 1122 4
9 9 1122 3
16 14 20 13
16 16 20 2
16 16 834 7
1 1 900 26
12 9 166 4
12 12 166 10
19 19 335 2
8 8 1341 5
3 6 1043 5
3 3 1043 1
5 16 827 7
5 5 827 2
10 0 663 2
10 10 663 1
11 11 1263 3
6 6 670 5
13 16 650 2
13 13 650 13
16 16 12 3
16 15 977 6
16 16 977 1
19 18 1183 12
19 19 1183 4
5 19 1375 6
5 5 1375 2
6 5 91 10
6 6 91 6
3 3 749 3
5 5 753 1
6 6 257 12
9 9 35 1
18 2 1059 13
18 18 1059 2
7 16 1063 3
7 7 1063 3
8 14 868 13
8 8 868 7
14 14 1126 5
12 8 613 12
12 12 613 2
12 3 1293 12
12 12 1293 1
16 16 155 11
6 6 113 2
0 10 938 13
0 0 938 1
6 6 508 4
13 10 328 14
13 13 328 2
3 3 423 16
14 14 1140 4
8 12 485 2
8 8 485 10
12 12 1237 1
5 5 1291 6
17 5 806 3
17 17 806 3
16 15 810 3
16 16 810 1
16 7 767 8
16 16 767 1
0 3 20 14
0 0 20 2
18 17 550 5
18 18 550 6
19 19 666 15
4 4 462 2
13 13 1324 5
11 11 602 6
18 18 22 1
11 11 436 8
14 18 1408 1
14 14 1408 1
14 19 46 7
14 14 46 12
0 15 350 8
0 0 350 1
2 2 187 4
16 2 531 9
16 16 531 1
19 19 1414 1
17 13 453 10
17 17 453 15
13 1 643 11
13 13 643 2
1 1 1313 2
13 15 281 8
13 13 281 3
16 19 3 6
16 16 3 4
16 10 968 12
16 16 968 1
0 7 818 2
0 0 818 9
17 7 397 14
17 17 397 2
15 15 1300 2
18 11 422 13
18 18 422 7
7 7 319 2
9 4 36 12
9 9 36 1
10 15 186 10
10 10 186 4
12 12 540 4
16 11 615 10
16 16 615 5
0 4 929 14
0 0 929 6
2 2 400 2
2 2 989 5
6 6 426 4
11 11 1079 14
3 8 1334 7
3 3 1334 13
8 8 1102 23
10 10 496 5
1 1 1351 6
6 6 553 5
13 11 48 7
13 13 48 10
16 16 348 3
16 16 801 5
2 2 1133 9
0 9 1413 8
0 0 1413 14
3 3 102 1
6 6 1196 4
4 8 1375 8
4 4 1375 4
10 10 822 3
7 14 1399 10
7 7 1399 8
12 12 309 4
18 1 673 9
18 18 673 7
18 14 1235 3
18 18 1235 2
14 14 618 1
18 5 537 7
18 18 537 13
0 4 719 6
0 0 719 8
18 17 1250 6
18 18 1250 2
17 17 14 2
5 15 338 5
5 5 338 4
5 11 813 8
5 5 813 1
17 17 1098 5
11 11 1309 3
9 9 1322 6
11 0 119 2
11 11 119 13
16 16 1307 4
12 12 388 4
18 19 865 12
18 18 865 2
0 6 452 12
0 0 452 2
18 18 1141 2
4 4 833 2
18 18 476 5
10 10 991 1
10 10 616 1
7 4 590 11
7 7 590 2
10 5 1291 13
10 10 1291 3
12 2 206 6
12 12 206 1
15 0 1378 1
15 15 1378 2
17 17 714 6
15 11 704 9
15 15 704 1
1 1 688 2
19 19 132 10
5 5 1284 7
19 9 430 13
19 19 430 22
11 11 920 10
5 5 628 6
8 12 1080 10
8 8 1080 3
10 10 507 17
10 15 52 10
10 10 52 1
12 12 349 13
15 17 846 6
15 15 846 1
15 15 261 5
15 5 240 5
15 15 240 5
2 2 282 9
7 1 1412 10
7 7 1412 2
3 6 546 7
3 3 546 5
3 2 1017 2
3 3 1017 2
3 3 1356 5
11 11 584 4
16 16 1096 14
16 5 482 4
16 16 482 1
17 18 500 9
17 17 500 7
19 0 1093 10
19 19 1093 7
0 17 710 4
0 0 710 3
13 13 839 6
3 4 691 5
3 3 691 9
6 6 717 4
5 14 347 13
5 5 347 7
9 7 197 9
9 9 197 5
7 3 566 1
7 7 566 2
9 15 1363 5
9 9 1363 2
14 9 1224 2
14 14 1224 11
12 3 387 14
12 12 387 1
13 13 267 10
16 16 966 2
18 18 982 14
0 8 1397 10
0 0 1397 1
18 15 1132 14
18 18 1132 9
5 5 1419 6
5 11 17 3
5 5 17 3
10 10 966 2
10 8 531 4
10 10 531 6
7 19 583 4
7 7 583 5
17 17 707 7
17 12 22 1
17 17 22 2
1 1 649 2
0 10 959 7
0 0 959 1
3 3 460 6
3 11 410 14
3 3 410 9
5 5 418 4
8 8 410 9
7 9 322 9
7 7 322 2
9 19 935 8
9 9 935 6
7 17 724 14
7 7 724 5
7 7 1187 3
12 19 1070 8
12 12 1070 12
5 8 1410 2
5 5 1410 3
0 0 1427 2
8 8 1412 4
17 13 731 8
17 17 731 7
19 2 1232 3
19 19 1232 5
11 11 20 4
16 16 652 1
16 6 473 3
16 16 473 1
17 17 493 7
18 16 958 4
18 18 958 8
0 0 733 1
4 4 86 1
8 15 878 13
8 8 878 13
9 1 206 6
9 9 206 5
9 0 641 4
9 9 641 16
14 14 1235 3
17 13 555 14
17 17 555 4
17 17 126 4
19 4 1211 2
19 19 1211 4
13 13 965 7
2 2 55 10
4 8 1333 1
4 4 1333 13
3 3 713 6
19 19 743 8
0 0 414 3
10 17 1341 4
10 10 1341 2
15 15 1392 9
14 14 918 1
18 4 151 3
18 18 151 2
2 2 398 2
3 3 667 3
19 13 532 14
19 19 532 9
10 10 493 1
7 4 717 1
7 7 717 7
10 4 1164 12
10 10 1164 1
15 15 860 1
15 3 267 1
15 15 267 20
17 17 152 9
2 2 1142 4
0 7 1130 4
0 0 1130 3
19 3 694 9
19 19 694 2
4 16 536 9
4 4 536 18
17 14 432 7
17 17 432 13
6 6 881 5
5 8 1015 2
5 5 1015 2
10 10 803 5
13 7 428 2
13 13 428 2
12 13 235 7
12 12 235 1
18 13 514 11
18 18 514 7
8 13 1291 8
8 8 1291 5
4 5 687 11
4 4 687 2
8 8 789 2
3 3 788 4
6 6 341 1
9 9 247 2
19 19 751 6
16 6 1280 6
16 16 1280 15
12 3 433 12
12 12 433 10
12 15 1291 9
12 12 1291 2
16 0 1376 2
16 16 1376 7
0 1 425 4
0 0 425 1
18 10 968 13
18 18 968 1
18 10 938 11
18 18 938 3
5 9 3 2
5 5 3 1
4 13 1053 6
4 4 1053 15
10 10 968 1
9 16 64 6
9 9 64 2
9 9 539 1
11 11 235 1
15 15 1401 25
10 12 291 3
10 10 291 1
18 17 1039 14
18 18 1039 2
16 3 1019 12
16 16 1019 6
4 4 1068 1
3 9 53 13
3 3 53 6
6 6 985 1
9 9 612 9
11 11 949 5
0 10 837 6
0 0 837 3
12 8 72 10
12 12 72 7
14 0 727 6
14 14 727 2
16 18 495 4
16 16 495 3
18 4 1065 3
18 18 1065 2
15 15 1115 4
7 8 1371 6
7 7 1371 5
8 8 791 2
15 9 1055 7
15 15 1055 10
14 9 13 10
14 14 13 4
15 15 385 6
19 19 1112 8
1 1 104 9
5 3 1109 5
5 5 1109 8
4 4 227 3
1 1 822 6
7 19 86 5
7 7 86 4
9 7 1350 13
9 9 1350 3
14 17 1245 6
14 14 1245 2
13 13 310 9
14 14 444 4
4 7 370 3
4 4 370 16
9 9 1071 2
7 4 280 7
7 7 280 2
10 10 524 7
9 7 540 12
9 9 540 1
9 9 25 1
17 10 1304 1
17 17 1304 3
12 12 1092 2
15 0 744 12
15 15 744 3
10 8 233 12
10 10 233 4
13 1 953 5
13 13 953 12
19 9 160 14
19 19 160 9
4 4 639 3
8 8 634 9
16 16 763 1
10 5 415 7
10 10 415 7
9 9 621 3
9 3 1056 14
9 9 1056 6
13 11 898 8
13 13 898 5
13 13 77 13
14 3 101 2
14 14 101 1
4 4 554 2
15 15 212 2
1 1 525 6
0 11 563 4
0 0 563 13
18 18 1198 1
12 13 830 9
12 12 830 2
3 13 542 10
3 3 542 4
4 4 400 3
6 6 867 2
5 5 1017 3
9 4 144 10
9 9 144 4
10 5 366 14
10 10 366 1
16 4 915 14
16 16 915 3
10 18 178 14
10 10 178 4
0 13 893 3
0 0 893 5
0 19 1047 2
0 0 1047 10
4 9 234 13
4 4 234 12
3 3 1122 12
10 19 676 5
10 10 676 4
16 9 692 2
16 16 692 2
10 10 1351 10
16 16 1219 3
18 12 802 13
18 18 802 2
19 19 1230 2
0 0 1004 3
18 5 1415 10
18 18 1415 1
8 11 914 6
8 8 914 22
3 3 445 5
17 17 1174 5
10 4 1294 9
10 10 1294 4
16 16 1421 17
12 12 566 2
12 12 1091 1
17 6 687 6
17 17 687 4
0 16 86 10
0 0 86 3
19 10 169 6
19 19 169 3
3 15 35 2
3 3 35 1
4 4 264 7
5 10 390 7
5 5 390 2
8 0 438 2
8 8 438 13
7 7 1159 1
14 0 108 13
14 14 108 2
15 15 358 2
15 10 221 8
15 15 221 17
18 5 19 1
18 18 19 3
18 18 732 2
5 12 1078 14
5 5 1078 10
3 8 986 10
3 3 986 1
6 6 858 4
8 8 5 5
10 10 732 1
3 3 1379 4
12 6 1102 5
12 12 1102 4
10 2 1032 5
10 10 1032 16
13 7 639 10
13 13 639 4
12 6 788 12
12 12 788 6
16 2 453 5
16 16 453 6
13 13 1069 8
18 2 528 13
18 18 528 3
4 2 644 3
4 4 644 8
8 3 778 3
8 8 778 2
10 8 248 3
10 10 248 10
9 9 1392 2
15 15 986 17
19 15 235 3
19 19 235 1
12 16 1328 6
12 12 1328 10
17 10 161 3
17 17 161 13
0 19 995 8
0 0 995 3
0 13 1181 3
0 0 1181 8
18 19 1317 10
18 18 1317 3
4 4 246 18
9 17 506 2
9 9 506 4
10 2 997 5
10 10 997 4
10 4 75 11
10 10 75 5
9 3 1217 2
9 9 1217 6
12 12 224 4
17 17 1290 3
14 5 196 3
14 14 196 7
12 19 1415 14
12 12 1415 6
15 19 181 14
15 15 181 6
19 19 1348 6
18 13 621 14
18 18 621 8
18 1 1297 7
18 18 1297 13
19 7 613 10
19 19 613 4
3 5 511 6
3 3 511 3
6 6 1401 4
5 2 399 1
5 5 399 2
4 19 1177 3
4 4 1177 8
17 17 1044 5
9 9 964 2
0 16 62 4
0 0 62 2
12 6 375 13
12 12 375 3
17 9 1006 3
17 17 1006 2
15 15 367 10
13 13 1376 1
0 13 220 13
0 0 220 8
8 1 393 9
8 8 393 13
4 12 764 2
4 4 764 6
6 6 1223 6
3 5 963 10
3 3 963 1
1 1 805 2
7 9 44 3
7 7 44 22
10 3 272 1
10 10 272 11
7 18 1350 2
7 7 1350 2
12 12 1024 12
11 11 508 3
14 14 1400 2
13 14 464 6
13 13 464 18
15 18 545 11
15 15 545 8
17 4 450 9
17 17 450 2
17 17 362 7
18 11 582 8
18 18 582 5
16 16 1255 1
5 5 1088 2
5 4 214 13
5 5 214 11
19 14 477 8
19 19 477 17
10 14 227 9
10 10 227 2
9 9 1401 1
14 0 1206 11
14 14 1206 3
15 5 1179 8
15 15 1179 5
0 8 437 14
0 0 437 1
16 11 1071 8
16 16 1071 7
0 7 1327 4
0 0 1327 19
5 5 585 5
9 14 202 1
9 9 202 4
8 8 896 4
10 10 1004 4
7 7 210 4
9 9 1226 4
12 12 1245 6
17 5 1283 8
17 17 1283 7
17 17 854 12
16 8 218 14
16 16 218 2
8 14 358 11
8 8 358 4
19 19 183 3
15 6 1313 10
15 15 1313 2
4 4 929 14
15 15 5 3
5 5 392 3
11 11 971 12
7 16 404 1
7 7 404 7
9 9 973 5
9 9 1115 1
13 13 941 2
16 14 420 2
16 16 420 7
16 6 873 13
16 16 873 1
9 3 710 3
9 9 710 1
0 5 1101 1
0 0 1101 2
2 2 820 16
5 5 521 5
8 17 1300 7
8 8 1300 1
5 19 281 2
5 5 281 14
4 19 1303 2
4 4 1303 4
18 7 358 14
18 18 358 7
7 14 1008 10
7 7 1008 5
10 10 1082 7
16 16 1177 1
17 10 624 3
17 17 624 9
1 1 385 8
19 19 1187 8
1 1 1250 23
4 7 199 11
4 4 199 2
5 5 869 2
9 19 20 1
9 9 20 3
7 1 513 12
7 7 513 1
11 11 744 16
14 14 1209 1
19 14 941 12
19 19 941 2
12 6 921 2
12 12 921 5
16 16 66 4
16 16 535 10
0 7 1318 12
0 0 1318 1
2 2 1125 8
14 14 938 4
5 5 96 4
8 8 476 2
7 16 380 3
7 7 380 1
18 13 323 13
18 18 323 5
9 18 568 12
9 9 568 2
7 10 1117 10
7 7 1117 2
6 6 115 21
1 1 281 7
17 3 658 9
17 17 658 2
15 15 187 9
1 1 760 10
1 1 926 1
8 8 427 1
10 10 435 8
7 4 1319 5
7 7 1319 5
9 12 1116 8
9 9 1116 6
16 18 1025 13
16 16 1025 1
14 14 698 16
19 12 1036 11
19 19 1036 3
1 1 617 8
3 3 439 2
3 15 167 2
3 3 167 6
6 6 400 8
6 6 1178 13
15 15 521 24
9 6 295 13
9 9 295 3
14 11 1354 3
14 14 1354 10
17 13 617 5
17 17 617 4
18 18 600 1
18 3 1061 2
18 18 1061 3
19 17 849 5
19 19 849 3
6 6 1200 20
0 0 306 5
6 4 291 9
6 6 291 8
10 6 600 9
10 10 600 4
11 11 1370 5
9 14 1387 2
9 9 1387 5
9 9 924 1
13 13 339 9
19 11 1258 5
19 19 1258 2
3 19 325 12
3 3 325 13
3 8 792 3
3 3 792 1
9 9 1258 5
8 8 451 2
7 7 373 4
10 2 100 9
10 10 100 2
12 15 1127 10
12 12 1127 4
14 9 274 2
14 14 274 16
15 11 975 8
15 15 975 6
0 0 71 1
3 6 466 11
3 3 466 3
8 8 1224 14
3 3 1404 17
4 15 1398 3
4 4 1398 1
7 14 849 5
7 7 849 1
16 16 1144 12
16 8 402 6
16 16 402 3
16 15 871 3
16 16 871 2
8 8 338 12
0 0 534 1
0 1 1115 10
0 0 1115 1
16 6 1256 4
16 16 1256 7
4 4 745 5
5 5 267 4
8 8 33 5
9 10 181 9
9 9 181 3
10 10 269 3
17 17 1308 4
10 18 1068 1
10 10 1068 4
12 8 499 8
12 12 499 5
12 3 824 3
12 12 824 1
12 3 1349 14
12 12 1349 13
15 2 491 11
15 15 491 8
1 11 808 13
1 1 808 14
0 19 848 4
0 0 848 2
0 5 645 7
0 0 645 3
1 14 1276 12
1 1 1276 20
19 19 330 5
3 9 752 7
3 3 752 6
4 7 1119 4
4 4 1119 5
7 12 168 8
7 7 168 9
11 11 742 2
10 19 1378 5
10 10 1378 11
12 8 53 13
12 12 53 2
13 13 332 4
17 1 1341 10
17 17 1341 3
17 17 70 4
16 16 628 4
0 11 975 13
0 0 975 3
19 17 15 9
19 19 15 3
4 4 324 2
18 0 772 14
18 18 772 4
8 17 458 10
8 8 458 1
11 15 1053 1
11 11 1053 1
7 19 1107 13
7 7 1107 8
10 10 1269 17
19 6 969 11
19 19 969 9
12 12 1054 4
6 6 1323 21
18 2 680 3
18 18 680 5
2 2 293 1
2 2 878 9
18 15 1349 2
18 18 1349 3
12 13 982 13
12 12 982 2
19 12 1224 13
19 19 1224 6
7 10 846 1
7 7 846 3
17 14 1377 1
17 17 1377 1
14 4 117 14
14 14 117 14
12 12 283 6
1 1 469 15
16 5 1373 1
16 16 1373 1
2 2 212 4
10 10 258 8
5 5 1043 1
5 18 372 7
5 5 372 1
9 9 1147 2
9 0 190 14
9 9 190 5
7 2 991 3
7 7 991 4
12 12 93 3
14 15 1364 4
14 14 1364 7
6 6 1042 6
15 11 517 13
15 15 517 4
0 17 482 2
0 0 482 3
0 15 855 5
0 0 855 8
0 0 668 2
0 0 1217 4
14 5 987 13
14 14 987 1
12 15 859 11
12 12 859 4
3 3 774 7
7 16 620 4
7 7 620 1
9 6 1173 5
9 9 1173 1
10 17 1389 2
10 10 1389 12
17 8 967 2
17 17 967 1
13 2 186 1
13 13 186 2
14 9 659 11
14 14 659 2
4 13 323 7
4 4 323 1
5 19 91 11
5 5 91 5
4 17 1237 10
4 4 1237 7
9 18 453 8
9 9 453 2
7 0 822 5
7 7 822 5
18 18 1363 1
14 14 1415 13
12 19 712 4
12 12 712 6
12 5 1045 6
12 12 1045 2
14 10 849 6
14 14 849 3
19 19 1385 7
18 9 966 12
18 18 966 2
19 15 211 4
19 19 211 2
19 0 946 14
19 19 946 9
17 19 37 8
17 17 37 12
10 10 428 3
7 1 1241 9
7 7 1241 6
11 3 384 1
11 11 384 2
12 17 274 10
12 12 274 2
12 14 863 7
12 12 863 10
7 2 1013 3
7 7 1013 18
14 14 655 2
5 4 545 11
5 5 545 20
5 5 1183 2
2 5 792 2
2 2 792 21
8 10 1410 13
8 8 1410 2
3 3 593 3
4 4 1291 2
9 9 167 3
7 7 980 8
17 10 866 7
17 17 866 14
10 10 1413 1
12 7 84 6
12 12 84 1
13 13 493 6
17 17 604 2
16 16 246 3
18 18 1038 1
3 3 299 4
7 7 241 12
7 16 158 13
7 7 158 1
9 7 715 14
9 9 715 1
10 10 1300 3
12 12 957 3
10 7 973 7
10 10 973 1
4 1 1021 12
4 4 1021 8
3 16 783 1
3 3 783 5
4 4 1244 1
9 3 596 7
9 9 596 2
9 10 1263 3
9 9 1263 7
15 15 885 6
17 17 1042 2
13 13 1199 20
10 3 33 3
10 10 33 5
4 4 1379 5
7 9 497 13
7 7 497 5
10 10 1142 1
17 17 1137 4
12 7 1251 13
12 12 1251 14
17 17 271 2
4 18 653 3
4 4 653 6
0 16 763 8
0 0 763 4
9 9 694 13
19 19 764 1
8 19 1335 13
8 8 1335 6
5 5 171 2
5 13 358 12
5 5 358 14
11 11 700 12
12 10 83 8
12 12 83 1
12 1 408 3
12 12 408 1
3 16 0 12
3 3 0 6
13 5 1148 7
13 13 1148 5
19 19 1177 3
19 19 877 7
16 17 757 7
16 16 757 6
5 7 759 5
5 5 759 4
8 9 165 5
8 8 165 4
10 19 636 13
10 10 636 7
10 12 137 11
10 10 137 5
9 15 17 11
9 9 17 1
10 10 1311 2
15 15 1302 11
17 17 1171 3
18 9 185 10
18 18 185 2
2 2 415 30
16 15 573 11
16 16 573 9
1 1 1136 9
6 6 512 5
7 5 804 10
7 7 804 7
16 14 432 12
16 16 432 6
12 3 177 8
12 12 177 11
12 4 766 8
12 12 766 4
16 19 367 13
16 16 367 6
14 18 750 12
14 14 750 4
13 15 1374 6
13 13 1374 2
0 19 30 1
0 0 30 3
2 2 458 6
2 2 891 8
15 6 215 11
15 15 215 5
3 5 1368 14
3 3 1368 4
7 19 1252 4
7 7 1252 3
10 0 773 3
10 10 773 2
19 15 596 12
19 19 596 9
12 6 256 1
12 12 256 1
12 16 845 9
12 12 845 2
12 12 1178 2
17 10 256 2
17 17 256 15
1 1 590 16
17 19 81 14
17 17 81 7
3 0 136 6
3 3 136 2
4 4 26 13
13 6 103 12
13 13 103 2
10 11 660 5
10 10 660 3
16 5 405 4
16 16 405 2
13 13 852 2
11 18 1165 12
11 11 1165 19
16 16 978 2
18 18 289 1
1 1 511 12
2 2 487 14
8 8 1421 6
5 18 37 8
5 5 37 4
5 5 752 1
5 8 843 14
5 5 843 4
7 6 603 12
7 7 603 4
7 9 1062 11
7 7 1062 1
10 10 1286 2
17 17 1345 6
15 15 124 16
0 13 939 2
0 0 939 2
6 6 1019 23
13 13 999 3
15 15 891 6
15 15 310 4
16 14 752 7
16 16 752 2
10 9 764 4
10 10 764 9
16 10 959 10
16 16 959 2
18 13 1369 7
18 18 1369 4
5 17 1254 12
5 5 1254 2
3 3 567 1
5 9 455 4
5 5 455 7
5 5 914 3
7 7 487 2
10 10 1144 10
14 14 1409 3
15 6 1085 8
15 15 1085 1
19 19 1078 5
0 0 132 1
0 6 713 4
0 0 713 1
18 18 1256 2
1 1 1184 27
5 5 963 10
6 6 1167 4
5 5 157 2
8 0 655 13
8 8 655 2
6 6 366 22
7 1 116 5
7 7 116 9
2 2 1223 12
19 19 785 12
13 13 845 5
2 2 1307 10
11 11 423 1
0 7 462 3
0 0 462 1
18 0 997 7
18 18 997 21
17 7 471 2
17 17 471 13
19 19 452 4
19 19 891 2
4 11 859 12
4 4 859 6
4 4 144 3
3 3 401 3
7 6 318 4
7 7 318 1
19 19 585 2
7 7 592 7
9 8 901 3
9 9 901 12
15 15 1380 1
17 16 1165 11
17 17 1165 5
17 17 720 5
14 7 898 2
14 14 898 8
18 18 171 1
10 1 29 6
10 10 29 2
0 7 1303 11
0 0 1303 1
16 7 588 11
16 16 588 8
5 5 447 3
7 15 335 10
7 7 335 1
7 19 737 4
7 7 737 3
9 7 1026 10
9 9 1026 10
13 10 612 11
13 13 612 10
16 7 36 6
16 16 36 2
10 1 42 14
10 10 42 5
18 18 351 3
4 4 556 6
3 11 572 12
3 3 572 6
5 16 923 3
5 5 923 9
8 11 772 2
8 8 772 4
15 15 1009 6
14 17 619 3
14 14 619 8
15 16 300 5
15 15 300 5
18 18 534 3
18 18 574 2
3 3 246 7
3 1 589 1
3 3 589 4
8 8 203 2
9 15 195 8
9 9 195 2
7 7 568 8
7 7 1415 11
12 2 120 9
12 12 120 2
12 12 978 3
18 5 662 13
18 18 662 6
0 10 1407 6
0 0 1407 6
3 3 796 5
19 19 896 5
19 7 236 5
19 19 236 1
5 3 23 7
5 5 23 6
5 8 738 11
5 5 738 7
10 6 988 7
10 10 988 3
9 2 44 11
9 9 44 3
19 16 659 1
19 19 659 5
9 9 1210 5
10 4 1288 3
10 10 1288 2
12 11 207 14
12 12 207 1
12 12 929 5
15 7 66 6
15 15 66 3
6 6 212 1
3 3 397 4
16 15 1191 9
16 16 1191 1
3 14 404 8
3 3 404 3
8 8 607 6
7 1 324 12
7 7 324 6
4 4 453 6
9 5 624 4
9 9 624 2
10 7 1179 1
10 10 1179 4
15 16 1426 12
16 0 94 3
16 16 94 2
15 4 260 4
15 15 260 1
18 19 53 2
18 18 53 4
4 5 832 4
4 4 832 1
2 2 836 10
5 5 1256 9
15 15 1329 11
5 6 900 11
5 5 900 6
9 3 379 7
9 9 379 5
7 2 1391 10
7 7 1391 1
8 8 974 5
17 12 1117 1
17 17 1117 5
16 1 483 1
16 16 483 12
18 9 468 2
18 18 468 2
18 1 68 13
18 18 68 1
1 8 4 13
1 1 4 22
6 8 470 6
6 6 470 5
4 3 698 3
4 4 698 20
7 7 1234 2
7 11 106 3
7 7 106 10
15 15 1200 2
11 1 1387 8
11 11 1387 4
0 0 769 3
19 19 31 4
16 17 632 11
16 16 632 1
3 3 268 5
0 0 1103 5
17 17 1141 5
7 4 456 6
7 7 456 2
10 10 173 2
14 19 1144 6
14 14 1144 15
14 14 230 1
14 18 347 4
14 14 347 5
12 2 972 5
12 12 972 3
0 10 944 9
0 0 944 11
19 19 579 5
19 3 1014 9
19 19 1014 2
4 10 50 12
4 4 50 3
6 6 1004 15
9 18 275 12
9 9 275 1
17 17 1049 1
4 11 399 1
4 4 399 1
9 9 1036 15
10 9 1154 6
10 10 1154 9
14 5 145 11
14 14 145 2
16 16 784 3
19 13 246 10
19 19 246 5
3 3 87 2
6 6 906 5
5 4 687 2
5 5 687 1
10 10 825 5
7 2 39 7
7 7 39 3
16 16 1088 7
13 13 434 17
18 17 881 4
18 18 881 7
14 14 629 5
0 0 734 1
18 12 1237 8
18 18 1237 2
6 6 709 1
9 16 1371 12
9 9 1371 5
12 10 443 1
12 12 443 7
12 8 960 14
12 12 960 5
15 15 628 20
19 17 986 6
19 19 986 3
9 9 559 7
4 16 816 5
4 4 816 4
10 10 974 6
9 6 172 1
9 9 172 2
10 9 1338 1
10 10 1338 2
16 16 307 5
14 14 290 3
14 14 919 19
19 7 1323 12
19 19 1323 4
16 19 1054 11
16 16 1054 1
19 7 584 8
19 19 584 1
12 3 1106 9
12 12 1106 1
3 3 386 4
3 14 857 5
3 3 857 19
9 9 276 12
10 10 627 1
5 5 242 3
10 10 1165 9
13 13 90 3
17 7 769 9
17 17 769 12
15 15 266 1
16 19 732 11
16 16 732 2
19 19 1128 5
19 15 258 3
19 19 258 5
8 8 842 2
3 18 531 3
3 3 531 2
4 15 419 6
4 4 419 5
6 6 886 18
8 4 17 9
8 8 17 1
7 13 918 12
7 7 918 4
10 10 690 3
16 14 1095 8
16 16 1095 1
17 17 1103 3
15 15 972 3
14 5 636 8
14 14 636 6
18 18 493 6
5 5 296 12
11 11 727 4
3 7 1143 8
3 3 1143 28
18 12 1105 2
18 18 1105 6
5 5 775 1
13 13 881 15
16 16 96 3
0 0 426 4
18 18 969 6
10 7 693 9
10 10 693 3
18 18 1119 3
3 2 817 3
3 3 817 3
7 2 290 9
7 7 290 4
9 8 71 14
9 9 71 2
6 7 192 4
6 6 192 16
9 9 26 9
8 1 519 4
8 8 519 16
14 6 293 6
14 14 293 7
18 8 640 3
18 18 640 3
0 3 89 13
0 0 89 1
18 18 856 6
8 14 154 9
8 8 154 6
3 3 52 1
3 11 395 3
3 3 395 2
5 10 622 6
5 5 622 6
10 13 405 3
10 10 405 1
12 4 331 1
12 12 331 3
12 11 656 4
12 12 656 1
14 2 99 3
14 14 99 2
19 7 1031 10
19 19 1031 5
16 0 723 7
16 16 723 6
0 19 200 14
0 0 200 4
18 4 747 3
18 18 747 2
13 13 506 3
4 6 512 7
4 4 512 11
8 14 1401 1
8 8 1401 6
17 1 130 1
17 17 130 17
8 8 707 1
8 8 24 2
7 14 911 7
7 7 911 2
2 2 364 4
6 6 1276 10
15 15 1054 1
14 11 18 2
14 14 18 15
1 1 1009 15
18 18 634 3
19 19 281 2
17 16 281 11
17 17 281 3
4 4 1142 7
5 5 768 4
9 9 255 13
9 14 1349 4
9 9 1349 1
10 18 1373 5
10 10 1373 2
8 8 996 21
12 18 1283 2
12 12 1283 1
0 15 417 5
0 0 417 8
8 8 313 2
0 14 1371 2
0 0 1371 3
6 6 1229 2
18 18 699 5
4 4 1029 3
10 10 1008 8
7 7 238 3
12 12 568 4
14 14 251 2
14 14 300 1
13 17 1308 11
13 13 1308 7
0 12 80 13
0 0 80 6
17 17 1365 6
9 9 1063 6
12 8 1236 3
12 12 1236 1
14 16 784 3
14 14 784 16
18 18 25 3
18 14 1199 10
18 18 1199 7
11 1 620 10
11 11 620 5
3 2 74 7
3 3 74 8
17 17 1319 22
8 19 1205 10
8 8 1205 14
8 8 31 2
10 7 367 13
10 10 367 2
7 7 1363 1
9 9 1164 9
12 12 465 1
16 15 463 5
16 16 463 3
14 14 590 7
19 19 1120 8
7 0 656 9
7 7 656 5
12 12 665 2
19 19 385 9
5 11 1117 11
5 5 1117 2
3 3 686 5
5 12 227 9
5 5 227 6
4 7 1149 5
4 4 1149 1
10 16 742 6
10 10 742 9
10 10 1348 3
12 3 1186 4
12 12 1186 5
12 15 1005 10
12 12 1005 19
12 15 1338 2
12 12 1338 8
15 15 62 4
0 0 440 3
18 18 827 2
2 2 468 5
19 19 494 5
7 6 784 9
7 7 784 15
18 18 470 6
7 16 272 2
7 7 272 6
9 5 113 5
9 9 113 2
16 12 237 2
16 16 237 4
15 6 718 3
15 15 718 10
5 5 21 2
1 1 351 14
14 0 1371 9
14 14 1371 2
3 3 34 1
4 4 192 2
10 10 391 2
7 10 1339 9
7 7 1339 2
11 11 930 19
19 19 829 1
15 12 220 8
15 15 220 1
0 0 1136 14
19 19 716 15
8 8 1383 2
3 14 989 4
3 3 989 3
18 12 307 7
18 18 307 10
10 11 733 9
10 10 733 2
7 17 1352 13
7 7 1352 2
12 2 456 8
12 12 456 4
4 14 605 13
4 4 605 17
16 16 907 6
6 6 234 10
0 2 698 11
0 0 698 3
0 11 1263 13
0 0 1263 15
5 3 1385 12
5 5 1385 17
3 2 663 7
3 3 663 3
4 17 1124 12
4 4 1124 3
5 5 882 12
17 18 1256 4
17 17 1256 3
12 0 1300 6
12 12 1300 6
15 15 584 8
14 14 960 7
18 15 897 13
18 18 897 16
1 7 1024 7
1 1 1024 4
17 17 1204 6
5 5 125 6
10 3 994 1
10 10 994 3
9 1 525 9
9 9 525 14
7 10 1134 10
7 7 1134 6
11 19 273 3
11 11 273 24
13 13 546 6
13 13 237 5
14 14 1001 2
14 11 883 8
14 14 883 5
0 0 46 5
1 1 336 6
18 0 1294 10
18 18 1294 1
4 4 622 6
5 5 861 2
7 7 869 10
10 10 981 7
19 19 1025 6
18 13 1185 12
18 18 1185 2
4 17 1366 12
4 4 1366 3
6 6 1220 3
3 3 705 6
8 8 13 4
10 16 708 13
10 10 708 1
11 18 1246 7
11 11 1246 17
7 14 1345 9
7 7 1345 1
10 6 1072 4
10 10 1072 2
9 6 1233 3
9 9 1233 4
17 11 638 8
17 17 638 5
16 18 1355 8
16 16 1355 1
1 10 964 4
1 1 964 2
8 3 266 1
8 8 266 17
18 16 615 13
18 18 615 3
0 0 1254 5
3 8 201 9
3 3 201 5
3 1 1107 14
3 3 1107 2
7 7 188 8
3 3 587 2
12 16 9 11
12 12 9 3
16 13 76 14
16 16 76 12
0 17 438 9
0 0 438 2
0 0 1312 5
0 19 1173 4
0 0 1173 1
15 2 1381 12
15 15 1381 1
18 0 1353 5
18 18 1353 4
9 9 424 15
9 14 99 4
9 9 99 14
10 10 115 7
12 12 152 2
12 11 1138 6
12 12 1138 15
15 15 710 8
8 0 1309 3
8 8 1309 5
7 7 265 7
10 3 393 4
10 10 393 3
18 19 378 3
18 18 378 1
12 10 1217 3
12 12 1217 10
16 10 874 7
16 16 874 8
18 19 441 11
18 18 441 1
18 9 2 9
18 18 2 15
2 2 200 2
3 14 161 3
3 3 161 2
8 8 1301 1
3 4 971 4
3 3 971 3
5 5 979 6
0 0 665 3
12 3 510 5
12 12 510 6
12 0 779 5
12 12 779 3
16 16 52 14
15 3 484 8
15 15 484 7
0 0 648 3
0 0 654 4
1 1 1249 1
3 2 206 13
3 3 206 34
6 6 1160 3
8 8 334 1
18 13 1067 2
18 18 1067 2
10 5 606 1
10 10 606 1
9 9 1377 10
14 4 1214 6
14 14 1214 1
10 3 176 10
10 10 176 2
17 8 1213 11
17 17 1213 29
14 11 409 14
14 14 409 3
0 8 397 9
0 0 397 5
18 18 804 2
0 9 1319 9
0 0 1319 8
2 2 1002 1
15 15 180 1
8 8 904 4
10 12 916 13
10 10 916 1
7 16 202 9
7 7 202 4
9 7 575 13
9 9 575 12
7 7 1116 1
10 16 1216 3
10 10 1216 4
3 3 1317 15
14 14 215 5
16 16 210 1
13 6 663 7
13 13 663 20
18 19 230 7
18 18 230 1
2 2 925 2
4 1 604 13
4 4 604 1
3 3 492 3
4 4 486 4
3 17 1398 10
3 3 1398 2
8 5 428 6
8 8 428 1
7 19 396 12
7 7 396 8
7 15 1261 7
7 7 1261 1
18 8 231 3
18 18 231 9
13 13 933 2
13 8 645 12
13 13 645 5
15 5 380 12
15 15 380 3
19 19 1039 1
1 1 211 1
18 9 1162 12
18 18 1162 1
8 5 742 9
8 8 742 4
5 12 988 10
5 5 988 2
7 7 29 1
13 8 822 14
13 13 822 17
12 12 770 1
15 15 566 3
19 17 1290 3
19 19 1290 3
18 3 451 9
18 18 451 2
18 1 601 5
18 18 601 9
19 2 848 10
19 19 848 1
3 5 650 1
3 3 650 5
5 5 199 1
5 15 877 8
5 5 877 2
2 2 868 2
14 9 147 1
14 14 147 1
13 13 764 3
10 4 398 2
10 10 398 4
14 14 352 8
18 0 338 1
18 18 338 1
6 6 110 1
7 1 372 13
7 7 372 1
4 4 477 7
6 6 1320 3
18 17 46 7
18 18 46 7
10 6 1227 4
10 10 1227 2
12 16 1120 5
12 12 1120 4
0 16 51 1
0 0 51 3
0 0 632 13
2 2 299 16
4 4 48 2
3 3 30 4
3 3 469 4
4 17 1399 7
4 4 1399 8
9 10 299 13
9 9 299 8
9 4 1022 10
9 9 1022 4
12 10 682 8
12 12 682 1
15 15 910 15
13 13 1279 12
1 1 958 2
1 1 609 8
0 0 535 7
0 3 1116 6
0 0 1116 4
15 15 1340 8
4 4 39 4
5 8 191 12
5 5 191 4
8 8 749 13
10 1 266 10
10 10 266 1
12 12 825 4
17 16 894 3
17 17 894 7
1 1 402 9
18 6 1053 5
18 18 1053 6
7 7 1058 3
5 5 667 1
5 6 854 8
5 5 854 2
19 19 1260 3
17 18 1380 1
17 17 1380 10
14 14 363 4
14 1 988 8
14 14 988 1
0 3 411 12
0 0 411 3
15 4 341 6
15 15 341 2
12 4 86 1
12 12 86 6
16 16 827 7
18 18 291 2
5 7 81 13
5 5 81 10
6 6 97 13
9 19 451 9
9 9 451 1
17 11 1186 13
17 17 1186 9
9 1 73 14
9 9 73 3
13 2 582 9
13 13 582 12
12 19 722 9
12 12 722 18
15 15 870 4
16 4 192 6
16 16 192 10
9 9 1062 1
7 7 377 2
1 1 1322 21
3 18 913 2
3 3 913 4
10 10 873 1
9 9 999 8
9 19 1101 11
9 9 1101 2
10 12 1093 9
10 10 1093 17
12 12 276 1
13 13 98 2
17 17 284 6
0 15 372 13
0 0 372 6
8 18 453 13
8 8 453 1
0 0 1300 3
5 6 974 4
5 5 974 5
9 9 880 7
18 1 629 8
18 18 629 5
12 0 491 9
12 12 491 6
13 13 499 2
15 15 516 1
15 15 499 16
1 7 800 3
1 1 800 5
18 6 587 3
18 18 587 4
18 14 1044 7
18 18 1044 3
9 6 18 7
9 9 18 2
8 8 210 12
18 9 1239 7
18 18 1239 2
5 5 644 6
5 3 863 13
5 5 863 6
7 7 623 4
16 4 1353 9
16 16 1353 2
3 3 1332 2
1 1 885 15
17 17 747 11
0 6 402 6
0 0 402 5
18 5 785 10
18 18 785 6
1 1 1125 11
4 4 332 3
6 3 535 6
6 6 535 18
7 14 362 1
7 7 362 4
7 7 764 4
7 12 1099 13
7 7 1099 1
12 12 188 3
13 13 10 3
15 5 879 3
15 15 879 4
14 14 854 8
0 13 1 9
0 0 1 4
10 8 15 13
10 10 15 6
19 19 649 3
4 9 585 5
4 4 585 15
5 3 1349 3
5 5 1349 9
3 3 918 5
18 18 1072 1
5 18 934 1
5 5 934 14
7 13 507 2
7 7 507 6
7 7 838 3
7 1 1293 3
7 7 1293 11
12 1 804 3
12 12 804 8
13 12 976 5
13 13 976 19
6 6 976 2
14 1 91 13
14 14 91 5
16 13 854 3
16 16 854 4
2 2 1078 36
5 5 1051 7
3 13 1063 14
3 3 1063 4
5 5 380 8
12 2 654 7
12 12 654 2
4 4 806 3
10 18 1410 7
10 10 1410 2
12 12 85 1
12 0 482 5
12 12 482 5
15 19 861 8
15 15 861 9
11 11 1208 9
0 0 506 4
1 1 87 17
2 2 95 7
2 2 554 1
3 5 1204 9
3 3 1204 3
5 0 653 9
5 5 653 4
5 10 856 8
5 5 856 4
9 5 55 1
9 9 55 2
10 10 143 21
7 1 1075 7
7 7 1075 8
13 15 178 9
13 13 178 8
13 5 381 7
13 13 381 27
15 15 690 10
17 17 55 1
1 1 682 6
0 6 990 5
0 0 990 4
19 10 106 9
19 19 106 14
5 2 1341 4
5 5 1341 8
3 1 782 6
3 3 782 1
6 0 526 8
6 6 526 1
4 18 1245 13
4 4 1245 8
9 2 461 7
9 9 461 5
7 7 814 6
7 0 757 10
7 7 757 1
7 7 1088 4
13 13 632 3
12 1 1037 4
12 12 1037 1
14 14 740 10
18 8 1380 5
18 18 1380 1
5 5 1267 8
5 12 1358 4
5 5 1358 8
4 4 474 3
7 18 496 12
7 7 496 1
7 7 959 3
10 7 1143 10
10 10 1143 1
17 17 1136 1
12 7 1180 7
12 12 1180 4
15 15 360 3
0 9 322 14
0 0 322 1
0 0 1057 2
3 18 130 10
3 3 130 4
5 1 816 12
5 5 816 3
9 13 175 13
9 9 175 6
7 12 972 12
7 7 972 8
16 16 1320 14
12 5 409 5
12 12 409 3
15 14 1119 12
15 15 1119 6
14 12 461 9
14 14 461 1
14 14 518 7
16 16 375 1
1 1 1222 13
8 8 1407 3
19 19 508 17
10 4 182 10
10 10 182 4
17 17 1050 2
10 13 1308 7
10 10 1308 3
13 13 736 3
10 10 1124 3
17 0 1170 9
17 17 1170 1
15 3 700 11
15 15 700 4
0 16 96 11
0 0 96 1
0 0 1306 6
2 2 969 3
19 16 989 1
19 19 989 1
3 8 887 9
3 3 887 5
5 5 76 5
4 4 1220 6
10 10 725 6
9 9 604 4
7 7 1209 3
1 1 288 26
16 16 821 6
14 4 800 9
14 14 800 18
19 19 1398 11
0 0 580 18
14 14 515 1
3 16 561 2
3 3 561 4
4 17 1387 9
4 4 1387 4
7 13 489 10
7 7 489 6
17 17 882 3
11 11 1002 14
11 11 433 1
12 14 257 6
12 12 257 3
15 15 345 13
0 18 142 13
0 0 142 10
19 8 337 13
19 19 337 1
4 4 718 4
8 8 222 1
0 0 64 7
14 14 1326 3
15 6 1188 12
15 15 1188 6
18 18 286 1
8 8 507 12
2 2 81 14
19 16 885 8
19 19 885 6
10 3 735 14
10 10 735 1
6 6 178 10
16 5 1188 1
16 16 1188 1
13 13 424 4
6 6 831 17
12 0 615 4
12 12 615 3
17 3 1344 12
17 17 1344 1
14 4 327 8
14 14 327 4
16 16 610 5
19 5 120 5
19 19 120 12
3 12 892 9
3 3 892 5
4 5 1219 6
4 4 1219 1
17 17 1053 10
9 5 946 2
9 9 946 9
7 15 747 7
7 7 747 10
10 5 830 5
10 10 830 2
10 10 1174 1
1 1 131 7
14 4 189 8
14 14 189 4
15 12 305 14
15 15 305 2
2 2 1168 12
0 0 603 2
0 0 1068 2
6 6 1350 1
5 14 913 6
5 5 913 1
9 3 328 13
9 9 328 3
17 19 1122 6
17 17 1122 6
15 19 1003 11
15 15 1003 2
15 6 422 8
15 15 422 3
0 1 133 5
0 0 133 9
0 8 714 12
0 0 714 5
0 16 1087 1
0 0 1087 3
5 5 1377 3
3 4 240 6
3 3 240 6
14 0 844 6
14 14 844 5
5 5 156 1
12 15 626 2
12 12 626 5
7 1 962 4
7 7 962 4
14 7 1329 12
14 14 1329 11
15 15 613 8
14 14 479 1
0 9 463 5
0 0 463 1
18 5 776 3
18 18 776 1
10 2 955 6
10 10 955 4
2 2 661 9
6 6 1055 3
3 3 1195 2
8 16 287 3
8 8 287 26
7 17 313 9
7 7 313 3
17 17 1307 1
7 7 900 2
8 4 808 12
8 8 808 8
12 12 209 5
5 9 1265 6
5 5 1265 2
17 18 26 2
17 17 26 11
18 3 168 13
18 18 168 3
19 19 21 10
19 9 564 2
19 19 564 2
19 19 1003 11
5 14 446 2
5 5 446 1
4 13 1226 13
4 4 1226 11
9 9 955 3
9 9 590 2
12 16 749 6
12 12 749 1
12 1 1082 9
12 12 1082 5
14 14 818 23
18 15 59 10
18 18 59 1
1 1 523 2
8 7 1374 13
8 8 1374 3
8 8 552 1
4 3 1369 7
4 4 1369 4
9 9 566 2
11 11 24 2
6 6 615 12
6 6 518 1
13 0 1045 14
13 13 1045 1
18 18 74 1
2 7 176 1
2 2 176 11
8 8 1392 5
3 16 1027 14
3 3 1027 2
5 19 336 9
5 5 336 2
9 0 661 9
9 9 661 9
7 6 1414 2
7 7 1414 1
10 1 618 7
10 10 618 4
0 6 464 11
0 0 464 1
14 14 422 16
14 18 874 7
14 14 874 7
0 19 454 2
0 0 454 5
2 2 502 4
0 10 1189 12
0 0 1189 2
4 18 835 12
4 4 835 2
18 12 1176 10
18 18 1176 1
5 4 737 8
5 5 737 1
2 2 972 5
7 11 253 11
7 7 253 3
1 1 1091 16
12 10 533 4
12 12 533 2
16 16 139 16
14 18 906 7
14 14 906 7
16 3 847 9
16 16 847 7
5 1 1297 1
5 5 1297 3
4 14 1201 5
4 4 1201 1
10 11 940 9
10 10 940 8
7 7 729 8
12 0 740 10
12 12 740 3
11 11 713 14
17 17 345 5
0 14 228 13
0 0 228 3
18 18 1352 1
6 6 414 10
8 13 1349 13
8 8 1349 14
3 5 1019 1
3 3 1019 4
8 8 559 9
15 5 962 1
15 15 962 1
15 19 1026 13
15 15 1026 9
15 15 1017 2
14 8 627 7
14 14 627 2
18 18 952 6
18 14 69 3
18 18 69 1
8 8 460 15
9 9 670 24
11 5 731 4
11 11 731 11
0 18 317 14
0 0 317 5
12 12 112 6
17 17 1261 4
15 15 37 13
19 11 1204 13
19 19 1204 2
16 19 1178 9
16 16 1178 6
18 10 91 11
18 18 91 11
9 15 1251 10
9 9 1251 7
9 5 385 11
9 9 385 6
9 3 84 3
9 9 84 3
7 7 1036 3
15 15 553 1
14 17 231 12
14 14 231 5
15 15 671 3
18 13 734 2
18 18 734 13
1 15 370 7
1 1 370 15
19 18 143 6
19 19 143 7
19 19 578 1
1 1 1107 12
8 8 1074 4
5 12 416 2
5 5 416 2
4 4 1208 3
7 7 444 12
11 11 1071 8
10 2 61 4
10 10 61 1
17 8 831 13
17 17 831 20
12 3 342 8
12 12 342 7
15 7 876 5
15 15 876 3
18 18 45 1
18 16 758 5
18 18 758 4
0 0 1429 4
2 2 860 8
19 19 1248 8
3 15 557 9
3 3 557 4
3 9 992 7
3 3 992 2
8 10 726 12
8 8 726 3
15 1 1113 6
15 15 1113 2
7 9 1383 11
7 7 1383 1
17 17 445 2
12 9 293 5
12 12 293 1
17 18 1109 10
17 17 1109 8
15 12 445 5
15 15 445 1
0 3 293 6
0 0 293 5
12 13 1374 6
12 12 1374 14
0 0 735 2
15 0 451 11
15 15 451 17
2 2 719 69
5 5 1121 3
3 4 1137 3
3 3 1137 1
2 2 1397 4
7 7 98 2
11 11 103 6
12 16 111 9
12 12 111 1
15 14 1208 12
15 15 1208 10
16 16 106 1
0 2 468 12
0 0 468 4
0 16 793 8
0 0 793 3
0 0 1358 13
3 12 372 12
3 3 372 2
3 12 1182 9
3 3 1182 5
17 17 1242 5
10 10 85 3
11 11 244 4
14 14 375 14
17 2 887 12
17 17 887 7
16 16 249 20
9 9 775 3
1 1 640 5
18 5 862 7
18 18 862 3
19 19 587 9
3 3 856 1
4 13 1191 5
4 4 1191 10
18 11 382 13
18 18 382 9
15 18 963 6
15 15 963 2
15 1 939 12
15 15 939 10
18 12 1412 14
18 18 1412 3
14 14 722 5
13 13 1244 3
1 1 1298 6
4 15 87 11
4 4 87 7
5 19 1013 12
5 5 1013 2
7 9 458 8
7 7 458 7
7 16 913 10
7 7 913 5
11 11 632 3
12 11 476 7
12 12 476 6
12 11 873 9
12 12 873 3
15 14 606 9
15 15 606 2
17 17 484 9
0 0 865 18
18 12 512 4
18 18 512 2
19 3 370 12
19 19 370 10
19 19 809 20
5 5 1130 4
4 4 230 1
3 0 1142 8
3 3 1142 1
5 10 331 6
5 5 331 4
9 9 245 2
9 1 1347 10
9 9 1347 2
12 8 208 14
12 12 208 1
17 17 1247 2
17 8 546 3
17 17 546 9
17 17 117 9
0 0 784 2
18 14 1427 1
18 18 1427 3
11 11 598 4
3 10 816 9
3 3 816 1
6 6 226 8
8 13 315 4
8 8 315 1
10 10 1324 2
7 15 695 12
7 7 695 7
12 17 245 2
12 12 245 4
17 18 1317 12
17 17 1317 2
14 14 241 10
17 17 691 1
0 13 90 8
0 0 90 3
5 5 1201 8
4 4 975 4
18 13 1154 5
18 18 1154 5
10 17 402 8
10 10 402 3
10 17 47 2
10 10 47 3
13 13 903 3
12 7 657 13
12 12 657 2
14 14 96 1
17 0 1421 6
17 17 1421 4
1 1 253 9
0 19 1123 13
0 0 1123 7
6 6 1344 6
4 19 94 9
4 4 94 4
18 18 508 1
10 13 808 11
10 10 808 5
11 11 625 7
16 18 1215 6
16 16 1215 4
16 16 926 3
18 6 1018 1
18 18 1018 13
10 6 122 14
10 10 122 1
5 0 1316 11
5 5 1316 10
8 9 42 8
8 8 42 6
6 2 1123 10
6 6 1123 11
5 5 249 6
5 0 783 13
5 5 783 10
19 14 1410 5
19 19 1410 4
10 2 244 9
10 10 244 4
16 8 1401 9
16 16 1401 3
12 13 426 8
12 12 426 7
16 18 88 14
16 16 88 2
0 8 791 2
0 0 791 2
19 19 53 2
18 2 1111 14
18 18 1111 8
19 19 927 14
3 3 354 13
14 14 369 4
6 6 136 15
7 18 282 9
7 7 282 8
9 9 1237 6
12 12 236 3
16 16 290 2
14 14 301 5
14 14 870 4
18 12 135 12
18 18 135 5
18 2 293 2
18 18 293 14
14 14 1378 11
3 3 499 12
19 16 955 4
19 19 955 8
5 6 411 13
5 5 411 3
11 11 1357 3
7 5 427 8
7 7 427 3
10 12 413 2
10 10 413 2
7 7 1341 1
7 0 1160 14
7 7 1160 3
11 11 1312 1
13 13 896 2
6 6 980 5
17 17 1010 14
15 15 214 1
0 2 192 8
0 0 192 2
18 18 1196 2
8 8 1377 6
8 8 715 6
4 13 1316 13
4 4 1316 2
7 18 903 12
7 7 903 8
12 14 466 11
12 12 466 2
3 9 25 12
3 3 25 5
15 15 392 3
7 2 714 5
7 7 714 3
16 18 942 10
16 16 942 3
4 18 1150 13
4 4 1150 6
8 6 239 5
8 8 239 6
12 18 20 2
12 12 20 3
8 8 535 14
14 18 389 5
14 14 389 3
13 13 1411 1
2 10 1343 8
2 2 1343 2
18 18 824 1
17 14 101 3
17 17 101 14
18 7 317 13
18 18 317 2
10 4 1016 13
10 10 1016 3
9 9 1246 2
13 13 552 17
13 16 243 3
13 13 243 8
16 2 281 10
16 16 281 9
14 14 308 19
15 15 174 6
19 19 1269 6
5 5 1187 2
15 12 204 2
15 15 204 8
5 5 388 2
5 5 607 1
10 10 843 4
7 19 879 12
7 7 879 2
7 7 1153 1
12 14 378 14
12 12 378 3
12 12 647 7
15 15 949 11
19 7 218 10
19 19 218 17
18 8 17 7
18 18 17 1
16 1 1026 2
16 16 1026 4
5 5 1076 2
18 18 1206 10
4 4 652 1
9 18 850 6
9 9 850 21
6 6 606 1
18 18 821 3
16 16 945 2
2 19 1415 2
2 2 1415 7
17 5 290 6
17 17 290 3
18 9 576 11
18 18 576 4
2 2 102 7
5 5 439 6
8 8 780 1
9 9 232 11
10 13 230 7
10 10 230 3
12 8 600 7
12 12 600 1
17 0 88 5
17 17 88 7
1 1 883 2
5 14 1009 4
5 5 1009 4
17 14 95 2
17 17 95 3
4 10 1268 1
4 4 1268 9
11 11 1414 2
9 9 1223 3
17 17 851 1
15 8 760 10
15 15 760 8
16 5 682 6
16 16 682 2
1 1 343 8
10 13 841 9
10 10 841 2
3 12 42 6
3 3 42 3
2 2 591 56
3 16 1291 4
3 3 1291 4
13 13 93 1
9 6 970 2
9 9 970 3
7 7 1331 4
12 13 1227 14
12 12 1227 5
0 1 361 4
0 0 361 1
0 8 1096 6
0 0 1096 2
3 3 187 14
8 12 1188 11
8 8 1188 4
5 2 1001 2
5 5 1001 5
10 1 709 14
10 10 709 1
0 10 72 13
0 0 72 7
13 13 771 8
13 13 462 1
15 5 414 4
15 15 414 2
14 16 98 1
14 14 98 1
1 1 113 8
18 18 1073 3
5 5 1102 1
9 9 343 2
3 3 1106 1
4 17 1132 5
4 4 1132 8
10 10 596 4
9 9 1407 14
16 18 1390 1
16 16 1390 11
1 1 1119 2
15 0 592 11
15 15 592 4
15 18 15 8
15 15 15 2
15 15 515 1
0 0 1174 3
1 1 1048 34
19 19 55 11
5 5 101 5
10 9 551 8
10 10 551 3
18 1 251 11
18 18 251 14
10 9 1222 10
10 10 1222 5
13 17 602 2
13 13 602 4
14 14 497 1
17 17 852 2
15 15 705 2
18 9 240 5
18 18 240 4
0 4 619 3
0 0 619 8
8 8 408 2
2 2 899 16
16 0 220 11
16 16 220 11
5 4 502 1
5 5 502 13
5 6 577 3
5 5 577 4
9 7 312 7
9 9 312 2
11 11 1067 4
17 15 296 14
17 17 296 9
6 6 250 2
1 1 534 56
18 18 1177 3
12 7 402 14
12 12 402 2
8 8 1302 7
3 9 970 3
3 3 970 1
4 4 1297 6
4 4 503 9
19 17 42 11
19 19 42 3
10 10 1080 2
14 2 544 6
14 14 544 1
0 4 1278 9
0 0 1278 21
1 1 1248 1
3 3 1115 5
8 8 335 3
1 1 777 11
10 19 607 10
10 10 607 4
9 9 1376 1
14 2 1215 8
14 14 1215 5
17 17 74 5
14 2 1340 3
14 14 1340 8
19 16 13 9
19 19 13 2
2 2 1003 1
1 1 1041 7
3 3 350 4
8 11 138 2
8 8 138 8
8 8 1239 16
8 8 478 7
10 5 917 5
10 10 917 1
10 10 123 5
7 5 1119 11
7 7 1119 4
11 11 270 3
8 8 1068 6
16 16 211 7
0 19 61 5
0 0 61 1
18 8 692 8
18 18 692 4
9 9 443 8
3 8 24 9
3 3 24 1
3 14 495 2
3 3 495 4
8 10 1219 13
8 8 1219 1
12 3 700 5
12 12 700 5
8 8 429 9
9 9 1423 1
7 5 1260 5
7 7 1260 1
15 15 383 2
17 17 305 17
0 0 529 4
18 5 1423 9
18 18 1423 4
18 18 556 4
4 17 57 13
4 4 57 1
8 8 850 7
16 11 1115 8
16 16 1115 5
8 16 1181 3
8 8 1181 3
9 16 1304 11
9 9 1304 5
2 10 1114 14
2 2 1114 7
17 6 527 3
17 17 527 1
12 9 771 4
12 12 771 8
16 3 1120 1
16 16 1120 2
13 10 1110 14
13 13 1110 33
16 16 962 4
1 13 1273 6
1 1 1273 3
8 18 801 5
8 8 801 7
5 3 657 13
5 5 657 5
10 10 1401 4
17 17 1378 2
10 19 375 5
10 10 375 2
3 3 185 1
0 3 389 1
0 0 389 2
18 19 796 6
18 18 796 6
2 2 994 8
4 7 770 12
4 4 770 4
3 3 794 2
6 10 111 12
6 6 111 2
9 9 473 14
13 13 1219 20
7 7 649 2
5 5 265 2
16 19 202 1
16 16 202 1
3 3 768 1
10 7 88 10
10 10 88 3
18 5 1400 4
18 18 1400 2
4 5 913 1
4 4 913 16
3 3 939 17
9 9 298 1
17 13 692 5
17 17 692 2
7 17 1310 5
7 7 1310 4
10 3 1326 6
10 10 1326 12
17 7 932 3
17 17 932 35
12 12 683 5
18 19 888 3
18 18 888 9
4 0 729 6
4 4 729 3
1 1 608 1
1 1 43 13
2 2 219 34
11 11 610 10
8 8 857 9
10 14 927 11
10 10 927 4
4 4 1287 4
10 10 267 2
8 8 839 1
16 5 1161 5
16 16 1161 2
10 4 1075 13
10 10 1075 1
14 14 562 14
0 0 850 5
18 17 593 13
18 18 593 2
17 16 729 5
17 17 729 2
4 19 183 10
4 4 183 1
5 12 207 7
5 5 207 7
12 8 787 2
12 12 787 1
10 18 736 13
10 10 736 1
12 9 55 2
12 12 55 8
8 19 596 9
8 8 596 11
13 13 330 2
14 14 360 3
14 14 989 1
18 18 330 1
18 18 791 5
19 19 95 7
2 2 550 4
10 11 992 10
10 10 992 2
4 4 326 1
4 17 1256 3
4 4 1256 2
7 8 827 12
7 7 827 7
9 9 552 7
6 6 710 7
10 17 1267 2
10 10 1267 2
12 12 1048 5
13 13 1329 19
7 0 741 7
7 7 741 5
2 2 291 2
3 2 6 4
3 3 6 4
18 1 766 4
18 18 766 6
3 15 1383 7
3 3 1383 4
4 5 1407 12
4 4 1407 5
12 3 277 5
12 12 277 2
17 17 968 7
15 8 333 1
15 15 333 7
0 10 186 13
0 0 186 4
0 16 1108 2
0 0 1108 4
4 4 722 3
3 16 618 3
3 3 618 5
8 8 661 1
5 5 973 1
9 9 887 5
13 13 807 12
14 14 448 4
16 10 1007 12
16 16 1007 12
1 1 807 1
0 0 670 2
14 19 1286 12
14 14 1286 2
4 16 865 3
4 4 865 7
15 15 238 2
5 13 200 6
5 5 200 7
4 4 1088 1
15 6 1282 10
15 15 1282 5
16 18 169 3
16 16 169 2
16 16 638 2
5 5 948 5
4 11 1008 8
4 4 1008 2
8 12 1129 7
8 8 1129 20
3 8 1247 8
3 3 1247 3
9 9 459 1
10 14 443 13
10 10 443 1
12 12 1047 1
13 2 1322 4
13 13 1322 2
14 14 729 8
15 6 78 3
15 15 78 9
19 19 213 1
8 8 362 13
3 3 15 9
3 14 450 12
3 3 450 10
8 8 160 5
8 8 66 14
7 6 506 2
7 7 506 1
9 9 1007 2
19 5 683 7
19 19 683 10
11 11 1023 30
11 11 386 9
18 3 1180 14
18 18 1180 5
12 12 857 2
2 2 1146 14
19 8 1061 7
19 19 1061 2
18 18 560 14
0 15 1067 6
0 0 1067 1
2 18 790 14
2 2 790 2
5 15 1050 2
5 5 1050 1
3 5 1062 14
3 3 1062 1
13 13 105 16
18 18 355 3
11 19 1266 3
11 11 1266 10
11 11 221 11
14 14 1256 6
14 14 1373 1
12 1 1397 4
12 12 1397 14
13 13 1089 5
5 16 727 3
5 5 727 3
19 13 870 11
19 19 870 4
4 12 872 5
4 4 872 13
4 6 165 3
4 4 165 1
3 2 1207 1
3 3 1207 9
5 5 652 1
4 12 1412 9
4 4 1412 1
9 9 54 1
10 10 406 5
9 9 1180 30
10 13 1298 5
10 10 1298 1
13 13 177 1
17 17 54 1
1 1 212 32
18 8 777 4
18 18 777 4
14 4 1412 11
14 14 1412 3
9 8 1215 5
9 9 1215 2
5 7 1340 2
5 5 1340 1
2 2 218 1
6 1 527 4
6 6 527 3
9 9 460 1
9 6 602 4
9 9 602 2
11 11 871 11
10 8 1253 8
10 10 1253 13
12 8 705 2
12 12 705 3
12 5 1038 6
12 12 1038 6
14 14 862 8
19 6 1392 8
19 19 1392 6
14 14 615 3
18 18 1381 1
8 4 1283 14
8 8 1283 8
3 13 926 7
3 3 926 9
3 4 1365 14
3 3 1365 3
10 14 341 1
10 10 341 1
9 6 1150 13
9 9 1150 5
15 17 1065 2
15 15 1065 1
16 11 505 6
16 16 505 3
0 0 323 1
18 13 247 4
18 18 247 4
2 2 164 12
19 0 766 3
19 19 766 14
6 9 1171 9
6 6 1171 7
5 8 169 10
5 5 169 2
6 6 278 13
15 3 1125 13
15 15 1125 12
9 9 174 1
10 2 292 2
10 10 292 20
13 16 857 4
13 13 857 22
17 17 1024 3
12 10 1388 13
12 12 1388 1
15 8 448 3
15 15 448 3
0 0 807 5
14 14 584 6
18 15 1031 4
18 18 1031 7
3 6 274 3
3 3 274 8
8 8 1416 2
18 10 481 13
18 18 481 12
6 6 269 8
9 9 1157 3
13 13 543 3
17 17 1358 7
13 19 373 12
13 13 373 4
16 10 620 3
16 16 620 1
0 0 97 2
10 5 31 10
10 10 31 2
19 0 553 2
19 19 553 11
18 18 172 13
3 3 419 1
4 11 307 5
4 4 307 7
3 19 1229 1
3 3 1229 8
7 7 416 2
7 12 347 2
7 7 347 15
0 0 36 10
7 7 1208 1
2 2 1281 14
9 0 958 5
9 9 958 6
5 16 1119 3
5 5 1119 2
5 5 1275 9
3 19 903 5
3 3 903 10
8 8 571 13
5 19 919 8
5 5 919 3
9 3 793 1
9 9 793 20
17 10 809 13
17 17 809 11
17 17 1128 8
15 3 1005 10
15 15 1005 4
0 12 756 14
0 0 756 6
2 2 191 9
3 16 138 1
3 3 138 23
13 13 1315 5
3 3 1044 10
6 6 800 6
8 4 223 2
8 8 223 9
17 17 1265 1
9 7 1341 13
9 9 1341 4
13 13 850 2
16 13 7 14
16 16 7 5
16 5 15 6
16 16 15 5
16 14 980 9
16 16 980 10
18 18 287 2
12 13 337 2
12 12 337 5
0 0 1379 1
0 5 1192 9
0 0 1192 2
19 8 884 7
19 19 884 1
3 9 283 11
3 3 283 8
6 6 1080 6
4 4 1085 3
9 2 314 1
9 9 314 2
10 8 613 6
10 10 613 3
10 10 190 3
18 8 1091 7
18 18 1091 3
14 14 1405 3
2 2 1401 14
17 10 1351 10
17 17 1351 7
15 17 1236 6
15 15 1236 11
14 14 953 5
0 16 941 4
0 0 941 3
19 16 18 4
19 19 18 3
2 2 961 8
19 19 997 6
5 5 1326 3
4 7 314 2
4 4 314 6
6 6 66 15
9 9 510 3
7 3 799 2
7 7 799 4
7 11 746 14
7 7 746 1
9 9 5 2
10 12 1175 3
10 10 1175 2
17 11 1179 5
17 17 1179 2
16 2 92 3
16 16 92 2
14 14 759 6
16 5 754 14
16 16 754 1
1 15 724 11
1 1 724 10
1 1 159 25
12 12 916 5
17 6 98 12
17 17 98 3
17 17 1198 5
8 8 1261 12
3 18 1347 10
3 3 1347 5
6 6 477 31
7 7 481 6
17 14 999 6
17 17 999 7
12 2 313 9
12 12 313 1
12 17 838 14
12 12 838 7
18 18 394 1
16 9 956 8
16 16 956 3
18 16 391 7
18 18 391 1
19 19 345 5
19 10 780 4
19 19 780 3
4 4 694 2
5 5 155 1
5 17 342 3
5 5 342 5
18 4 467 7
18 18 467 1
12 10 392 1
12 12 392 10
17 17 1266 3
16 16 177 15
18 1 278 3
18 18 278 8
15 13 897 9
15 15 897 4
4 4 1354 8
4 2 837 9
4 4 837 8
6 6 609 6
6 6 476 1
19 19 731 6
15 12 1382 11
15 15 1382 8
0 0 960 3
15 15 648 10
0 16 127 5
0 0 127 5
3 12 1261 4
3 3 1261 12
19 13 92 1
19 19 92 3
4 10 980 8
4 4 980 4
5 2 445 9
5 5 445 1
8 19 495 13
8 8 495 5
9 19 487 7
9 9 487 1
11 11 906 13
18 1 392 5
18 18 392 2
12 17 750 8
12 12 750 4
16 8 351 11
16 16 351 3
17 6 359 7
17 17 359 3
13 13 1358 4
19 8 1415 12
19 19 1415 2
13 13 995 4
17 17 24 2
18 2 1268 13
18 18 1268 16
5 12 462 3
5 5 462 18
13 13 430 4
9 9 368 11
7 0 1392 6
7 7 1392 2
14 15 480 11
14 14 480 5
3 1 1239 9
3 3 1239 8
12 15 893 8
12 12 893 8
10 11 283 14
10 10 283 8
15 15 430 6
2 0 1051 6
2 2 1051 6
8 0 459 6
8 8 459 1
19 19 350 3
1 4 1215 11
1 1 1215 7
16 14 1254 14
16 16 1254 1
8 8 696 3
8 1 205 4
8 8 205 2
10 0 644 10
10 10 644 11
16 3 294 9
16 16 294 11
12 9 122 4
12 12 122 6
16 16 1251 3
17 17 1259 1
15 15 608 5
16 16 235 2
19 19 1198 6
0 3 780 13
0 0 780 4
17 17 243 1
3 14 732 8
3 3 732 9
3 3 1171 1
6 6 173 5
11 11 1391 23
10 10 1266 1
15 7 1391 8
15 15 1391 1
14 14 342 2
0 2 955 14
0 0 955 2
2 2 540 1
4 4 979 1
4 13 296 14
4 4 296 1
5 5 422 12
4 1 1202 9
4 4 1202 6
9 17 488 12
9 9 488 2
7 10 781 10
7 7 781 1
10 10 51 1
10 17 1177 9
10 10 1177 2
16 7 795 4
16 16 795 5
17 17 643 11
14 14 72 15
14 14 1103 10
5 14 1238 9
5 5 1238 16
4 16 98 8
4 4 98 1
4 0 447 12
4 4 447 6
3 6 842 6
3 3 842 14
7 9 1385 7
7 7 1385 2
16 13 770 1
16 16 770 1
10 10 1128 6
13 9 1004 11
13 13 1004 36
17 17 587 11
12 12 1153 10
0 0 303 3
19 9 1135 12
19 19 1135 1
1 1 26 9
2 2 136 11
6 6 1151 9
6 12 789 13
6 6 789 4
7 10 100 5
7 7 100 5
10 10 216 5
9 9 1365 4
14 14 1280 1
15 15 1202 5
16 12 116 2
16 16 116 3
16 16 569 4
0 0 478 4
10 4 680 14
10 10 680 10
19 15 1100 6
19 19 1100 8
8 8 1017 3
5 5 745 6
9 12 384 4
9 9 384 1
7 8 576 11
7 7 576 4
7 5 1039 4
7 7 1039 2
12 2 192 10
12 12 192 4
13 13 206 4
14 14 439 3
14 12 914 2
14 14 914 1
18 9 155 6
18 18 155 1
1 1 369 1
18 18 1329 9
19 19 1016 9
18 11 1359 7
18 18 1359 4
19 14 963 9
19 19 963 6
8 9 584 3
8 8 584 3
5 1 634 11
5 5 634 10
5 5 1329 11
7 7 778 3
10 7 58 9
10 10 58 1
7 0 1180 12
7 7 1180 5
7 18 841 5
7 7 841 2
14 14 151 12
17 8 337 1
17 17 337 6
1 1 1304 9
3 3 89 12
3 3 995 7
18 9 18 7
18 18 18 1
18 15 502 13
18 18 502 6
12 12 294 4
12 4 883 2
12 12 883 10
12 10 1318 6
12 12 1318 7
16 16 929 2
16 4 1136 6
16 16 1136 8
0 1 1029 5
0 0 1029 4
19 19 803 1
4 3 675 11
4 4 675 12
3 3 701 1
3 3 1136 1
8 8 251 15
9 6 243 7
9 9 243 2
7 7 552 5
9 5 1369 8
9 9 1369 2
14 14 1238 7
13 10 257 12
13 13 257 10
16 16 107 2
17 18 115 14
17 17 115 2
2 2 50 5
1 1 1082 7
15 16 1296 1
15 15 1296 4
1 1 951 7
6 6 159 1
7 9 295 14
7 7 295 14
10 10 537 11
6 6 1296 4
12 14 516 2
12 12 516 2
17 9 886 1
17 17 886 1
15 12 743 11
15 15 743 1
0 0 750 6
18 5 1320 9
18 18 1320 9
4 4 628 6
4 4 286 1
8 14 591 14
8 8 591 1
8 8 388 5
7 2 436 9
7 7 436 2
7 5 771 1
7 7 771 4
9 17 608 9
9 9 608 4
9 16 1083 13
9 9 1083 1
10 13 1163 11
10 10 1163 1
12 12 334 2
12 1 667 2
12 12 667 2
10 3 360 14
10 10 360 3
15 15 901 9
13 12 1401 10
13 13 1401 10
0 17 1133 13
0 0 1133 2
6 6 1246 14
6 6 1315 5
9 18 466 10
9 9 466 2
9 15 363 4
9 9 363 5
19 1 458 2
19 19 458 2
11 12 635 5
11 11 635 11
16 2 1209 2
16 16 1209 6
19 19 1108 4
0 0 727 3
4 10 1293 13
4 4 1293 4
4 0 231 2
4 4 231 3
5 15 255 11
5 5 255 4
5 0 330 5
5 5 330 1
8 17 1047 5
8 8 1047 19
7 7 90 2
19 19 1327 21
11 11 712 1
19 0 625 7
19 19 625 3
12 1 103 10
12 12 103 2
14 14 1298 3
15 15 1152 19
10 11 878 13
10 10 878 3
16 2 800 13
16 16 800 1
0 2 1163 5
0 0 1163 2
17 15 174 6
17 17 174 15
5 5 100 1
5 8 0 10
5 5 0 3
8 18 316 14
8 8 316 2
3 9 1029 7
3 3 1029 2
10 1 1315 7
10 10 1315 9
18 13 933 12
18 18 933 2
15 10 817 13
15 15 817 29
16 5 241 1
16 16 241 5
16 3 582 5
16 16 582 6
2 15 371 12
2 2 371 16
4 4 968 1
19 2 552 2
19 19 552 1
5 4 401 2
5 5 401 8
5 17 620 1
5 5 620 2
10 11 838 10
10 10 838 1
7 3 1170 11
7 7 1170 10
11 8 381 7
11 11 381 3
12 5 325 5
12 12 325 6
14 14 97 1
13 17 1191 7
13 13 1191 5
18 18 28 6
10 10 855 3
3 3 538 3
17 5 694 5
17 17 694 1
8 8 26 2
7 9 1364 12
7 7 1364 3
18 6 672 3
18 18 672 1
12 0 468 10
12 12 468 2
15 15 983 3
8 8 350 8
18 18 1221 3
13 4 1372 12
13 13 1372 2
6 6 693 16
10 15 696 9
10 10 696 12
1 1 723 1
14 1 1301 14
14 14 1301 6
15 14 51 10
15 15 51 11
2 9 1317 5
2 2 1317 9
18 18 830 11
18 18 149 2
6 6 580 10
2 2 1374 19
9 1 513 10
9 9 513 9
3 3 723 9
14 14 306 1
16 9 701 6
16 16 701 8
17 12 328 8
17 17 328 9
5 1 1209 3
5 5 1209 4
9 9 442 1
3 3 1308 9
0 0 1191 1
7 8 426 3
7 7 426 1
9 19 991 6
9 9 991 3
9 10 1426 5
7 7 1163 7
10 6 1213 7
10 10 1213 3
9 9 716 15
12 13 1238 6
12 12 1238 4
13 13 1184 7
18 18 23 2
2 2 253 29
10 10 576 2
3 3 515 8
4 4 403 7
7 0 902 4
7 7 902 1
14 14 1389 11
18 16 820 7
18 18 820 1
16 12 449 12
16 16 449 4
15 1 395 5
15 15 395 11
17 8 559 12
17 17 559 18
10 18 504 7
10 10 504 3
18 13 1084 1
18 18 1084 5
5 5 225 2
18 18 1098 7
7 7 72 13
7 17 535 11
7 7 535 1
12 12 418 1
17 4 531 5
17 17 531 10
14 1 1023 10
14 14 1023 7
0 15 1007 10
0 0 1007 8
18 18 1410 2
0 12 1177 1
0 0 1177 2
3 3 801 15
12 14 847 5
12 12 847 3
14 16 556 13
14 14 556 6
19 6 1275 13
19 19 1275 4
9 0 522 7
9 9 522 3
12 12 228 1
13 13 242 1
15 5 775 1
15 15 775 7
15 15 754 4
15 15 169 2
0 3 926 13
0 0 926 3
19 18 609 6
19 19 609 4
3 3 36 6
12 13 535 8
12 12 535 2
3 2 1285 10
3 3 1285 2
10 4 840 9
10 10 840 1
11 11 1098 25
14 6 226 8
14 14 226 1
7 8 1152 10
7 7 1152 1
11 11 363 18
16 8 1055 11
16 16 1055 2
12 12 640 4
13 13 1241 3
13 13 1380 21
18 0 731 3
18 18 731 1
19 19 283 13
14 11 576 12
14 14 576 8
3 3 181 2
8 8 1385 7
4 7 410 8
4 4 410 9
4 4 1324 9
10 9 731 1
10 10 731 1
10 9 713 3
10 10 713 8
7 16 1354 2
7 7 1354 5
16 16 269 4
12 0 1372 2
12 12 1372 2
14 13 253 14
14 14 253 10
18 6 1041 1
18 18 1041 3
18 18 618 3
0 3 1249 9
0 0 1249 5
15 4 1365 8
15 15 1365 3
8 8 781 1
9 13 452 12
9 9 452 1
8 8 630 4
15 15 24 4
12 7 12 4
12 12 12 1
17 17 1406 2
12 12 998 2
15 8 1 4
15 15 1 4
0 9 998 9
0 0 998 6
19 5 66 10
19 19 66 16
18 17 1094 4
18 18 1094 4
3 3 876 11
7 13 214 11
7 7 214 14
9 2 215 3
9 9 215 7
14 14 642 13
13 13 235 2
14 14 203 6
7 7 1083 5
14 14 881 2
4 4 660 8
1 1 342 1
3 9 45 9
3 3 45 1
3 4 480 6
3 3 480 3
8 8 1238 1
3 8 1290 12
3 3 1290 1
4 7 1156 3
4 4 1156 2
17 1 980 11
17 17 980 6
10 10 396 1
7 7 1330 1
13 13 945 8
17 3 389 12
17 17 389 8
0 9 362 6
0 0 362 10
18 10 722 14
18 18 722 9
3 3 186 1
8 16 1296 1
8 8 1296 4
3 12 964 1
3 3 964 6
6 6 848 10
5 5 1000 1
6 6 1400 1
16 7 1189 6
16 16 1189 2
12 3 782 6
12 12 782 5
12 9 1371 6
12 12 1371 1
13 13 1059 10
19 19 1136 14
1 1 397 3
4 4 1176 1
2 2 683 9
3 3 670 16
3 9 1109 6
3 3 1109 5
6 6 308 14
11 11 1313 12
10 16 200 10
10 10 200 15
17 16 1210 5
17 17 1210 3
14 14 404 1
7 7 385 8
9 0 592 13
9 9 592 4
19 3 10 5
19 19 10 3
18 17 1089 14
18 18 1089 2
2 2 1211 12
4 19 797 6
4 4 797 1
4 5 362 13
4 4 362 2
3 17 1250 11
3 3 1250 8
2 2 46 4
7 6 256 13
7 7 256 9
10 10 548 3
9 12 1231 5
9 9 1231 1
11 11 264 6
12 8 154 6
12 12 154 1
7 7 411 5
14 14 263 11
14 10 888 11
14 14 888 1
1 1 740 20
3 3 489 3
3 15 956 9
3 3 956 7
5 7 501 1
5 5 501 1
15 2 391 7
15 15 391 1
10 10 784 5
11 11 1144 21
10 3 1110 4
10 10 1110 9
16 18 1037 10
16 16 1037 2
17 17 1425 10
0 10 214 2
0 0 214 1
18 3 717 6
18 18 717 5
18 1 1174 10
18 18 1174 1
3 8 163 6
3 3 163 4
6 6 1286 2
7 15 38 13
7 7 38 1
11 9 1225 12
11 11 1225 21
12 1 504 7
12 12 504 6
12 12 1362 9
14 9 545 7
14 14 545 5
18 18 915 3
2 2 121 4
4 4 885 1
4 4 194 3
3 3 1114 1
8 17 133 14
8 8 133 5
10 11 604 6
10 10 604 2
7 15 514 2
7 7 514 2
12 3 591 5
12 12 591 9
15 15 1261 7
4 4 755 5
1 1 844 39
10 10 358 2
17 0 418 12
17 17 418 2
11 11 588 2
4 0 102 5
4 4 102 29
10 2 914 13
10 10 914 1
7 7 196 6
18 18 102 19
13 9 594 10
13 13 594 8
12 11 1131 8
12 12 1131 5
17 14 218 12
17 17 218 25
2 2 1208 3
19 19 193 2
19 19 628 2
12 13 1284 13
12 12 1284 1
8 8 1220 4
3 9 1400 1
3 3 1400 4
4 10 1162 3
4 4 1162 14
9 14 288 12
9 9 288 6
9 9 131 2
9 18 1422 8
9 9 1422 1
9 9 1089 12
15 12 1019 5
15 15 1019 7
16 16 414 6
12 1 240 13
12 12 240 1
18 9 123 8
18 18 123 3
1 1 209 2
19 19 741 1
4 4 58 4
5 2 271 11
5 5 271 10
17 17 1203 1
11 11 661 4
15 9 314 10
15 15 314 19
14 14 1353 1
13 15 511 10
13 13 511 10
17 17 622 2
19 19 1150 23
14 11 442 10
14 14 442 2
12 3 905 12
12 12 905 2
17 9 251 4
17 17 251 5
4 6 201 11
4 4 201 22
18 13 1241 13
18 18 1241 6
8 0 375 10
8 8 375 13
10 10 583 13
11 11 1375 1
11 11 169 19
14 6 1159 8
14 14 1159 13
16 11 969 2
16 16 969 8
13 13 336 3
15 15 28 9
19 17 1263 2
19 19 1263 6
0 0 971 4
19 3 89 12
19 19 89 2
11 11 646 14
8 8 454 2
16 16 897 5
13 10 718 14
13 13 718 18
1 1 393 4
14 14 220 6
16 5 203 11
16 16 203 1
19 11 198 14
19 19 198 5
13 10 801 13
13 13 801 5
5 7 1158 5
5 5 1158 8
8 11 85 13
8 8 85 1
12 12 815 3
7 2 850 10
7 7 850 7
11 11 960 5
12 1 676 12
12 12 676 6
12 12 1265 2
16 10 858 3
16 16 858 3
10 8 448 8
10 10 448 3
2 2 216 2
18 4 1402 12
18 18 1402 3
3 14 612 7
3 3 612 3
3 3 666 1
10 16 836 5
10 10 836 2
7 10 995 6
7 7 995 9
16 16 931 11
8 18 816 14
8 8 816 12
17 17 1052 1
15 10 569 7
15 15 569 1
1 1 400 2
0 12 664 5
0 0 664 1
0 0 1229 6
2 2 692 17
6 7 1086 2
6 6 1086 7
4 0 1114 6
4 4 1114 5
8 8 179 7
9 9 11 6
13 13 697 21
12 12 48 5
11 11 1325 32
18 18 331 7
8 8 82 3
4 4 327 5
6 6 530 5
19 14 1206 4
19 19 1206 5
11 16 1054 3
11 11 1054 13
7 0 641 7
7 7 641 2
7 1 1100 7
7 7 1100 5
5 5 50 6
12 3 794 2
12 12 794 1
17 17 830 1
15 15 735 8
16 1 663 9
16 16 663 19
19 19 1381 2
6 6 81 10
19 14 207 13
19 19 207 4
6 6 277 1
5 13 480 2
5 5 480 6
10 10 791 3
7 2 843 7
7 7 843 3
18 18 637 3
6 3 904 14
6 6 904 1
19 16 1055 2
19 19 1055 1
1 1 35 8
5 18 1040 9
5 5 1040 3
8 8 662 8
7 10 13 8
7 7 13 3
11 11 1276 33
5 4 29 10
5 5 29 8
13 0 806 1
13 13 806 1
12 19 818 11
12 12 818 1
16 0 992 2
16 16 992 11
0 7 485 2
0 0 485 1
16 11 1374 2
16 16 1374 2
3 13 762 2
3 3 762 6
4 7 1089 5
4 4 1089 1
8 7 186 2
8 8 186 3
7 18 162 9
7 7 162 6
9 10 711 14
9 9 711 1
13 13 748 4
14 14 373 2
15 15 98 26
18 5 704 2
18 18 704 10
19 19 103 3
14 14 942 11
8 8 500 1
9 10 925 2
9 9 925 10
10 10 21 8
11 11 1199 8
14 6 852 6
14 14 852 2
2 2 315 7
9 12 268 6
9 9 268 7
8 4 1273 4
8 8 1273 6
5 2 489 12
5 5 489 12
5 13 932 11
5 5 932 2
11 11 1022 1
3 7 1421 14
19 8 840 2
19 19 840 8
0 2 178 13
0 0 178 2
0 13 743 3
0 0 743 5
12 12 470 2
6 14 1232 3
6 6 1232 4
8 2 1331 2
8 8 1331 3
8 12 840 10
8 8 840 1
5 19 821 9
5 5 821 6
10 7 737 3
10 10 737 1
10 17 752 12
10 10 752 12
11 11 511 7
12 12 412 1
14 14 456 5
17 8 420 7
17 17 420 12
19 12 1173 2
19 19 1173 4
0 0 662 2
8 8 1279 1
4 19 166 6
4 4 166 7
5 5 651 1
4 11 1413 3
4 4 1413 1
9 14 712 10
9 9 712 3
9 2 1155 5
9 9 1155 2
10 10 1299 1
11 11 483 25
17 17 738 9
17 17 53 1
0 0 107 14
2 2 387 11
5 5 1304 6
14 8 405 5
14 14 405 4
5 18 1408 8
5 5 1408 2
19 19 380 1
5 10 540 8
5 5 540 4
16 16 166 3
10 4 451 2
10 10 451 3
18 8 685 11
18 18 685 5
6 6 675 18
2 2 1180 28
18 18 1378 2
10 10 814 5
4 6 562 10
4 4 562 3
3 14 897 1
3 3 897 6
3 7 1364 12
3 3 1364 1
17 15 541 12
17 17 541 5
9 15 1149 3
9 9 1149 1
12 7 260 5
12 12 260 13
5 19 1192 6
5 5 1192 9
14 18 661 1
14 14 661 37
0 8 324 11
0 0 324 11
18 15 595 10
18 18 595 1
0 0 1059 8
3 3 603 5
3 3 1070 6
18 17 1295 13
18 18 1295 1
12 12 981 1
9 9 1339 2
18 8 825 3
18 18 825 2
12 7 800 13
12 12 800 2
12 2 1389 8
12 12 1389 4
14 6 516 2
14 14 516 2
0 10 499 8
0 0 499 1
19 15 4 1
19 19 4 5
9 9 1425 1
4 3 173 14
4 4 173 5
13 12 94 11
13 13 94 4
4 15 1079 7
4 4 1079 6
5 5 847 2
9 9 62 2
7 12 607 11
7 7 607 9
7 18 1066 7
7 7 1066 5
10 10 1306 2
16 17 1357 14
16 16 1357 9
12 12 618 2
16 13 1404 7
16 16 1404 16
16 16 621 1
5 15 668 3
5 5 668 7
1 1 276 5
10 16 893 11
10 10 893 6
4 10 999 5
4 4 999 7
6 6 519 7
5 5 517 4
9 9 500 6
1 1 81 6
10 14 579 5
10 10 579 4
19 17 893 9
19 19 893 3
13 0 58 6
13 13 58 6
16 2 354 10
16 16 354 2
17 16 372 3
17 17 372 4
16 10 764 12
16 16 764 3
2 2 1393 4
18 18 656 4
18 11 1373 2
18 18 1373 5
8 8 1255 2
6 6 475 1
9 11 350 4
9 9 350 2
9 6 792 14
9 9 792 1
2 2 858 2
7 10 1224 5
7 7 1224 10
11 11 435 1
15 15 1073 12
10 10 937 3
18 9 397 12
18 18 397 25
16 16 1066 3
2 2 473 6
6 6 1163 4
5 19 807 2
5 5 807 2
18 6 1310 10
18 18 1310 2
7 0 1426 7
7 7 1426 9
14 14 1275 3
10 15 959 13
10 10 959 7
13 18 284 5
13 13 284 8
7 7 690 5
0 0 1380 17
16 16 517 14
3 3 282 1
19 14 1243 2
19 19 1243 5
13 6 1046 9
13 13 1046 13
10 10 369 6
14 14 958 2
0 0 121 6
1 1 365 3
0 10 1299 14
0 0 1299 1
4 4 1006 2
17 18 825 4
17 17 825 3
5 5 435 4
5 9 526 13
5 5 526 14
10 11 501 7
10 10 501 3
9 9 587 3
14 14 131 14
15 15 307 3
16 16 755 1
19 19 1409 1
0 0 605 1
18 6 1364 4
18 18 1364 4
3 3 101 1
3 5 568 5
3 3 568 2
11 11 848 23
6 6 905 1
6 6 466 4
11 11 424 3
12 1 314 8
12 12 314 1
15 5 1086 2
15 15 1086 20
12 10 1164 10
12 12 1164 11
15 3 416 3
15 15 416 6
19 19 1083 2
19 19 783 2
3 10 585 11
3 3 585 2
10 5 215 10
10 10 215 1
9 9 1317 5
15 18 145 8
15 15 145 4
9 9 148 6
13 13 277 4
14 14 477 2
17 12 399 13
17 17 399 11
1 1 770 7
2 13 509 12
2 2 509 11
1 1 625 5
5 18 1413 9
5 5 1413 6
4 12 147 5
4 4 147 7
3 15 1197 5
3 3 1197 6
9 13 40 4
9 9 40 4
7 5 1048 10
7 7 1048 5
19 19 802 1
18 16 1254 1
18 18 1254 2
14 9 332 11
14 14 332 10
14 16 897 10
14 14 897 1
19 19 1305 18
17 9 452 8
17 17 452 1
19 7 566 2
19 19 566 11
1 1 672 10
14 6 398 2
14 14 398 6
10 3 931 4
10 10 931 3
18 18 1122 1
10 16 1183 2
10 10 1183 18
12 5 162 11
12 12 162 4
13 13 44 4
16 13 336 12
16 16 336 12
17 3 524 10
17 17 524 3
16 5 746 8
16 16 746 2
18 9 57 5
18 18 57 2
16 9 1277 11
16 16 1277 3
5 5 795 12
8 15 1173 11
8 8 1173 8
3 17 1355 3
3 3 1355 1
7 7 473 8
9 0 778 9
9 9 778 14
9 9 409 3
11 18 26 14
11 11 26 18
10 14 1134 10
10 10 1134 4
12 12 1396 1
12 12 1163 1
15 15 425 3
18 18 511 1
18 18 72 2
15 15 1146 5
5 11 131 1
5 5 131 8
5 5 809 4
18 0 129 13
18 18 129 5
7 17 565 12
7 7 565 1
7 10 1408 9
7 7 1408 1
16 4 1311 5
16 16 1311 3
12 12 384 2
12 1 1306 7
12 12 1306 9
0 7 472 9
0 0 472 6
9 9 1424 1
2 2 33 13
19 19 901 7
4 5 845 9
4 4 845 4
4 4 154 11
5 5 20 1
5 5 751 1
12 0 1184 7
12 12 1184 2
13 13 256 1
11 11 821 25
11 3 248 5
11 11 248 16
13 13 521 4
15 15 1390 1
16 16 312 8
10 14 237 14
10 10 237 2
18 18 874 7
2 2 359 5
19 17 577 10
19 19 577 1
2 2 541 9
18 9 1358 7
18 18 1358 1
4 0 297 6
4 4 297 3
7 4 321 14
7 7 321 1
7 6 1190 6
7 7 1190 5
14 17 110 7
14 14 110 7
18 19 1396 13
18 18 1396 4
0 12 555 13
0 0 555 8
3 14 83 13
3 3 83 4
4 13 99 1
4 4 99 3
8 8 721 5
4 6 1346 4
4 4 1346 8
7 3 1384 6
7 7 1384 1
8 8 643 12
11 11 395 3
17 7 1106 10
17 17 1106 3
3 3 1352 3
0 14 288 2
0 0 288 5
0 0 730 3
0 0 1039 5
19 16 797 14
19 19 797 5
18 18 1195 1
8 1 875 8
8 8 875 1
8 12 672 11
8 8 672 9
8 9 245 4
8 8 245 6
14 5 1281 3
14 14 1281 5
17 17 1251 3
12 0 35 1
12 12 35 7
18 6 265 13
18 18 265 1
0 8 772 6
0 0 772 4
4 1 820 8
4 4 820 12
3 14 1179 11
3 3 1179 2
17 10 781 13
17 17 781 14
9 3 391 4
9 9 391 17
16 16 660 3
12 16 526 9
12 12 526 1
16 16 132 7
14 9 915 9
14 14 915 3
1 1 368 1
12 17 304 1
12 12 304 5
2 2 532 8
4 4 987 12
19 19 315 3
6 6 995 9
10 10 494 2
10 10 59 2
9 9 1073 10
11 11 334 20
12 12 336 1
12 12 669 1
14 19 148 2
14 14 148 3
16 16 787 4
18 18 43 2
0 6 546 12
0 0 546 1
19 5 254 11
19 19 254 4
19 18 693 6
19 19 693 1
3 6 994 10
3 3 994 1
10 15 918 7
10 10 918 2
5 8 906 2
5 5 906 7
7 6 922 14
7 7 922 2
17 17 885 1
18 18 75 3
17 17 765 4
12 17 876 4
12 12 876 1
15 2 960 12
15 15 960 2
15 13 447 4
15 15 447 1
1 1 996 13
18 19 339 11
18 18 339 9
16 13 1193 6
16 16 1193 6
2 2 717 2
3 3 700 1
5 5 245 4
6 6 342 24
7 11 92 11
7 7 92 2
7 7 16 6
12 2 1053 4
12 12 1053 1
14 14 1288 10
10 10 1019 4
14 5 438 9
14 14 438 1
14 5 1003 10
14 14 1003 2
19 19 1215 9
2 2 454 4
18 1 1123 13
18 18 1123 9
3 7 374 5
3 3 374 8
5 12 6 14
5 5 6 11
7 14 294 12
7 7 294 1
7 7 1031 5
15 5 1247 9
15 15 1247 14
13 19 571 7
13 13 571 11
14 14 236 5
17 17 3 11
0 11 906 13
0 0 906 20
19 19 150 10
4 4 287 9
3 10 1297 14
3 3 1297 8
4 0 1185 9
4 4 1185 3
8 1 1083 6
8 8 1083 8
10 7 489 6
10 10 489 4
10 6 1347 4
10 10 1347 1
6 6 986 9
13 13 1197 2
0 3 244 2
0 0 244 26
19 11 263 1
19 19 263 13
1 1 1296 2
7 5 1409 1
7 7 1409 1
8 6 1397 8
8 8 1397 4
8 8 1162 11
11 19 1207 4
11 11 1207 1
17 17 795 10
10 10 1051 14
7 7 770 1
15 15 1042 3
14 6 1220 3
14 14 1220 4
16 11 921 9
16 16 921 2
13 14 1170 5
13 13 1170 4
6 18 1134 9
6 6 1134 17
8 8 793 2
18 18 1047 2
6 12 329 5
6 6 329 12
7 6 85 12
7 7 85 1
9 13 1345 4
9 9 1345 2
10 10 1361 12
12 0 96 1
12 12 96 7
16 16 99 7
8 8 232 2
18 18 379 3
0 0 786 1
2 2 10 23
13 13 525 14
9 9 1394 7
5 18 730 2
5 5 730 5
2 2 1345 21
12 12 572 5
12 12 23 2
1 1 322 14
2 2 368 3
18 10 1406 8
18 18 1406 3
4 4 969 2
6 6 1416 10
17 17 247 4
11 11 983 5
10 13 839 13
10 10 839 1
9 15 981 5
9 9 981 10
18 16 34 7
18 18 34 6
12 6 659 1
12 12 659 2
14 12 102 10
14 14 102 1
17 17 322 6
15 15 203 1
16 3 551 14
16 16 551 7
3 18 70 4
3 3 70 4
3 3 541 1
3 17 976 10
3 3 976 10
5 5 1020 20
10 1 355 14
10 10 355 3
7 17 1367 9
7 7 1367 4
6 6 600 6
16 9 1201 9
16 16 1201 7
12 12 1199 11
18 8 78 7
18 18 78 5
0 1 1044 4
0 0 1044 3
3 3 1181 1
5 5 690 8
8 8 234 5
0 0 231 2
13 1 306 8
13 13 306 4
16 16 90 1
14 14 1013 5
0 18 1374 8
0 0 1374 4
6 6 1058 18
3 17 827 1
3 3 827 7
5 6 707 3
5 5 707 20
10 7 1023 8
10 10 1023 9
9 8 77 3
9 9 77 3
10 18 69 3
10 10 69 6
9 0 1243 11
9 9 1243 3
19 19 381 4
16 16 292 2
12 12 1421 1
13 9 1305 12
13 13 1305 3
1 8 656 5
1 1 656 13
18 18 846 1
4 4 62 16
3 8 840 10
3 3 840 2
5 5 409 2
6 6 25 41
10 2 411 4
10 10 411 2
4 4 395 4
9 2 117 2
9 9 117 9
12 0 381 10
12 12 381 2
3 3 719 4
17 11 1008 14
17 17 1008 2
13 1 1247 2
13 13 1247 7
15 15 605 1
0 0 194 6
1 16 244 5
1 1 244 9
18 17 1194 10
18 18 1194 1
19 3 712 7
19 19 712 4
5 5 1225 10
3 12 514 2
3 3 514 1
6 6 424 2
8 8 876 2
9 16 358 9
9 9 358 3
12 7 460 5
12 12 460 1
17 3 468 1
17 17 468 3
18 18 935 3
0 17 678 13
0 0 678 1
0 15 1259 10
0 0 1259 2
5 5 699 7
11 11 140 29
12 11 419 14
12 12 419 7
12 10 1000 8
12 12 1000 5
16 16 550 1
0 0 443 9
14 19 63 3
14 14 63 1
19 0 499 11
19 19 499 9
15 9 171 13
15 15 171 3
4 4 357 5
6 6 572 8
13 13 451 7
7 7 679 11
14 14 1115 2
14 8 193 14
14 14 193 3
12 11 1412 2
12 12 1412 2
15 10 168 5
15 15 168 1
18 15 841 6
18 18 841 1
8 8 406 2
5 11 1185 8
5 5 1185 2
5 5 1404 4
3 7 1284 5
3 3 1284 1
18 8 453 1
18 18 453 8
7 7 418 8
9 8 1069 5
9 9 1069 2
1 1 411 11
3 3 59 11
9 10 630 13
9 9 630 3
10 19 655 11
10 10 655 5
3 0 523 12
3 3 523 8
6 6 862 5
5 7 1006 2
5 5 1006 3
17 7 1260 2
17 17 1260 1
10 9 1076 12
10 10 1076 4
16 4 1199 9
16 16 1199 2
6 6 972 4
1 1 960 4
0 5 840 7
0 0 840 2
0 15 701 9
0 0 701 2
18 7 1076 7
18 18 1076 8
19 19 830 10
5 5 1091 11
6 6 1107 16
8 0 782 9
8 8 782 1
4 18 1127 14
4 4 1127 5
9 9 1015 7
16 7 1267 10
16 16 1267 10
12 1 13 13
12 12 13 2
15 5 1315 11
15 15 1315 8
13 12 292 6
13 13 292 12
14 10 967 7
14 14 967 5
0 15 434 11
0 0 434 1
0 0 1378 1
19 19 943 3
4 4 791 6
4 4 364 6
5 5 565 8
13 13 463 1
16 16 274 7
12 7 1411 4
12 12 1411 1
13 13 1291 6
0 8 33 5
0 0 33 3
19 19 617 8
3 18 483 10
3 3 483 5
6 6 1405 11
5 14 395 9
5 5 395 1
6 6 11 14
9 9 309 3
10 10 397 1
11 11 988 14
11 11 1123 5
15 7 363 14
15 15 363 4
1 1 531 3
0 19 1098 10
0 0 1098 3
1 18 1404 6
1 1 1404 18
3 10 551 9
3 3 551 1
4 7 53 13
4 4 53 4
6 6 1292 4
8 4 48 10
8 8 48 18
7 9 1346 7
7 7 1346 4
13 8 769 11
13 13 769 2
15 5 1142 13
15 15 1142 4
16 3 48 4
16 16 48 4
14 15 607 6
14 14 607 8
18 10 610 12
18 18 610 5
18 5 757 6
18 18 757 1
6 6 1098 9
17 16 1181 10
17 17 1181 5
9 9 23 2
7 16 516 1
7 7 516 2
9 9 1405 2
15 15 925 14
12 16 926 5
12 12 926 3
16 16 1125 7
3 1 183 1
3 3 183 2
2 2 1295 12
6 5 151 8
6 6 151 6
4 10 798 5
4 4 798 8
12 12 450 1
8 8 900 4
4 4 1277 5
7 7 206 4
7 3 661 5
7 7 661 9
9 8 1230 8
9 9 1230 1
10 10 1220 1
12 6 155 4
12 12 155 7
9 14 633 9
9 9 633 8
15 18 788 3
15 15 788 2
15 15 707 3
14 14 889 8
11 11 891 1
18 17 1284 6
18 18 1284 1
3 17 488 5
3 3 488 1
2 2 870 8
15 1 340 3
15 15 340 1
16 7 22 7
16 16 22 7
11 0 408 6
11 11 408 15
12 7 362 4
12 12 362 13
6 6 911 12
17 0 725 12
17 17 725 4
12 1 601 8
12 12 601 2
18 6 714 9
18 18 714 1
18 5 1175 8
18 18 1175 1
4 5 743 9
4 4 743 2
3 16 633 7
3 3 633 2
5 11 261 9
5 5 261 4
7 1 1004 5
7 7 1004 4
15 9 1151 13
15 15 1151 1
15 8 554 14
15 15 554 12
17 7 447 11
17 17 447 3
0 14 651 6
0 0 651 3
14 14 1402 3
3 14 307 1
3 3 307 2
8 8 828 8
5 12 662 7
5 5 662 5
7 4 182 2
7 7 182 6
7 1 637 12
7 7 637 2
16 16 1383 7
17 17 1391 5
14 14 412 9
15 15 22 2
19 19 1257 1
18 12 1312 13
18 18 1312 3
3 15 1258 3
3 3 1258 3
19 19 1133 2
10 16 915 6
10 10 915 1
9 19 572 7
9 9 572 3
9 9 1271 17
12 12 1124 3
8 8 703 4
0 15 612 9
0 0 612 7
12 3 1394 10
12 12 1394 2
7 7 1262 2
7 2 393 9
7 7 393 3
9 1 738 2
9 9 738 21
9 17 1421 4
9 9 1421 1
9 9 1088 1
13 13 930 3
14 19 453 7
14 14 453 3
17 17 988 4
15 15 377 3
19 13 1040 6
19 19 1040 9
0 5 1112 7
0 0 1112 2
19 13 740 12
19 19 740 1
4 4 750 4
3 12 1077 13
3 3 1077 2
5 10 985 6
5 5 985 3
7 7 30 8
11 11 1217 8
11 11 660 1
8 10 783 6
8 8 783 1
4 1 1282 14
4 4 1282 5
13 6 819 12
13 13 819 3
9 11 707 5
9 9 707 3
17 17 621 1
14 4 553 12
14 14 553 3
18 14 596 1
18 18 596 1
19 12 664 7
19 19 664 2
3 17 655 5
3 3 655 8
3 3 917 1
12 0 971 7
12 12 971 1
7 12 634 10
7 7 634 3
0 0 22 6
13 13 173 4
17 17 1376 1
15 15 1269 2
0 0 391 6
4 18 345 9
4 4 345 2
8 12 946 11
8 8 946 7
5 5 544 1
9 9 914 10
7 4 651 9
7 7 651 5
11 17 882 3
11 11 882 9
16 10 444 7
16 16 444 5
13 9 21 14
13 13 21 23
7 7 67 2
16 1 204 7
16 16 204 2
14 9 843 4
14 14 843 1
0 3 54 5
0 0 54 7
1 1 184 13
2 2 294 1
2 2 915 10
3 3 1376 3
8 8 86 7
10 11 422 5
10 10 422 6
7 6 1304 11
7 7 1304 2
7 14 1255 1
7 7 1255 5
0 0 351 10
17 17 606 6
15 11 596 14
15 15 596 8
19 19 1049 6
16 16 532 2
4 8 1362 1
4 4 1362 4
4 4 725 4
3 13 615 12
3 3 615 3
10 10 1127 1
5 5 375 5
2 2 1333 10
0 0 1398 9
16 0 1163 2
16 16 1163 2
12 18 820 1
12 12 820 1
18 18 591 2
10 10 164 5
18 7 429 9
18 18 429 8
6 6 213 13
5 5 851 3
7 4 627 12
7 7 627 7
1 1 1028 5
12 2 907 8
12 12 907 9
16 7 633 10
16 16 633 5
10 16 171 6
10 10 171 2
0 0 963 2
3 3 341 9
2 2 1019 18
1 1 1121 4
4 17 320 2
4 4 320 1
8 14 953 5
8 8 953 16
4 15 1258 13
4 4 1258 3
7 7 366 6
7 9 821 7
7 7 821 1
12 18 128 6
12 12 128 12
14 14 164 6
15 16 149 6
15 15 149 13
18 9 1393 12
18 18 1393 3
5 5 1166 17
17 2 975 14
17 17 975 5
18 10 922 1
18 18 922 11
8 14 93 8
8 8 93 6
11 11 1016 6
18 5 83 13
18 18 83 8
12 2 279 14
12 12 279 4
13 13 415 9
14 14 87 4
13 13 1269 10
0 0 737 2
18 19 1247 1
18 18 1247 2
18 11 218 14
18 18 218 2
4 5 732 13
4 4 732 2
6 6 1191 5
16 1 729 5
16 16 729 1
1 1 654 2
9 9 1288 10
10 10 1414 3
14 15 17 11
14 14 17 1
12 12 819 1
7 7 336 4
13 13 1094 16
0 1 486 2
0 0 486 1
1 1 488 23
11 11 1184 9
0 1 1221 14
0 0 1221 8
19 17 142 10
19 19 142 1
4 4 184 8
4 6 1090 8
4 4 1090 2
5 7 860 9
5 5 860 1
14 14 972 15
7 9 616 5
7 7 616 3
6 6 721 2
16 16 1356 1
18 18 1163 11
16 16 171 2
16 8 624 6
16 16 624 2
5 5 233 5
15 0 436 7
15 15 436 6
19 19 102 1
19 19 541 11
4 8 1010 10
4 4 1010 3
4 4 335 4
3 6 1217 12
3 3 1217 2
8 2 501 5
8 8 501 2
10 4 473 4
10 10 473 16
7 11 1092 6
7 7 1092 2
12 14 191 2
12 12 191 1
12 2 708 9
12 12 708 1
16 0 373 13
16 16 373 2
9 15 876 7
9 9 876 4
13 13 1320 2
18 0 210 5
18 18 210 1
1 1 138 21
10 10 377 1
3 3 923 3
3 3 1390 7
12 0 1036 3
12 12 1036 1
13 13 408 5
8 2 553 2
8 8 553 6
16 16 841 6
19 19 1063 2
16 17 359 10
16 16 359 7
2 4 788 3
2 2 788 2
12 5 63 9
12 12 63 9
8 9 841 9
8 8 841 1
8 10 670 3
8 8 670 2
18 7 328 8
18 18 328 2
10 0 315 8
10 10 315 22
14 14 1262 6
12 7 413 14
12 12 413 2
6 6 1351 4
15 10 428 7
15 15 428 2
5 5 581 4
2 2 647 14
3 3 303 4
5 4 650 9
5 5 650 1
4 4 1414 8
15 15 874 2
12 19 620 8
12 12 620 1
12 13 953 12
12 12 953 4
16 7 947 12
16 16 947 2
10 14 951 9
10 10 951 2
7 12 811 14
7 7 811 1
7 16 758 6
7 7 758 2
9 9 7 4
3 3 1363 1
13 13 1174 10
1 1 121 10
0 17 576 2
0 0 576 4
6 6 607 2
15 4 50 12
15 15 50 1
3 17 118 8
3 3 118 1
6 13 1355 3
6 6 1355 13
4 15 1391 1
4 4 1391 6
10 10 794 7
7 7 1287 2
12 13 202 8
12 12 202 2
10 17 1138 3
10 10 1138 4
12 12 850 4
14 14 33 3
19 9 1068 3
19 19 1068 10
0 0 767 2
18 2 1416 6
18 18 1416 1
3 10 602 14
3 3 602 1
5 2 151 13
5 5 151 4
5 9 354 7
5 5 354 4
5 4 829 4
5 5 829 6
7 17 2 1
7 7 2 11
9 6 871 10
9 9 871 5
10 10 623 4
12 12 79 4
12 6 404 10
12 12 404 3
13 13 482 11
15 13 674 9
15 15 674 1
0 6 500 12
0 0 500 6
0 19 1235 2
0 0 1235 1
2 2 670 13
4 4 849 1
8 8 1418 3
5 5 56 14
12 6 854 13
12 12 854 3
8 8 169 10
7 7 1061 1
11 11 212 9
14 18 1120 2
14 14 1120 5
16 14 622 7
16 16 622 2
0 8 99 5
0 0 99 8
19 19 990 7
5 17 73 1
5 5 73 3
2 2 1072 6
13 13 622 5
14 15 754 14
14 14 754 5
1 1 56 25
2 2 887 3
4 12 570 2
4 4 570 15
8 8 1363 11
19 1 329 13
19 19 329 1
3 4 1372 1
3 3 1372 4
5 16 917 12
5 5 917 2
9 9 324 4
10 16 346 2
10 10 346 1
9 9 1125 9
11 15 434 12
11 11 434 1
15 15 1072 1
16 15 498 1
16 16 498 7
0 2 348 11
0 0 348 2
14 18 635 2
14 14 635 1
19 14 338 14
19 19 338 7
8 8 1314 17
15 5 747 6
15 15 747 7
6 6 806 25
7 12 966 12
7 7 966 2
8 8 844 6
14 14 485 1
16 16 1314 1
14 14 1325 1
12 12 984 4
17 17 578 9
14 19 307 8
14 14 307 1
0 3 459 14
0 0 459 3
0 0 1194 13
9 16 211 7
9 9 211 4
8 8 283 4
15 6 1137 14
15 15 1137 5
10 10 611 2
7 16 599 11
7 7 599 4
11 11 774 22
14 14 1131 3
12 10 610 1
12 12 610 3
19 19 1299 6
2 2 402 3
2 2 520 12
16 17 791 4
16 16 791 4
5 3 434 5
5 5 434 1
14 17 1125 3
14 14 1125 1
10 1 953 7
10 10 953 2
7 5 740 13
7 7 740 1
11 11 919 1
18 1 918 8
18 18 918 1
16 7 756 14
16 16 756 1
0 0 233 11
0 9 606 6
0 0 606 6
2 2 846 4
4 4 459 3
4 4 1373 2
10 10 776 2
9 9 768 7
9 2 1134 8
9 9 1134 11
11 11 427 6
12 3 315 8
12 12 315 4
12 11 832 14
12 12 832 6
0 0 339 9
0 1 152 7
0 0 152 1
18 18 1252 1
16 1 882 3
16 16 882 11
18 5 842 9
18 18 842 4
3 18 584 7
3 3 584 1
4 4 197 1
6 6 793 7
9 13 222 13
9 9 222 10
9 10 657 3
9 9 657 4
16 3 1305 12
16 16 1305 2
16 16 120 12
19 19 1195 3
2 2 506 3
19 19 456 2
14 9 1134 11
14 14 1134 6
15 15 245 14
5 17 42 13
5 5 42 8
6 6 168 4
9 9 47 3
7 7 588 2
12 12 204 1
12 3 537 1
12 12 537 3
12 12 934 19
16 7 806 8
16 16 806 4
1 1 690 33
10 14 875 14
10 10 875 3
13 9 1153 4
13 13 1153 6
19 19 1417 12
18 17 643 11
18 18 643 13
3 3 1015 2
11 4 965 4
11 11 965 6
10 18 819 5
10 10 819 3
7 7 935 2
7 19 1394 4
7 7 1394 5
9 9 57 2
16 16 1110 5
14 10 58 1
14 14 58 3
16 2 949 6
16 16 949 7
0 16 298 14
0 0 298 5
0 5 159 10
0 0 159 19
0 15 1033 9
0 0 1033 6
5 5 922 1
13 13 100 3
8 8 207 3
7 16 105 14
7 7 105 1
15 16 1207 1
15 15 1207 1
14 15 421 9
14 14 421 1
16 1 356 12
16 16 356 3
2 2 501 1
3 3 267 1
3 16 1173 4
3 3 1173 6
4 17 1069 2
4 4 1069 10
9 12 80 12
9 9 80 4
5 5 486 3
14 4 227 3
14 14 227 3
13 13 1159 11
17 17 16 6
1 14 651 4
1 1 651 3
0 16 957 9
0 0 957 2
6 6 248 2
2 2 977 12
4 4 1318 1
5 11 1310 3
5 5 1310 6
5 5 396 3
9 13 494 12
9 9 494 6
10 4 721 1
10 10 721 3
1 1 1315 7
7 3 1185 10
7 7 1185 2
8 16 194 8
8 8 194 9
11 11 1376 11
12 19 743 8
12 12 743 2
9 12 815 4
9 9 815 12
17 10 350 8
17 17 350 9
13 13 1349 9
2 2 1121 4
18 18 762 1
12 4 544 10
12 12 544 12
3 12 82 3
3 3 82 1
17 17 1315 2
4 7 441 3
4 4 441 6
6 6 517 1
5 1 896 4
5 5 896 4
7 7 465 8
7 10 924 13
7 7 924 11
7 7 1387 4
13 17 1002 8
13 13 1002 2
15 17 1039 11
15 15 1039 3
14 14 61 2
18 18 64 4
16 17 1192 11
16 16 1192 1
16 16 893 4
5 14 139 12
5 5 139 10
5 13 326 6
5 5 326 4
15 15 1035 4
7 5 557 8
7 7 557 8
3 5 1227 8
3 3 1227 2
12 12 965 6
12 19 1298 1
12 12 1298 2
14 14 993 8
2 14 1366 8
2 2 1366 8
19 7 35 3
19 19 35 7
3 3 711 2
4 10 1044 4
4 4 1044 7
10 6 169 3
10 10 169 2
8 2 866 12
8 8 866 2
10 16 1343 6
10 10 1343 4
12 3 527 11
12 12 527 6
15 15 813 4
15 16 87 3
15 15 87 11
0 14 79 8
0 0 79 1
7 7 438 2
16 17 1165 6
16 16 1165 11
3 3 385 1
2 2 109 10
4 9 1211 6
4 4 1211 2
10 18 56 1
10 10 56 2
11 9 954 14
11 11 954 6
10 2 832 4
10 10 832 4
12 10 670 1
12 12 670 1
15 19 1231 1
15 15 1231 5
17 4 343 2
17 17 343 2
15 15 196 7
18 18 40 1
0 18 547 13
0 0 547 1
19 5 186 9
19 19 186 3
8 13 729 7
8 8 729 13
10 2 863 7
10 10 863 1
9 3 352 2
9 9 352 6
9 9 827 1
7 7 1376 7
9 14 941 1
9 9 941 5
12 12 877 1
12 1 1210 12
12 12 1210 7
15 11 446 14
15 15 446 1
2 2 129 7
1 1 1167 17
5 14 1134 6
5 5 1134 21
3 3 703 2
3 3 1138 4
5 6 335 7
5 5 335 1
5 5 794 1
15 15 1194 6
10 12 193 11
10 10 193 6
18 18 200 2
13 13 319 9
16 6 109 4
16 16 109 7
1 1 788 12
0 0 796 11
16 17 961 7
16 16 961 1
10 10 175 1
6 6 157 2
9 9 66 5
10 3 80 9
10 10 80 1
12 5 249 10
12 12 249 1
12 5 518 3
12 12 518 8
12 12 1107 5
16 18 466 4
16 16 466 7
1 1 645 4
14 12 1309 7
14 14 1309 3
3 3 390 5
16 16 734 12
8 8 625 5
19 19 460 17
10 10 861 2
9 17 979 8
9 9 979 2
12 0 661 9
12 12 661 1
12 9 1058 5
12 12 1058 11
13 13 1196 1
17 17 147 5
3 5 262 5
3 3 262 5
0 10 1135 7
0 0 1135 1
2 2 850 8
9 9 1174 6
3 4 1002 4
3 3 1002 13
5 16 295 12
5 5 295 1
6 6 1368 32
9 9 361 2
9 9 828 19
10 10 1048 3
18 13 850 4
18 18 850 6
13 12 1085 9
13 13 1085 4
6 6 172 1
0 17 681 14
0 0 681 15
18 10 1224 8
18 18 1224 11
2 2 709 8
3 15 533 12
3 3 533 1
4 4 225 2
9 9 408 1
8 12 1161 2
8 8 1161 1
14 14 1247 9
0 0 430 4
0 0 787 4
18 18 1422 1
0 0 1165 8
10 10 980 1
3 3 382 2
19 17 360 2
19 19 360 7
8 12 318 7
8 8 318 14
7 14 229 1
7 7 229 9
10 10 91 9
7 7 1151 1
10 10 1313 2
5 10 113 10
5 5 113 5
15 7 1348 6
15 15 1348 3
1 1 262 14
15 10 1045 6
15 15 1045 7
0 0 93 3
0 6 898 7
0 0 898 8
16 16 1351 2
3 7 834 4
3 3 834 6
6 6 978 2
7 9 431 8
7 7 431 5
8 7 1198 10
8 8 1198 1
16 19 329 1
16 16 329 7
15 15 69 9
17 6 598 9
17 17 598 6
14 14 103 1
15 1 287 1
15 15 287 2
0 0 204 5
2 2 813 7
8 8 28 3
10 11 352 11
10 10 352 3
11 11 460 23
13 13 789 12
12 18 1192 6
12 12 1192 7
16 16 913 2
12 13 229 3
12 12 229 1
18 9 941 14
18 18 941 11
0 0 672 6
2 2 147 17
4 4 659 1
17 17 528 3
3 3 1120 1
6 6 252 5
7 0 536 12
7 7 536 3
9 9 1353 10
14 14 1190 3
14 14 1307 2
16 13 91 14
16 16 91 1
14 14 1018 5
18 9 1417 6
18 18 1417 5
3 19 407 1
3 3 407 3
1 1 1034 7
5 7 119 9
5 5 119 6
5 5 706 1
9 13 76 1
9 9 76 1
7 7 1041 2
7 1 1140 5
7 7 1140 3
12 5 239 10
12 12 239 1
17 11 1299 13
17 17 1299 1
12 6 1422 4
12 12 1422 4
15 15 162 2
18 18 847 3
2 2 322 37
18 16 1249 14
18 18 1249 1
8 6 1066 14
8 8 1066 2
10 10 847 7
7 7 1342 3
14 13 170 3
14 14 170 19
12 12 105 6
16 18 1069 3
16 16 1069 2
12 14 1232 6
12 12 1232 4
14 2 486 1
14 14 486 6
10 14 50 14
10 10 50 1
19 19 276 5
12 13 407 8
12 12 407 1
4 2 523 9
4 4 523 13
2 2 119 2
4 16 1319 1
4 4 1319 5
12 9 988 6
12 12 988 10
10 14 363 10
10 10 363 3
7 5 1359 7
7 7 1359 4
12 12 461 4
8 18 613 5
8 8 613 6
12 12 1191 1
16 16 904 3
18 5 220 13
18 18 220 10
0 15 679 11
0 0 679 2
8 10 776 2
8 8 776 2
5 5 698 1
8 5 146 11
8 8 146 8
10 10 673 3
6 6 723 66
11 11 760 14
19 3 402 8
19 19 402 6
14 18 1193 13
14 14 1193 13
14 14 392 1
18 18 134 1
19 19 1237 6
2 2 464 4
0 0 1179 1
13 2 879 12
13 13 879 2
4 4 809 7
5 19 112 8
5 5 112 1
4 4 1032 12
12 14 1276 4
12 12 1276 7
10 10 560 16
7 4 678 9
7 7 678 1
12 9 230 2
12 12 230 5
17 16 1300 7
17 17 1300 4
13 15 1297 3
13 13 1297 2
19 19 172 11
14 14 1005 8
3 14 1287 11
3 3 1287 3
9 16 307 13
9 9 307 2
9 4 966 2
9 9 966 2
7 7 1335 2
7 7 1154 2
3 19 1187 8
3 3 1187 3
16 16 1041 13
16 13 427 1
16 16 427 5
13 13 1239 2
16 8 709 6
16 16 709 12
15 16 406 8
15 15 406 8
4 15 754 4
4 4 754 1
8 6 1184 7
8 8 1184 4
8 8 10 3
11 11 608 2
11 11 55 43
16 16 1184 1
17 17 633 5
14 14 597 8
18 18 466 1
10 5 866 13
10 10 866 7
19 10 394 2
19 19 394 8
17 17 79 2
5 9 1090 13
5 5 1090 1
9 9 1160 4
3 0 1134 2
3 3 1134 2
5 5 675 12
5 5 894 2
0 0 385 1
10 10 229 1
11 14 201 14
11 11 201 11
11 11 132 8
12 12 603 7
12 15 1325 4
12 12 1325 3
0 11 435 1
0 0 435 2
19 19 82 7
2 2 577 14
4 4 78 6
19 5 1056 4
19 19 1056 5
9 9 126 5
18 2 365 3
18 18 365 2
11 11 846 2
1 1 637 3
13 13 606 6
13 13 233 2
15 8 782 9
15 15 782 6
16 2 685 7
16 16 685 7
18 6 244 4
18 18 244 3
4 4 774 17
12 12 118 2
5 8 1380 12
5 5 1380 1
4 3 1158 13
4 4 1158 4
10 10 881 12
11 7 1093 12
11 11 1093 5
7 5 1324 2
7 7 1324 3
11 7 236 2
11 11 236 8
11 11 354 9
13 13 943 2
18 17 442 3
18 18 442 9
0 6 209 4
0 0 209 5
1 1 197 12
1 1 1395 6
19 4 353 11
19 19 353 7
9 10 133 10
9 9 133 11
11 11 665 35
11 11 44 5
18 13 290 14
18 18 290 1
12 17 451 1
12 12 451 5
17 17 1071 27
16 6 902 4
16 16 902 2
18 18 461 5
10 10 102 3
3 15 640 8
3 3 640 10
11 19 892 4
11 11 892 14
5 5 871 6
17 9 901 13
17 17 901 1
7 7 519 16
15 13 1323 1
15 15 1323 6
13 13 348 22
12 12 1316 2
15 6 8 3
15 15 8 7
16 16 990 2
18 1 1315 7
18 18 1315 2
17 19 612 1
17 17 612 5
16 1 1156 11
16 16 1156 5
5 5 573 4
10 15 1001 8
10 10 1001 3
9 2 570 7
9 9 570 2
7 7 1123 11
10 2 1221 14
10 10 1221 1
12 12 148 4
15 15 1368 10
18 17 696 11
18 18 696 3
18 18 1285 3
9 19 1051 12
9 9 1051 1
3 3 1397 1
5 12 590 13
5 5 590 13
9 4 317 4
9 9 317 7
7 11 1317 8
7 7 1317 2
7 7 1264 13
16 9 407 1
16 16 407 7
16 17 1039 5
16 16 1039 2
12 1 688 2
12 12 688 12
17 17 986 1
18 5 437 2
18 18 437 4
18 19 126 6
18 18 126 3
18 11 715 12
18 18 715 2
0 12 1090 1
0 0 1090 6
9 9 847 3
3 4 975 12
3 3 975 1
18 16 266 3
18 18 266 12
17 17 805 1
3 3 253 8
14 16 1348 3
14 14 1348 5
14 3 498 1
14 14 498 3
16 16 811 10
18 18 913 2
18 18 580 2
19 19 408 22
6 6 663 7
9 13 1084 5
9 9 1084 4
16 18 38 5
16 16 38 3
7 5 177 14
7 7 177 5
18 1 195 14
18 18 195 5
10 9 1405 2
10 10 1405 5
13 3 767 7
13 13 767 2
17 11 1390 1
17 17 1390 1
12 4 1315 3
12 12 1315 1
15 9 17 9
15 15 17 5
19 19 1256 1
16 16 1057 3
2 2 445 9
16 18 568 6
16 16 568 1
3 3 323 2
4 1 339 12
4 4 339 6
8 8 908 6
4 19 1253 7
4 4 1253 3
7 7 379 1
9 8 547 5
9 9 547 5
9 8 1270 9
9 9 1270 1
12 12 147 1
11 11 1139 5
8 8 891 5
12 16 829 12
12 12 829 1
16 1 768 9
16 16 768 1
18 3 691 9
18 18 691 1
19 19 195 3
19 7 630 9
19 19 630 19
4 11 600 2
4 4 600 1
5 5 1366 8
3 3 935 4
6 6 945 5
8 8 80 2
9 9 294 1
10 10 444 4
7 14 1314 11
7 7 1314 3
7 9 159 8
7 7 159 3
5
6 0 416
16 4 507
1 18 148
18 17 335
17 18 117
