20 8520
11 11 400 4
16 11 1030 1
16 16 1030 2
0 15 175 2
0 0 175 8
8 1 746 13
8 8 746 5
7 7 996 2
11 3 481 13
11 11 481 4
16 18 1173 13
16 16 1173 6
13 10 1107 4
13 13 1107 2
18 13 319 7
18 18 319 1
4 17 894 1
4 4 894 4
8 8 377 2
12 12 909 3
4 7 781 6
4 4 781 1
5 5 84 1
14 14 162 1
18 10 225 6
18 18 225 7
5 5 485 8
1 17 946 3
1 1 946 3
1 3 1350 14
1 1 1350 2
0 5 1289 8
0 0 1289 1
17 17 202 3
2 2 318 1
10 3 789 11
10 10 789 2
7 9 1247 1
7 7 1247 6
15 0 1060 8
15 15 1060 2
16 16 398 2
19 19 757 1
5 9 970 2
5 5 970 5
9 9 1295 7
15 12 1109 7
15 15 1109 5
18 19 583 1
18 18 583 1
11 11 705 7
10 4 631 11
10 10 631 3
9 9 1176 6
12 11 41 2
12 12 41 4
13 13 320 6
19 13 979 10
19 19 979 8
8 8 1132 4
9 18 1257 7
9 9 1257 4
3 17 455 11
3 3 455 2
6 17 922 7
6 6 922 2
17 8 1139 4
17 17 1139 4
16 16 842 1
2 15 789 13
2 2 789 1
10 11 312 7
10 10 312 6
18 18 1035 6
3 9 741 14
3 3 741 1
10 10 139 8
8 14 936 9
8 8 936 4
10 6 26 10
10 10 26 7
15 14 303 9
15 15 303 3
3 12 899 8
3 3 899 3
11 11 444 2
2 17 1037 6
2 2 1037 12
6 15 369 3
6 6 369 2
9 9 211 8
7 7 968 1
16 3 1265 1
16 16 1265 7
0 0 826 1
13 18 1306 8
13 13 1306 11
13 13 540 2
3 14 1337 5
3 3 1337 3
9 9 909 27
7 13 750 6
7 7 750 5
7 15 1407 8
7 7 1407 3
12 14 1081 12
12 12 1081 6
17 17 404 25
9 11 1061 2
9 9 1061 5
10 0 983 14
10 10 983 2
7 7 1053 1
10 9 1283 12
10 10 1283 6
14 14 331 4
17 17 37 4
19 19 563 5
4 4 293 11
5 5 524 2
1 1 553 2
18 6 649 11
18 18 649 9
8 15 1371 9
8 8 1371 2
4 17 436 14
4 4 436 11
10 10 777 7
10 10 1125 11
14 4 613 2
14 14 613 9
5 5 814 11
12 12 126 3
14 14 532 1
1 12 459 7
1 1 459 1
0 5 1186 12
0 0 1186 5
6 12 612 1
6 6 612 13
11 17 830 2
11 11 830 5
12 4 205 12
12 12 205 2
18 4 1338 12
18 18 1338 3
19 19 1007 6
8 11 1032 10
8 8 1032 1
6 9 1015 14
6 6 1015 6
9 1 1029 12
9 9 1029 3
19 19 1416 6
1 10 149 13
1 1 149 3
2 2 838 2
6 6 902 7
12 11 307 3
12 12 307 9
11 11 109 1
16 16 1297 11
17 18 1256 12
17 17 1256 4
18 17 1135 4
18 18 1135 6
2 9 616 12
2 2 616 1
12 12 529 9
15 15 658 9
2 14 539 4
2 2 539 2
8 8 580 2
11 11 331 11
12 19 736 3
12 12 736 4
4 4 528 2
3 12 1023 5
3 3 1023 3
9 9 382 13
7 7 927 5
12 18 887 14
12 12 887 2
13 13 1034 8
8 13 674 2
8 8 674 2
18 4 263 12
18 18 263 1
19 19 34 6
8 14 305 11
8 8 305 2
9 9 88 3
0 9 949 8
0 0 949 2
19 19 147 24
7 7 722 2
18 18 41 4
19 19 256 4
1 0 1018 5
1 1 1018 2
1 17 1166 13
1 1 1166 7
12 10 1290 13
12 12 1290 5
4 4 138 23
13 13 196 6
1 14 644 7
1 1 644 2
2 2 399 9
4 4 281 11
17 17 146 8
18 18 749 2
2 17 230 11
2 2 230 2
10 10 1049 2
15 11 1052 8
15 15 1052 5
16 16 470 2
5 5 1110 4
6 9 689 10
6 6 689 2
10 10 700 15
11 11 717 5
19 19 1222 5
2 2 8 5
10 1 527 6
10 10 527 1
11 11 858 1
15 15 818 1
16 16 244 5
11 10 56 14
11 11 56 1
12 12 471 5
6 16 253 9
6 6 253 2
11 11 137 5
16 16 545 1
6 6 140 1
2 2 1235 4
16 1 1051 4
16 16 1051 5
12 12 644 1
16 3 719 12
16 16 719 5
8 9 719 11
8 8 719 21
4 4 1312 9
7 7 528 26
8 8 301 4
7 7 673 5
12 18 1145 5
12 12 1145 12
17 17 673 5
0 0 913 6
4 6 953 14
4 4 953 23
0 0 512 2
1 0 1401 5
1 1 1401 2
6 6 1222 2
7 7 1351 1
0 15 703 1
0 0 703 2
19 16 397 7
19 19 397 18
6 6 1105 4
18 14 815 5
18 18 815 3
2 15 424 5
2 2 424 11
13 13 232 11
18 18 702 1
2 2 347 1
3 3 46 14
5 5 580 6
19 19 728 10
8 8 1299 15
4 10 396 2
4 4 396 1
15 13 1136 10
15 15 1136 3
0 9 1275 1
0 0 1275 2
19 0 841 12
19 19 841 12
5 5 870 12
17 17 1396 6
14 17 972 5
14 14 972 7
1 9 307 7
1 1 307 5
3 11 349 7
3 3 349 3
6 19 556 7
6 6 556 4
10 1 547 8
10 10 547 5
12 12 149 3
14 9 895 2
14 14 895 4
3 12 490 10
3 3 490 3
7 11 402 12
7 7 402 12
10 15 434 4
10 10 434 14
11 12 36 14
11 11 36 7
12 12 507 8
1 13 78 9
1 1 78 10
18 18 1060 4
2 2 673 8
15 4 1274 13
15 15 1274 18
12 12 586 2
15 5 677 3
15 15 677 7
2 6 592 14
2 2 592 1
7 19 193 6
7 7 193 3
2 17 1207 12
2 2 1207 5
7 2 854 8
7 7 854 6
18 1 429 1
18 18 429 8
0 10 160 8
0 0 160 15
9 9 182 2
13 5 1106 1
13 13 1106 1
18 18 316 3
3 3 1092 5
13 11 759 5
13 13 759 2
15 15 25 7
19 19 90 2
4 9 782 7
4 4 782 1
11 12 867 2
11 11 867 7
8 0 457 1
8 8 457 4
13 17 584 1
13 13 584 2
14 14 163 6
19 19 203 23
7 7 1306 11
0 19 748 10
0 0 748 1
4 4 44 1
5 5 373 6
17 9 431 1
17 17 431 2
19 19 425 1
5 5 646 9
7 4 1080 2
7 7 1080 5
17 17 56 3
0 0 1290 7
19 19 534 3
5 5 535 22
2 2 319 5
3 3 10 8
6 8 1375 7
6 6 1375 7
15 15 1063 3
5 17 969 1
5 5 969 1
12 3 91 14
12 12 91 1
0 2 1223 12
0 0 1223 3
14 17 95 5
14 14 95 1
16 13 173 7
16 16 173 7
14 14 936 2
19 19 1278 15
15 12 874 6
15 15 874 4
18 8 1382 2
18 18 1382 7
3 6 454 10
3 3 454 1
16 17 843 10
16 16 843 3
1 19 57 10
1 1 57 17
16 16 1334 7
7 17 148 6
7 7 148 2
6 9 84 3
6 6 84 1
15 15 302 1
16 17 760 9
16 16 760 3
0 2 29 12
0 0 29 1
7 10 954 1
7 7 954 11
12 18 844 13
12 12 844 21
2 2 1034 1
3 16 1043 13
3 3 1043 2
6 9 374 8
6 6 374 4
0 19 827 6
0 0 827 5
17 17 728 10
4 13 994 3
4 4 994 1
11 4 1030 14
11 11 1030 1
15 10 226 4
15 15 226 3
7 11 1406 7
7 7 1406 1
0 1 712 8
0 0 712 1
19 19 340 13
11 15 1252 14
11 11 1252 12
7 13 1423 9
7 7 1423 2
1 1 1234 12
10 10 980 3
9 9 767 2
13 13 223 9
17 12 36 10
17 17 36 1
18 10 887 5
18 18 887 6
0 7 1302 4
0 0 1302 1
7 11 1197 1
7 7 1197 1
14 14 763 3
1 1 552 1
18 3 646 3
18 18 646 1
5 5 924 4
18 16 537 5
18 18 537 1
19 19 784 6
6 6 714 4
14 19 533 11
14 14 533 7
11 11 817 9
16 11 137 5
16 16 137 8
5 5 1299 28
8 16 1033 1
8 8 1033 5
7 1 325 9
7 7 325 19
12 13 349 3
12 12 349 2
15 15 846 2
3 3 546 5
8 8 1176 3
14 3 1426 3
14 14 1426 5
15 15 1023 4
18 16 1245 2
18 18 1245 3
10 10 221 3
2 13 617 5
2 2 617 5
8 8 1014 2
16 10 597 1
16 16 597 5
0 0 74 1
0 16 241 12
0 0 241 1
16 16 740 6
2 6 1151 14
2 2 1151 18
6 6 451 13
15 15 1247 9
12 12 880 5
13 13 1033 1
18 18 501 4
13 13 686 4
15 15 32 3
0 0 775 2
5 5 26 14
7 4 700 5
7 7 700 10
18 18 151 6
9 9 936 5
17 2 341 6
17 17 341 2
15 2 198 10
15 15 198 7
18 8 38 3
18 18 38 1
0 12 549 13
0 0 549 6
8 9 16 12
8 8 16 2
11 11 668 2
6 6 1130 7
5 5 333 7
18 10 968 4
18 18 968 5
1 11 1086 9
1 1 1086 4
13 13 195 1
2 2 372 9
17 7 145 3
17 17 145 1
19 19 703 3
4 4 425 1
5 5 1008 3
10 1 810 2
10 10 810 2
11 11 639 3
14 3 582 4
14 14 582 15
2 14 150 13
2 2 150 5
5 5 1109 1
11 11 716 1
16 9 102 11
16 16 102 9
3 3 352 3
7 19 280 5
7 7 280 4
17 4 1304 2
17 17 1304 4
7 9 425 13
7 7 425 1
14 17 787 11
14 14 787 7
18 18 1198 1
16 7 915 12
16 16 915 2
18 11 1217 12
18 18 1217 2
3 3 687 3
4 11 1148 14
4 4 1148 2
16 8 1406 11
16 16 1406 6
15 19 576 5
15 15 576 6
16 16 546 6
0 5 423 11
0 0 423 2
3 4 828 12
3 3 828 5
6 2 141 14
6 6 141 1
15 5 753 2
15 15 753 7
2 1 1232 2
2 2 1232 3
7 8 877 8
7 7 877 2
12 17 645 3
12 12 645 4
15 3 358 9
15 15 358 9
2 13 1091 1
2 2 1091 4
7 9 898 6
7 7 898 2
18 11 473 12
18 18 473 7
0 0 884 1
5 5 237 13
17 17 535 1
15 15 4 21
0 14 995 10
0 0 995 2
14 14 213 3
11 11 1031 2
5 5 399 6
13 8 948 2
13 13 948 8
19 9 287 8
19 19 287 4
4 3 73 3
4 4 73 1
14 14 486 1
17 17 450 4
0 15 688 12
0 0 688 1
6 6 1110 6
14 14 401 6
7 12 1124 2
7 7 1124 7
15 5 1373 4
15 15 1373 7
18 6 703 11
18 18 703 11
2 3 344 8
2 2 344 1
5 15 579 3
5 5 579 1
3 3 190 3
4 9 397 13
4 4 397 2
15 11 1139 8
15 15 1139 4
14 0 546 10
14 14 546 3
1 5 385 14
1 1 385 7
18 11 609 7
18 18 609 5
9 9 1124 2
9 9 1378 6
12 12 7 3
1 1 306 1
2 2 1005 1
11 11 889 5
15 15 785 17
16 5 209 5
16 16 209 2
3 3 493 1
8 9 1217 12
8 8 1217 4
7 18 397 11
7 7 397 4
16 16 864 1
3 19 634 2
3 3 634 2
12 12 500 3
16 15 1023 10
16 16 1023 7
0 5 276 10
0 0 276 2
1 18 77 3
1 1 77 1
11 11 180 8
2 4 1285 13
2 2 1285 3
2 2 593 10
6 6 105 1
10 10 100 7
12 12 730 1
17 17 832 5
15 15 725 2
17 17 977 19
18 17 426 3
18 18 426 3
7 10 998 12
7 7 998 12
12 12 824 9
8 8 379 9
0 2 460 8
0 0 460 18
19 19 93 1
4 15 783 2
4 4 783 7
11 11 1053 4
13 13 583 1
12 12 1054 1
8 2 89 13
8 8 89 11
1 1 944 2
0 16 749 8
0 0 749 2
4 8 45 4
4 4 45 8
13 13 809 6
19 19 537 1
1 19 1126 8
1 1 1126 2
10 19 896 7
10 10 896 11
14 17 284 13
14 14 284 9
10 1 787 8
10 10 787 1
15 11 1062 10
15 15 1062 1
18 19 562 9
18 18 562 4
5 1 1052 9
5 5 1052 3
16 16 31 3
14 14 574 1
1 18 493 8
1 1 493 4
18 18 581 2
6 6 638 1
5 5 857 13
9 18 1182 2
9 9 1182 3
14 16 1173 13
14 14 1173 6
17 17 1367 4
7 10 352 3
7 7 352 9
15 10 885 8
15 15 885 8
3 8 457 9
3 3 457 6
7 7 497 21
0 15 321 7
0 0 321 3
17 3 1026 6
17 17 1026 2
15 15 523 5
18 19 1033 13
18 18 1033 2
8 7 987 9
8 8 987 2
16 4 1350 8
16 16 1350 2
2 3 565 1
2 2 565 6
6 6 85 3
11 18 289 11
11 11 289 2
12 0 766 13
12 12 766 5
0 1 30 10
0 0 30 1
6 7 484 10
6 6 484 1
6 9 1338 13
6 6 1338 2
11 11 446 5
2 2 1035 1
9 9 209 2
12 12 988 4
15 12 463 3
15 15 463 2
3 3 1187 1
13 13 538 2
15 15 124 4
19 19 121 1
1 1 1414 5
4 17 995 1
4 4 995 3
13 13 619 3
18 18 195 3
6 3 1276 5
6 6 1276 1
3 9 1345 2
3 3 1345 2
0 10 713 2
0 0 713 4
1 7 1184 9
1 1 1184 5
6 6 1167 1
7 7 1422 1
12 18 1376 14
12 12 1376 3
18 0 997 9
18 18 997 1
0 10 1400 8
0 0 1400 1
19 19 452 2
1 1 1233 1
6 6 1054 7
9 9 766 1
7 10 1055 7
7 7 1055 4
10 0 1281 5
10 10 1281 1
15 15 1380 2
14 9 329 7
14 14 329 2
0 0 1303 7
1 1 1090 2
17 0 180 3
17 17 180 13
18 14 647 10
18 18 647 2
2 5 256 2
2 2 256 8
3 3 105 3
8 18 1373 6
8 8 1373 2
15 15 1082 10
18 18 534 1
2 5 34 9
2 2 34 7
6 16 602 12
6 6 602 4
10 14 617 13
10 10 617 6
12 8 207 1
12 12 207 4
6 8 1013 1
6 6 1013 2
7 9 324 12
7 7 324 1
14 14 820 6
12 12 301 4
1 5 4 13
1 1 4 8
3 3 690 20
17 17 895 2
0 5 75 5
0 0 75 6
2 2 537 2
8 8 582 3
4 6 1215 9
4 4 1215 23
4 0 530 5
4 4 530 5
4 4 1358 9
11 9 474 6
11 11 474 5
8 8 676 2
6 6 339 1
16 16 1247 1
15 13 35 9
15 15 35 1
18 1 261 3
18 18 261 2
5 5 25 1
8 8 307 4
12 6 1111 5
12 12 1111 5
0 0 951 8
15 15 193 5
18 9 39 3
18 18 39 2
9 9 824 3
12 0 1205 1
12 12 1205 4
18 10 950 11
18 18 950 1
1 6 1164 3
1 1 1164 2
10 15 1362 9
10 10 1362 1
12 12 1284 5
2 2 450 10
5 5 733 6
13 13 194 1
14 15 293 14
14 14 293 1
10 10 1204 7
18 5 747 7
18 18 747 1
4 4 426 10
18 17 634 8
18 18 634 9
5 16 768 2
5 5 768 5
13 4 309 7
13 13 309 4
2 17 6 14
2 2 6 2
3 4 355 5
3 3 355 12
19 19 1337 2
18 0 1308 2
18 18 1308 6
5 5 1398 7
6 15 977 13
6 6 977 3
18 18 1199 10
2 2 808 16
10 17 367 2
10 10 367 5
12 12 465 1
0 0 265 3
2 15 731 14
2 2 731 5
8 19 772 12
8 8 772 3
6 6 243 2
10 1 254 10
10 10 254 8
4 12 1036 14
4 4 1036 8
12 12 567 2
0 18 87 7
0 0 87 5
4 4 615 4
4 8 1171 5
4 4 1171 2
7 7 876 1
7 7 1021 9
0 11 885 3
0 0 885 1
12 11 996 8
12 12 996 3
15 15 180 3
13 13 947 1
18 7 11 8
18 18 11 1
0 5 514 13
0 0 514 3
4 19 74 14
4 4 74 2
13 0 772 9
13 13 772 7
12 5 1369 10
12 12 1369 5
0 0 689 1
15 15 1293 1
4 4 217 3
10 4 1398 2
10 10 1398 1
13 10 149 8
13 13 149 3
12 2 1320 12
12 12 1320 24
1 18 885 8
1 1 885 7
4 4 360 1
10 4 1005 4
10 10 1005 4
10 1 1241 5
10 10 1241 12
18 18 700 2
2 5 345 5
2 2 345 2
10 10 892 1
11 15 525 10
11 11 525 1
7 7 1268 12
16 3 421 14
16 16 421 2
19 19 1143 2
2 15 123 1
2 2 123 12
19 12 1252 7
19 19 1252 19
10 10 545 2
11 11 888 1
3 3 43 3
16 16 865 6
1 1 211 4
2 8 1427 6
1 0 76 9
1 1 76 1
2 0 703 3
2 2 703 5
16 3 1371 1
16 16 1371 6
3 2 795 13
3 3 795 5
4 17 1248 12
4 4 1248 4
9 9 474 6
12 2 731 5
12 12 731 5
7 14 848 13
7 7 848 4
11 11 405 3
6 14 392 9
6 6 392 4
7 7 993 3
13 13 409 8
15 15 372 3
13 15 757 6
13 13 757 2
17 14 754 2
17 17 754 3
19 9 92 4
19 19 92 1
4 4 776 5
12 5 1055 13
12 12 1055 14
11 11 1133 2
18 18 111 9
6 6 1184 2
8 8 41 1
17 17 429 2
1 3 800 6
1 1 800 4
0 0 669 5
8 8 184 2
18 7 785 6
18 18 785 3
4 4 332 4
7 18 1099 7
7 7 1099 9
16 1 370 6
16 16 370 4
10 5 784 11
10 10 784 3
15 15 1057 2
19 19 758 5
8 8 1329 2
11 10 646 8
11 11 646 4
14 9 575 3
14 14 575 1
6 13 639 7
6 6 639 5
7 3 523 3
7 7 523 4
2 2 974 5
6 6 526 3
8 7 1278 6
8 8 1278 1
17 17 1136 3
8 8 845 17
6 3 808 9
6 6 808 5
2 12 1399 14
2 2 1399 3
3 3 742 2
6 6 187 3
2 9 19 12
2 2 19 8
7 7 150 6
11 11 211 21
2 2 562 3
17 13 803 6
17 17 803 4
0 5 31 9
0 0 31 5
8 14 570 6
8 8 570 10
6 6 485 3
7 15 948 1
7 7 948 1
16 16 1125 1
2 6 1032 7
2 2 1032 2
4 4 718 36
3 3 1045 8
7 1 965 3
7 7 965 3
13 19 648 7
13 13 648 19
4 6 861 2
4 4 861 6
3 1 1186 11
3 3 1186 1
7 10 602 5
7 7 602 3
0 4 940 7
0 0 940 2
1 1 1413 1
8 7 487 6
8 8 487 1
12 14 1027 11
12 12 1027 1
15 15 236 4
18 18 192 3
0 16 603 6
0 0 603 1
19 19 233 1
6 6 1277 10
5 5 454 10
14 14 44 28
17 17 504 7
1 3 1191 3
1 1 1191 1
8 8 197 8
0 1 1401 2
0 0 1401 1
1 13 1232 4
1 1 1232 1
11 11 1399 6
7 17 1054 6
7 7 1054 1
13 13 221 2
5 5 521 3
1 7 558 11
1 1 558 2
18 18 644 1
6 16 1337 5
6 6 1337 1
10 10 820 4
18 6 535 3
18 18 535 2
2 2 176 17
10 10 647 3
1 1 456 3
10 2 534 7
10 10 534 3
17 17 1330 7
5 5 1297 2
10 10 505 3
12 12 351 17
16 10 794 13
16 16 794 7
0 0 302 7
1 1 27 2
8 12 873 1
8 8 873 2
11 11 110 8
14 4 1283 8
14 14 1283 1
2 11 615 12
2 2 615 1
8 1 1016 12
8 8 1016 6
3 11 851 7
3 3 851 5
0 0 251 14
16 1 1089 10
16 16 1089 7
17 17 920 9
3 0 1137 9
3 3 1137 7
4 0 817 9
4 4 817 4
5 1 24 10
5 5 24 1
11 11 1060 3
14 15 153 7
14 14 153 9
19 19 261 3
8 8 18 9
13 13 799 2
14 19 8 12
14 14 8 1
1 1 1023 5
18 1 951 4
18 18 951 8
19 19 370 3
9 9 648 38
10 10 1363 8
9 0 537 7
9 9 537 10
16 16 299 6
18 16 857 8
18 18 857 12
14 16 725 10
14 14 725 3
0 16 1123 2
0 0 1123 3
16 16 457 6
0 0 1042 4
19 19 814 19
5 5 1107 2
19 19 1227 5
1 7 468 13
1 1 468 5
0 0 1153 1
6 1 583 4
6 6 583 14
9 9 1237 11
17 6 1310 9
17 17 1310 7
1 1 325 8
6 3 865 6
6 6 865 6
12 12 466 1
17 10 1080 7
17 17 1080 26
16 13 917 2
16 16 917 9
1 10 103 4
1 1 103 4
4 3 1150 11
4 4 1150 1
12 12 417 2
7 7 222 3
8 9 611 13
8 8 611 9
7 12 879 7
7 7 879 1
8 11 754 14
8 8 754 9
18 6 471 3
18 18 471 2
0 6 886 5
0 0 886 1
8 11 321 5
8 8 321 3
18 0 358 4
18 18 358 1
0 0 997 2
19 19 67 21
3 3 1274 4
8 18 464 4
8 8 464 1
13 13 545 6
17 17 678 2
15 15 183 2
11 11 1088 5
12 12 1227 9
18 12 8 2
18 18 8 3
11 1 1233 14
11 11 1233 16
17 17 448 2
0 7 690 9
0 0 690 11
10 10 1399 6
15 1 1326 4
15 15 1326 3
14 14 407 6
17 6 81 2
17 17 81 8
18 7 810 7
18 18 810 5
2 9 423 12
2 2 423 1
4 1 361 3
4 4 361 15
10 10 893 3
13 13 118 7
2 2 201 7
3 3 160 5
4 10 399 2
4 4 399 1
9 9 1303 2
2 1 120 9
2 2 120 3
9 9 1351 4
6 7 656 1
6 6 656 4
10 10 607 5
12 0 1 5
12 12 1 2
14 18 979 1
14 14 979 4
6 8 547 6
6 6 547 9
14 14 1070 6
16 7 211 14
16 16 211 8
19 19 1364 32
18 9 1281 7
18 18 1281 5
0 16 359 5
0 0 359 3
2 2 781 8
3 3 636 10
17 17 1060 4
16 19 1009 12
16 16 1009 14
0 0 278 9
10 10 147 5
8 8 944 3
6 6 111 5
15 15 727 1
0 17 52 4
0 0 52 2
3 12 939 2
3 3 939 1
9 9 298 16
11 11 404 1
12 7 683 3
12 12 683 3
4 4 1287 4
11 11 485 4
3 5 1097 12
3 3 1097 1
6 3 280 4
6 6 280 20
9 11 4 5
9 9 4 13
7 7 625 10
13 13 756 1
17 2 753 7
17 17 753 1
18 4 330 8
18 18 330 1
0 2 961 3
0 0 961 1
5 5 80 4
13 13 581 2
12 11 1048 5
12 12 1048 2
17 17 642 6
15 10 139 8
15 15 139 10
1 17 1321 9
1 1 1321 6
9 9 998 8
12 11 1263 3
12 12 1263 6
0 18 751 6
0 0 751 2
8 0 42 1
8 8 42 1
14 14 448 7
18 18 1023 3
19 19 426 6
1 13 1227 3
1 1 1227 1
7 1 1077 13
7 7 1077 1
2 8 395 2
2 2 395 4
17 7 206 3
17 17 206 2
6 6 1362 7
18 18 579 2
0 3 1242 9
0 0 1242 2
8 8 1409 3
6 9 636 12
6 6 636 2
10 10 627 4
14 6 1179 7
14 14 1179 2
17 17 1365 2
16 16 160 3
5 10 1340 3
5 5 1340 11
10 6 450 1
10 10 450 7
9 9 1261 5
14 8 862 1
14 14 862 1
18 15 1381 1
18 18 1381 1
8 8 1279 3
9 9 1150 16
17 10 1143 10
17 17 1143 5
16 16 846 12
18 8 1268 14
18 18 1268 7
7 6 0 1
7 7 0 13
10 14 292 13
10 10 292 1
17 17 1024 2
8 3 989 8
8 8 989 1
7 8 145 14
7 7 145 3
0 0 97 4
8 4 940 12
8 8 940 3
11 12 291 10
11 11 291 5
16 9 763 4
16 16 763 3
4 10 568 7
4 4 568 17
6 6 474 6
16 16 1126 4
6 16 373 14
6 6 373 1
19 11 10 2
19 19 10 3
8 8 281 3
13 18 536 12
13 13 536 2
12 12 941 8
4 6 1005 10
4 4 1005 4
3 3 1330 7
8 8 488 4
0 0 604 3
3 18 1347 1
3 3 1347 12
8 8 119 2
17 17 511 7
18 18 80 14
1 1 1190 1
6 6 1165 2
5 5 342 5
7 11 1416 7
7 7 1416 5
17 17 392 12
1 13 771 11
1 1 771 5
0 0 1402 1
19 19 454 6
6 16 1052 6
6 6 1052 1
10 16 979 4
10 10 979 1
15 15 1382 2
14 5 335 5
14 14 335 7
2 12 367 1
2 2 367 5
5 3 520 8
5 5 520 1
7 7 1198 7
10 4 1182 6
10 10 1182 1
14 0 766 13
14 14 766 5
18 4 645 8
18 18 645 1
8 6 1375 7
8 8 1375 7
5 2 921 5
5 5 921 3
0 0 1079 1
3 3 248 6
16 19 125 9
16 16 125 9
0 0 85 2
13 13 352 5
1 1 376 9
2 6 979 4
2 2 979 10
3 3 406 2
6 7 1003 14
6 6 1003 6
9 0 1033 9
9 9 1033 3
14 14 826 1
18 6 1353 9
18 18 1353 10
3 3 551 1
8 14 1179 14
8 8 1179 2
16 16 938 1
1 18 26 3
1 1 26 1
17 17 1260 6
0 17 478 11
0 0 478 4
7 19 245 11
7 7 245 1
10 10 171 5
8 10 678 13
8 8 678 3
5 7 1079 10
5 5 1079 7
0 0 905 3
8 8 388 9
11 11 1063 9
7 19 718 8
7 7 718 4
18 2 37 12
18 18 37 1
19 14 260 1
19 19 260 1
1 17 1297 1
1 1 1297 9
14 10 9 3
14 14 9 6
17 17 475 1
1 10 1022 1
1 1 1022 1
19 19 373 5
4 4 231 10
10 10 1360 2
14 14 440 4
17 17 116 8
19 19 482 3
10 10 1315 5
12 17 1429 1
12 12 1429 1
5 6 620 10
5 5 620 21
7 7 1170 6
13 13 81 6
5 5 1021 5
10 10 1029 3
18 18 632 2
2 9 149 9
2 2 149 1
10 10 696 4
9 9 1355 2
0 0 1154 6
10 6 523 14
10 10 523 3
11 11 862 5
17 17 1309 1
15 15 830 5
19 19 1339 9
2 2 951 13
6 6 983 1
7 16 426 8
7 7 426 5
11 11 943 4
12 12 467 4
2 13 1421 10
2 2 1421 3
2 3 729 13
2 2 729 2
3 12 656 10
3 3 656 8
4 4 1151 1
7 0 72 11
7 7 72 3
3 3 801 5
15 2 355 9
15 15 355 1
9 9 158 3
18 18 468 3
0 8 887 7
0 0 887 6
5 5 234 3
18 15 359 12
18 18 359 11
4 3 790 11
4 4 790 11
8 8 465 1
13 4 1292 12
13 13 1292 5
5 13 396 12
5 5 396 3
12 8 1220 5
12 12 1220 7
1 18 937 14
1 1 937 3
12 12 227 4
8 5 15 4
8 8 15 1
11 11 1232 1
17 17 455 9
18 18 920 11
6 6 1109 1
2 2 420 1
1 1 1055 6
10 10 1003 2
10 5 1223 4
10 10 1223 8
17 17 225 5
2 2 343 1
5 5 1172 5
4 16 505 5
4 4 505 2
16 16 423 1
1 3 533 11
1 1 533 3
5 3 1061 9
5 5 1061 3
9 9 1302 1
19 19 1145 1
4 13 72 9
4 4 72 1
3 3 494 11
15 0 899 6
15 15 899 6
0 8 376 3
0 0 376 14
7 15 31 1
7 7 31 20
12 3 503 6
12 12 503 4
7 8 172 7
7 7 172 3
11 11 169 5
16 9 513 7
16 16 513 2
0 0 390 6
7 7 829 19
11 1 262 7
11 11 262 8
17 17 837 8
3 0 938 7
3 3 938 1
8 1 512 6
8 8 512 5
14 12 458 9
14 14 458 13
18 18 425 1
8 0 751 2
8 8 751 3
16 16 1162 1
15 10 500 5
15 15 500 4
13 11 755 13
13 13 755 1
17 17 752 1
18 5 331 10
18 18 331 15
0 10 962 8
0 0 962 7
19 19 94 3
8 10 461 6
8 8 461 2
11 19 1135 10
11 11 1135 4
1 15 949 14
1 1 949 6
1 12 1369 11
1 1 1369 3
5 5 369 4
8 8 43 6
0 0 436 2
8 7 186 10
8 8 186 11
13 18 183 4
13 13 183 7
14 14 368 7
1 2 855 13
1 1 855 8
19 19 538 6
10 3 1275 8
10 10 1275 6
13 12 8 2
13 13 8 9
17 17 205 1
15 18 1059 1
15 15 1059 1
16 16 387 1
19 19 1060 17
1 1 625 4
0 8 1068 10
0 0 1068 11
3 14 159 10
3 3 159 1
8 0 1331 9
8 8 1331 5
10 12 737 14
10 10 737 5
18 18 576 1
19 19 873 2
5 2 838 10
5 5 838 11
11 11 777 20
14 14 1035 2
14 3 863 13
14 14 863 15
10 10 338 16
0 14 324 7
0 0 324 4
3 14 603 9
3 3 603 1
10 18 293 10
10 10 293 11
11 11 68 2
17 2 1031 3
17 17 1031 10
2 18 1397 7
2 2 1397 2
2 10 641 6
2 2 641 8
3 5 744 8
3 3 744 2
8 11 990 13
8 8 990 1
15 5 645 11
15 15 645 8
16 16 621 1
17 7 801 1
17 17 801 2
15 15 298 4
3 3 902 2
7 7 950 4
0 17 128 6
0 0 128 5
6 5 362 7
6 6 362 6
13 13 646 2
17 17 579 3
19 7 13 7
19 19 13 1
3 3 1188 6
15 15 121 3
18 1 175 13
18 18 175 6
0 0 942 2
19 19 122 11
5 12 435 6
5 5 435 1
11 11 1082 6
9 9 769 6
1 1 1189 1
5 5 341 1
12 5 1379 12
12 12 1379 1
0 7 1403 12
0 0 1403 3
6 11 1053 4
6 6 1053 1
10 15 976 1
10 10 976 1
9 9 739 16
10 0 1292 11
10 10 1292 11
1 1 691 4
2 2 364 1
10 9 931 5
10 10 931 7
7 7 1193 4
10 10 1183 18
13 13 44 9
11 16 599 13
11 11 599 3
14 16 622 4
14 14 622 3
0 19 1032 12
0 0 1032 8
8 10 1327 4
8 8 1327 2
6 10 718 13
6 6 718 2
10 7 645 9
10 10 645 2
12 19 123 10
12 12 123 3
0 10 1191 13
0 0 1191 4
3 19 264 14
3 3 264 9
10 4 532 11
10 10 532 2
9 7 1215 6
9 9 1215 4
12 14 202 11
12 12 202 2
9 9 1032 1
12 12 345 4
15 15 842 4
14 17 827 10
14 14 827 4
6 16 891 4
6 6 891 11
12 12 296 1
17 7 1106 13
17 17 1106 3
15 15 1019 4
16 10 939 1
16 16 939 5
8 17 875 9
8 8 875 5
18 9 1128 11
18 18 1128 1
10 6 168 12
10 10 168 3
2 3 1224 8
2 2 1224 1
8 0 585 12
8 8 585 3
6 8 52 4
6 6 52 11
16 6 728 5
16 16 728 7
3 3 994 3
11 11 479 2
4 9 684 2
4 4 684 1
12 18 963 14
12 12 963 1
18 7 147 3
18 18 147 4
17 11 329 2
17 17 329 9
4 12 81 11
4 4 81 2
4 4 224 2
18 18 964 4
0 0 1351 4
19 19 485 4
1 5 1074 12
1 1 1074 7
12 12 1430 5
4 18 262 6
4 4 262 7
10 0 1203 9
10 10 1203 1
10 10 726 4
11 11 627 3
13 18 417 8
13 13 417 6
5 5 1105 2
6 3 682 8
6 6 682 7
14 14 1185 4
13 13 306 3
7 9 276 5
7 7 276 4
17 17 1308 1
15 15 825 5
1 19 347 11
1 1 347 6
2 3 948 7
2 2 948 3
6 6 980 3
1 5 244 6
1 1 244 8
6 0 871 13
6 6 871 3
15 2 969 5
15 15 969 1
0 4 268 3
0 0 268 2
1 6 101 4
1 1 101 2
18 0 1085 2
18 18 1085 4
8 4 775 1
8 8 775 1
7 7 75 10
12 16 419 4
12 12 419 15
18 13 1100 9
18 18 1100 1
3 3 800 1
8 3 918 14
8 8 918 4
6 6 129 5
12 15 562 10
12 12 562 1
4 13 610 9
4 4 610 2
3 13 945 2
3 3 945 3
17 10 1001 2
17 17 1001 8
2 2 1119 3
6 2 419 1
6 6 419 5
12 12 784 1
7 18 527 11
7 7 527 1
12 19 999 4
12 12 999 7
15 12 0 7
15 15 0 4
18 8 356 1
18 18 356 2
0 0 999 7
8 8 466 6
14 11 200 5
14 14 200 4
15 15 177 3
14 14 123 5
0 11 517 9
0 0 517 1
19 19 291 10
1 4 1404 10
1 1 1404 6
4 11 53 9
4 4 53 4
12 17 1364 7
12 12 1364 5
17 4 454 5
17 17 454 1
9 15 756 14
9 9 756 7
8 8 159 6
2 19 421 4
2 2 421 2
10 10 1000 3
15 15 1369 2
1 11 763 2
1 1 763 2
18 0 699 12
18 18 699 1
5 2 591 14
5 5 591 19
11 11 526 3
7 3 1265 9
7 7 1265 2
10 10 1111 2
16 19 408 13
16 16 408 13
14 13 695 12
14 14 695 3
18 15 714 13
18 18 714 13
6 19 1287 13
6 6 1287 3
10 5 1062 10
10 10 1062 10
18 18 605 4
12 3 3 7
12 12 3 1
7 6 376 8
7 7 376 2
18 18 1407 1
8 5 1221 5
8 8 1221 4
6 2 944 3
6 6 944 1
18 9 1166 10
18 18 1166 6
2 7 1390 1
2 2 1390 3
7 9 175 7
7 7 175 2
17 16 1195 12
17 17 1195 15
2 0 1200 7
2 2 1200 6
3 9 941 8
3 3 941 4
8 0 656 13
8 8 656 6
6 16 399 1
6 6 399 1
16 9 1163 3
16 16 1163 9
17 7 614 11
17 17 614 24
18 15 313 5
18 18 313 3
0 8 852 10
0 0 852 1
12 12 907 2
17 16 759 4
17 17 759 2
15 15 100 6
19 19 97 6
7 16 640 14
7 7 640 14
12 12 1050 4
15 2 149 11
15 15 149 11
18 0 219 14
18 18 219 5
1 1 1327 3
0 11 133 4
0 0 133 1
14 13 87 3
14 14 87 4
0 14 656 12
0 0 656 13
5 5 641 5
7 7 1079 1
15 15 1292 1
5 13 530 12
5 5 530 5
9 19 599 4
9 9 599 3
14 14 736 18
2 13 312 2
2 2 312 6
10 10 799 6
10 10 1099 8
13 13 408 1
16 8 388 11
16 16 388 5
19 19 763 3
11 11 699 6
15 6 1107 3
15 15 1107 2
18 18 577 2
0 15 1244 3
0 0 1244 2
3 2 303 5
3 3 303 3
6 16 626 3
6 6 626 4
10 18 448 1
10 10 448 2
11 11 921 6
12 12 182 20
18 18 1379 2
6 12 924 9
6 6 924 5
7 7 493 1
2 2 751 9
3 3 602 1
8 15 880 2
8 8 880 4
16 5 1323 7
16 16 1323 11
15 15 535 3
16 16 991 4
0 1 500 12
0 0 500 4
9 6 1200 1
9 9 1200 1
8 8 991 2
6 1 190 14
6 6 190 4
17 17 1175 3
16 11 622 13
16 16 622 4
9 5 507 14
9 9 507 10
7 9 800 12
7 7 800 2
12 1 762 3
12 12 762 4
15 8 309 4
15 15 309 9
7 7 945 3
18 13 394 9
18 18 394 11
13 13 645 1
0 3 816 8
0 0 816 1
4 6 856 2
4 4 856 1
17 1 723 5
17 17 723 5
15 1 120 3
15 15 120 1
5 5 434 1
3 3 189 1
14 14 128 1
15 15 233 1
19 16 234 10
19 19 234 3
5 5 451 3
8 8 121 21
11 11 1162 4
12 12 1165 9
1 1 912 9
0 7 717 5
0 0 717 3
5 5 340 1
10 4 977 9
10 10 977 2
7 15 1051 12
7 7 1051 2
13 13 218 3
2 5 365 8
2 2 365 2
10 10 928 1
10 10 1180 1
18 16 643 10
18 18 643 1
6 5 1340 14
6 6 1340 1
14 4 542 12
14 14 542 1
19 0 1200 12
19 19 1200 8
0 11 1208 1
0 0 1208 1
4 4 71 1
6 6 606 1
14 0 1141 12
14 14 1141 3
18 5 1332 3
18 18 1332 6
19 19 1013 8
3 3 408 12
8 9 1038 7
8 8 1038 1
10 19 484 6
10 10 484 4
2 16 832 9
2 2 832 6
6 6 1186 1
8 15 1181 5
8 8 1181 2
11 11 18 17
12 12 297 1
15 19 1018 5
15 15 1018 1
18 16 1129 6
18 18 1129 6
4 4 1044 2
2 0 1225 12
2 2 1225 7
2 16 533 12
2 2 533 4
13 9 1203 9
13 13 1203 27
3 3 997 9
18 15 494 10
18 18 494 1
4 15 685 2
4 4 685 7
7 19 554 14
7 7 554 6
19 3 40 6
19 19 40 2
8 8 311 2
7 7 699 1
17 5 703 12
17 17 703 2
14 1 1309 3
14 14 1309 14
3 11 1296 13
3 3 1296 8
7 10 712 14
7 7 712 6
15 15 205 1
18 3 35 8
18 18 35 2
0 0 570 1
9 9 828 13
14 1 15 14
14 14 15 14
17 17 473 2
1 14 1020 13
1 1 1020 2
8 15 228 1
8 8 228 2
10 6 1374 11
10 10 1374 9
14 2 446 4
14 14 446 2
1 17 877 1
1 1 877 3
1 14 1073 13
1 1 1073 1
7 7 1164 6
14 19 728 10
14 14 728 8
0 9 1126 4
0 0 1126 11
19 17 706 7
19 19 706 3
18 18 630 1
10 10 678 1
12 8 24 3
12 12 24 8
12 12 1412 1
2 2 2 1
6 15 570 3
6 6 570 13
17 11 1299 1
17 17 1299 5
7 19 420 12
7 7 420 5
18 7 1195 3
18 18 1195 3
4 18 500 6
4 4 500 5
11 13 62 9
11 11 62 6
15 15 990 5
8 0 776 1
8 8 776 22
16 18 1395 13
16 16 1395 11
18 18 1101 5
6 6 134 3
0 6 228 3
0 0 228 1
12 10 563 2
12 12 563 1
15 13 764 8
15 15 764 3
0 0 43 9
4 3 1183 5
4 4 1183 5
7 12 872 6
7 7 872 4
11 11 365 13
0 11 218 14
0 0 218 4
4 4 754 1
6 3 416 4
6 6 416 3
7 7 1017 4
11 18 506 1
11 11 506 19
12 5 785 6
12 12 785 1
15 11 402 2
15 15 402 6
4 13 641 4
4 4 641 1
8 0 324 4
8 8 324 8
12 13 992 13
12 12 992 2
0 8 1016 13
0 0 1016 4
0 10 919 1
0 0 919 7
4 7 935 4
4 4 935 1
11 11 1093 2
14 14 120 3
0 0 518 10
1 1 1395 2
8 8 49 7
1 1 1260 7
4 17 197 8
4 4 197 1
3 12 254 8
3 3 254 10
4 4 340 8
14 9 1253 13
14 14 1253 8
14 14 261 3
4 4 507 5
19 16 1034 2
19 19 1034 9
0 0 1090 5
3 8 165 10
3 3 165 11
10 10 715 6
11 11 670 8
3 19 306 3
3 3 306 5
6 8 663 8
6 6 663 8
2 2 65 3
15 15 1263 3
2 2 998 7
8 8 1143 9
14 2 833 7
14 14 833 4
18 3 1404 8
18 18 1404 3
6 16 945 9
6 6 945 9
9 15 1095 4
9 9 1095 1
1 1 215 9
2 18 699 4
2 2 699 4
10 10 158 4
12 17 576 3
12 12 576 2
16 16 515 2
2 12 1310 4
2 2 1310 20
8 8 947 3
4 4 1260 16
11 11 312 7
3 3 940 1
3 11 1085 14
3 3 1085 4
6 15 396 12
6 6 396 3
9 9 184 5
0 0 853 8
3 11 1098 8
3 3 1098 7
18 0 329 11
18 18 329 1
8 1 463 11
8 8 463 1
18 10 216 12
18 18 216 3
11 11 1121 2
17 18 272 10
17 17 272 7
4 11 42 9
4 4 42 2
9 9 884 7
13 13 804 5
14 14 455 1
1 1 804 4
7 18 1078 5
7 7 1078 1
1 19 853 4
1 1 853 2
16 3 374 7
16 16 374 13
18 16 668 8
18 18 668 1
6 7 1361 3
6 6 1361 1
15 2 1069 1
15 15 1069 3
14 7 656 5
14 14 656 1
19 19 875 3
8 2 1412 14
8 8 1412 3
10 10 638 7
12 19 32 10
12 12 32 2
16 5 163 4
16 16 163 1
14 14 1033 2
14 14 861 1
1 1 130 2
5 5 1354 23
7 3 492 1
7 7 492 1
12 2 262 2
12 12 262 1
10 4 291 2
10 10 291 1
11 11 70 4
14 16 1323 11
14 14 1323 5
2 12 1395 1
2 2 1395 2
18 9 1026 10
18 18 1026 7
2 10 671 7
2 2 671 2
3 4 746 8
3 3 746 10
10 10 178 11
14 14 490 11
8 8 943 1
6 6 78 5
17 17 807 1
13 13 1166 26
16 15 766 1
16 16 766 4
3 10 904 3
3 3 904 4
4 11 1367 5
4 4 1367 3
9 4 331 9
9 9 331 5
16 16 1113 6
4 4 714 4
8 8 653 1
18 18 282 16
0 14 817 9
0 0 817 5
4 12 857 8
4 4 857 4
8 8 284 7
18 14 173 12
18 18 173 2
12 16 1087 9
12 12 1087 6
0 0 607 1
19 19 237 1
9 18 775 13
9 9 775 3
6 12 1152 9
6 6 1152 1
11 11 1306 3
14 6 419 7
14 14 419 14
10 1 990 5
10 10 990 2
7 7 1050 1
10 10 1290 2
17 17 30 5
19 19 568 3
10 10 929 2
10 10 1181 1
15 12 1424 2
3 1 108 14
3 3 108 2
8 8 1346 13
6 1 1341 11
6 6 1341 10
5 5 902 5
19 19 790 7
5 5 791 4
11 11 678 4
14 14 543 3
1 1 460 8
4 8 1242 12
4 4 1242 6
0 19 1209 13
0 0 1209 3
19 19 903 3
6 6 607 2
9 9 1213 2
14 11 910 11
14 14 910 3
2 13 942 14
2 2 942 2
8 10 1039 8
8 8 1039 30
18 18 1348 5
3 3 552 14
7 4 464 9
7 7 464 12
10 19 372 6
10 10 372 4
12 13 298 8
12 12 298 3
12 12 441 11
18 18 1126 2
2 2 611 4
3 3 710 5
7 7 246 17
12 14 520 9
12 12 520 9
17 8 882 6
17 17 882 2
15 13 667 5
15 15 667 10
0 3 64 13
0 0 64 10
4 4 1188 17
0 19 242 14
0 0 242 1
13 13 1202 1
4 4 543 2
9 18 359 14
9 9 359 5
12 12 878 1
18 10 495 5
18 18 495 6
8 3 681 1
8 8 681 3
6 12 340 11
6 6 340 7
0 14 797 10
0 0 797 5
12 0 1100 12
12 12 1100 11
0 0 908 1
5 5 405 15
18 4 32 2
18 18 32 3
0 13 571 12
0 0 571 5
4 4 83 7
17 11 472 7
17 17 472 1
18 16 947 1
18 18 947 3
4 4 226 2
2 5 479 6
2 2 479 6
10 10 1010 12
13 13 253 7
2 2 334 9
19 19 596 4
6 6 1422 1
5 5 617 3
10 5 1201 10
10 10 1201 2
19 19 709 10
15 15 1125 5
18 8 631 14
18 18 631 1
0 7 1046 7
0 0 1046 8
10 17 679 10
10 10 679 1
15 3 1162 9
15 15 1162 5
2 5 3 9
2 2 3 3
8 19 1116 5
8 8 1116 4
17 4 1298 14
17 17 1298 1
6 6 970 7
9 9 1066 29
3 18 516 11
3 3 516 9
15 1 985 5
15 15 985 5
0 8 270 14
0 0 270 1
1 1 123 2
18 18 1083 2
11 11 142 5
15 15 767 1
4 9 755 14
4 4 755 14
12 19 786 13
12 12 786 31
15 8 413 6
15 15 413 2
0 2 842 2
0 0 842 4
4 4 642 8
3 16 1105 8
3 3 1105 1
7 19 521 5
7 7 521 2
18 18 354 2
3 9 1278 5
3 3 1278 3
7 7 670 3
4 19 928 14
4 4 928 7
8 8 419 2
5 5 282 4
18 18 919 1
4 2 198 12
4 4 198 1
9 3 569 8
9 9 569 9
7 8 1122 10
7 7 1122 2
10 10 1218 5
15 15 1371 2
17 17 230 2
3 3 23 4
7 0 1267 10
7 7 1267 1
10 18 1109 1
10 10 1109 2
5 15 1058 4
5 5 1058 3
10 15 1060 3
10 10 1060 2
19 19 1146 54
2 19 116 5
2 2 116 4
6 6 660 3
14 12 983 11
14 14 983 3
7 8 378 10
7 7 378 8
7 3 395 13
7 7 395 2
11 0 93 8
11 11 93 7
12 12 498 1
15 15 573 3
18 15 1055 2
18 18 1055 5
16 10 1360 3
16 16 1360 2
2 6 555 1
2 2 555 7
6 8 99 13
6 6 99 1
9 9 191 4
17 17 757 2
13 13 1325 2
5 5 493 27
12 12 1259 4
17 17 279 3
18 18 104 7
6 6 1189 12
9 3 891 11
9 9 891 4
13 11 803 14
13 13 803 1
4 3 186 7
4 4 186 11
5 15 655 12
5 5 655 1
10 10 1303 12
13 13 180 3
14 17 375 3
14 14 375 11
17 17 49 7
1 1 1144 12
7 1 1094 12
7 7 1094 5
18 18 669 9
19 19 652 3
3 14 115 8
3 3 115 3
14 13 657 10
14 14 657 10
1 7 630 5
1 1 630 2
18 18 556 6
0 16 1246 2
0 0 1246 2
3 7 273 11
3 3 273 7
0 14 81 12
0 0 81 2
13 13 376 22
16 1 164 4
16 16 164 4
19 19 987 16
6 11 515 10
6 6 515 1
7 7 350 2
10 5 462 12
10 10 462 3
14 13 1038 14
14 14 1038 1
19 5 1396 9
19 19 1396 15
1 1 129 1
3 7 463 13
3 3 463 3
10 9 337 2
10 10 337 1
0 12 54 9
0 0 54 5
12 12 263 9
16 11 834 12
16 16 834 7
18 12 1264 5
18 18 1264 4
3 17 604 3
3 3 604 2
6 19 813 1
6 6 813 3
7 7 124 21
17 15 1028 7
17 17 1028 3
15 15 529 6
12 12 613 2
0 0 101 3
8 12 592 3
8 8 592 1
7 7 802 11
2 2 1170 17
3 15 18 7
3 3 18 5
8 8 654 2
9 9 219 2
3 3 77 3
19 5 14 8
19 19 14 3
5 5 47 3
12 8 937 6
12 12 937 2
8 8 492 13
9 9 949 8
7 13 742 5
7 7 742 7
6 16 1270 2
6 6 1270 2
7 8 1399 10
7 7 1399 7
18 3 76 4
18 18 76 4
1 1 1210 2
6 6 1153 5
11 11 1309 35
7 7 1412 2
14 8 416 14
14 14 416 1
18 2 991 14
18 18 991 6
0 0 1406 2
1 11 1067 5
1 1 1067 1
5 5 739 13
7 9 1045 13
7 7 1045 5
13 13 216 2
19 19 571 5
1 6 1092 13
1 1 1092 4
9 3 625 11
9 9 625 3
13 8 267 14
13 13 267 9
14 14 540 2
19 19 902 1
9 9 1212 1
15 15 806 12
8 12 1072 7
8 8 1072 6
15 15 855 8
1 0 237 14
1 1 237 7
2 2 862 1
8 14 1183 2
8 8 1183 1
18 18 1236 9
0 15 1176 6
0 0 1176 3
10 16 196 6
10 10 196 5
14 14 1284 4
2 3 1364 2
2 2 1364 15
4 10 1046 3
4 4 1046 4
8 11 588 14
8 8 588 4
6 12 43 8
6 6 43 2
7 1 774 13
7 7 774 7
10 8 38 5
10 10 38 1
4 1 1332 13
4 4 1332 3
12 19 879 13
12 12 879 1
18 18 492 2
19 19 42 5
8 8 313 2
9 17 64 6
9 9 64 9
0 2 909 10
0 0 909 4
13 11 1397 8
13 13 1397 9
19 13 264 12
19 19 264 14
13 4 1327 11
13 13 1327 8
8 13 230 13
8 8 230 1
14 14 444 2
18 18 963 1
2 14 476 10
2 2 476 3
15 19 1350 3
15 15 1350 4
14 14 303 2
6 3 1423 9
9 1 621 4
9 9 621 3
17 17 138 7
0 10 1144 8
0 0 1144 2
4 4 400 12
10 10 725 1
13 19 478 4
13 13 478 32
19 19 1121 1
6 6 681 1
10 2 676 5
10 10 676 2
12 1 1257 3
12 12 1257 2
15 15 1173 9
14 0 1016 4
14 14 1016 7
14 15 1111 14
14 14 1111 3
16 9 236 13
16 16 236 2
2 2 947 1
16 1 891 5
16 16 891 4
14 0 794 9
14 14 794 5
8 8 1211 3
6 6 858 1
15 12 984 4
15 15 984 1
0 0 271 5
1 14 122 6
1 1 122 1
6 6 245 8
0 0 446 2
2 11 580 11
2 2 580 1
7 7 213 1
11 15 286 3
11 11 286 3
15 2 367 14
15 15 367 4
16 16 711 4
2 12 1114 10
2 2 1114 5
16 16 1186 21
13 13 1062 10
5 5 214 8
6 12 305 14
6 6 305 18
12 12 994 2
17 5 520 6
17 17 520 15
17 17 665 3
11 11 1095 4
1 16 941 3
1 1 941 3
1 10 990 10
1 1 990 5
4 4 199 2
10 10 1392 6
18 4 807 1
18 18 807 3
1 6 1043 1
1 1 1043 3
7 11 1117 4
7 7 1117 2
6 7 1387 7
6 6 1387 2
10 10 870 7
9 9 1417 15
14 14 698 17
1 1 617 8
14 3 549 2
14 14 549 3
11 8 737 3
11 11 737 16
16 10 185 10
16 16 185 6
11 11 894 13
1 6 164 14
1 1 164 4
2 5 919 5
2 2 919 7
3 3 466 15
7 6 394 9
7 7 394 1
11 11 975 1
15 11 911 1
15 15 911 3
16 6 871 7
16 16 871 10
12 1 499 7
12 12 499 1
15 15 572 1
12 12 578 7
16 13 517 1
16 16 517 1
2 18 552 4
2 2 552 3
6 11 96 14
6 6 96 3
12 9 721 8
12 12 721 9
16 5 660 2
16 16 660 12
17 17 970 7
4 4 1292 6
13 16 751 7
13 13 751 4
5 19 91 3
5 5 91 40
11 11 1042 11
8 2 64 1
8 8 64 7
11 1 1123 8
11 11 1123 10
12 5 1252 3
12 12 1252 5
0 6 740 3
0 0 740 2
11 7 1264 1
11 11 1264 2
13 14 179 5
13 13 179 1
10 10 907 6
7 7 1089 5
17 19 193 2
17 17 193 9
19 19 655 4
3 16 114 4
3 3 114 1
4 4 473 2
5 8 928 3
5 5 928 9
13 14 405 9
13 13 405 3
1 12 629 1
1 1 629 1
3 13 131 4
3 3 131 28
14 3 1261 13
14 14 1261 7
6 10 625 9
6 6 625 1
10 4 636 14
10 10 636 2
12 15 34 2
12 12 34 7
15 16 1229 1
15 15 1229 18
14 10 1039 14
14 14 1039 8
15 15 882 3
14 14 803 4
7 7 494 3
9 14 1121 11
9 9 1121 3
15 2 995 3
15 15 995 15
0 16 344 13
0 0 344 5
2 1 746 9
2 2 746 5
10 12 289 7
10 10 289 2
11 15 120 1
11 11 120 6
12 7 407 7
12 12 407 10
17 17 1275 8
15 19 528 10
15 15 528 1
2 2 1393 1
10 1 176 12
10 10 176 2
16 16 609 3
3 7 893 8
3 3 893 6
8 2 593 13
8 8 593 3
16 3 752 8
16 16 752 1
0 13 21 6
0 0 21 8
8 16 544 8
8 8 544 4
15 15 423 6
4 5 692 11
4 4 692 3
18 16 280 5
18 18 280 1
19 19 17 3
15 4 69 8
15 15 69 7
5 17 447 1
5 5 447 4
13 10 612 2
13 13 612 7
14 16 135 14
14 14 135 15
15 15 234 2
18 18 58 8
19 19 239 4
6 6 1158 7
7 7 1415 1
14 14 417 2
6 19 1041 9
6 6 1041 3
10 5 988 11
10 10 988 2
1 18 695 5
1 1 695 18
9 9 624 1
10 1 1179 11
10 10 1179 1
3 7 110 14
3 3 110 4
15 10 1027 2
15 15 1027 6
2 12 138 11
2 2 138 11
10 10 528 1
14 11 1144 4
14 14 1144 4
14 14 908 2
9 9 1036 9
14 14 831 2
18 18 1346 1
2 7 863 1
2 2 863 5
8 12 1152 13
8 8 1152 7
12 16 292 7
12 12 292 4
1 1 29 4
11 11 100 6
2 2 609 2
8 13 1022 12
8 8 1022 2
9 9 395 3
15 17 741 11
15 15 741 4
4 0 228 1
4 4 228 3
10 10 39 2
17 17 769 3
2 17 1143 5
2 2 1143 6
15 15 443 7
4 4 680 4
2 0 1394 8
2 2 1394 1
13 13 1426 5
4 4 1131 17
7 10 692 8
7 7 692 7
18 18 143 4
15 15 206 8
4 12 93 13
4 4 93 5
12 14 1196 11
12 12 1196 9
1 1 1157 7
6 7 1122 9
6 6 1122 3
8 19 231 12
8 8 231 3
10 9 1373 11
10 10 1373 1
1 5 866 4
1 1 866 11
0 12 1371 14
0 0 1371 6
19 6 489 5
19 19 489 1
5 5 710 2
12 12 1426 3
5 5 1211 15
10 10 1215 3
18 9 738 1
18 18 738 9
16 9 463 11
16 16 463 1
14 9 1189 5
14 14 1189 4
6 6 569 1
10 18 564 13
10 10 564 1
11 3 853 5
11 11 853 5
12 4 234 7
12 12 234 6
2 19 944 5
2 2 944 3
3 10 505 12
3 3 505 4
8 16 1069 12
8 8 1069 3
6 6 968 2
6 3 859 7
6 6 859 4
11 11 51 5
2 10 722 9
2 2 722 7
12 12 607 2
17 17 1219 15
16 16 538 4
2 13 581 5
2 2 581 11
8 2 922 8
8 8 922 8
16 10 1044 1
16 16 1044 1
13 13 1236 1
4 15 1321 8
4 4 1321 5
17 16 638 4
17 17 638 4
15 5 415 5
15 15 415 8
3 15 1107 14
3 3 1107 1
6 6 1319 5
14 17 204 8
14 14 204 9
15 15 189 4
8 0 421 11
8 8 421 1
9 9 972 26
12 9 1217 2
12 12 1217 2
17 5 297 8
17 17 297 10
1 1 940 1
9 9 861 6
18 3 917 13
18 18 917 2
6 6 1102 1
9 9 686 13
12 12 1319 1
1 0 1042 12
1 1 1042 1
0 4 1040 10
0 0 1040 2
14 14 264 9
18 18 695 4
5 5 587 4
10 10 1107 2
19 19 739 9
9 13 1305 12
9 9 1305 31
15 14 1147 1
15 15 1147 5
3 3 311 3
11 11 736 1
12 12 63 4
15 9 1256 5
15 15 1256 7
10 7 552 11
10 10 552 11
16 16 201 1
8 8 1225 17
12 5 285 13
12 12 285 5
10 10 157 1
16 16 1362 1
15 15 684 3
16 16 518 5
8 5 950 8
8 8 950 2
7 2 824 6
7 7 824 2
3 0 913 6
3 3 913 15
8 8 517 11
17 11 969 6
17 17 969 1
9 9 189 2
17 0 602 2
17 17 602 4
18 18 309 4
0 16 808 6
0 0 808 1
5 5 90 1
9 9 1236 1
3 11 1389 10
3 3 1389 9
7 7 1293 13
14 14 91 1
1 1 904 4
1 16 1372 14
1 1 1372 7
8 8 208 8
13 17 801 6
13 13 801 2
12 12 1396 16
18 0 1017 4
18 18 1017 6
19 19 432 15
6 7 1066 13
6 6 1066 1
11 11 1344 24
7 7 1075 2
18 14 776 6
18 18 776 9
0 4 1283 9
0 0 1283 1
7 6 1088 14
7 7 1088 1
2 2 308 4
0 9 1057 9
0 0 1057 6
8 8 1336 2
6 6 743 15
14 14 518 11
1 16 485 3
1 1 485 8
8 15 1415 5
8 8 1415 2
6 6 630 4
14 14 1181 4
14 14 945 5
2 13 969 1
2 2 969 5
7 7 344 6
15 1 893 4
15 15 893 6
17 15 1129 10
17 17 1129 7
3 2 606 11
3 3 606 6
8 8 884 1
16 16 979 4
2 17 1358 9
2 2 1358 6
6 6 178 1
12 12 615 12
11 11 345 2
16 16 753 2
7 19 941 3
7 7 941 4
17 17 949 11
13 13 1052 10
2 9 1027 5
2 2 1027 5
8 8 688 12
12 19 980 7
12 12 980 8
17 17 582 3
15 17 471 5
15 15 471 11
18 5 281 1
18 18 281 1
4 18 183 1
4 4 183 3
2 19 1348 7
2 2 1348 3
9 9 42 12
12 1 939 1
12 12 939 2
19 13 238 14
19 19 238 1
11 5 1166 3
11 11 1166 32
7 9 1393 6
7 7 1393 1
12 12 1161 2
4 7 1062 12
4 4 1062 6
0 4 705 5
0 0 705 1
7 18 1414 3
7 7 1414 1
18 8 989 10
18 18 989 2
19 17 460 13
19 19 460 16
11 11 1388 11
10 4 1289 2
10 10 1289 1
10 10 940 7
13 13 39 5
18 8 767 9
18 18 767 2
19 19 682 2
6 3 1328 2
6 6 1328 1
10 10 831 14
1 4 592 8
1 1 592 20
5 13 1144 9
5 5 1144 8
10 10 654 1
14 5 1230 11
14 14 1230 7
0 18 1212 2
0 0 1212 11
10 19 529 8
10 10 529 3
9 3 1186 1
9 9 1186 8
16 16 785 1
1 1 227 1
18 10 1347 4
18 18 1347 1
17 5 1109 5
17 17 1109 4
16 3 928 1
16 16 928 2
18 19 1234 3
18 18 1234 1
7 7 98 17
16 15 1291 1
16 16 1291 6
17 17 1254 2
18 5 1125 5
18 18 1125 1
3 19 715 12
3 3 715 11
15 3 740 1
15 15 740 1
3 5 856 1
3 3 856 2
6 6 41 2
16 16 1065 2
12 12 666 9
13 13 1244 38
12 12 873 1
8 7 684 2
8 8 684 2
12 15 1016 7
12 12 1016 11
8 2 315 4
8 8 315 1
14 12 96 11
14 14 96 7
1 7 1008 13
1 1 1008 10
1 13 1156 10
1 1 1156 1
14 14 386 15
1 17 865 2
1 1 865 1
10 0 1009 2
10 10 1009 1
18 18 848 9
3 15 60 5
3 3 60 16
0 0 1146 4
5 5 1227 14
5 5 999 9
11 6 630 8
11 11 630 3
10 3 1039 14
10 10 1039 4
13 13 476 2
16 12 448 11
16 16 448 3
19 16 1123 2
19 19 1123 11
0 0 1257 1
5 19 1116 6
5 5 1116 14
9 9 1357 13
16 2 95 6
16 16 95 2
19 19 1232 5
2 1 30 12
2 2 30 4
19 19 932 4
10 10 565 3
16 6 238 2
16 16 238 6
18 11 1300 6
18 18 1300 8
12 11 378 13
12 12 378 1
15 15 949 8
18 11 1078 10
18 18 1078 5
6 6 235 5
7 7 70 2
10 10 230 1
15 15 587 9
0 0 432 4
18 18 1097 3
11 18 272 7
11 11 272 6
15 15 760 3
3 3 948 6
7 5 868 14
7 7 868 4
16 9 1045 7
16 16 1045 1
18 1 447 9
18 18 447 1
0 4 222 9
0 0 222 1
4 4 653 6
3 18 1106 5
3 3 1106 1
9 9 17 7
18 0 353 12
18 18 353 1
0 0 1020 1
3 3 1251 3
7 18 667 2
7 7 667 3
3 15 1314 2
3 3 1314 6
15 13 188 6
15 15 188 1
8 1 422 12
8 8 422 3
9 9 1011 2
14 14 169 11
13 13 939 8
18 3 3 5
18 18 3 5
6 10 1103 6
6 6 1103 2
5 5 680 8
14 14 414 2
2 12 446 8
2 2 446 4
1 1 1041 1
4 14 336 6
4 4 336 2
7 7 1119 3
17 8 219 2
17 17 219 6
5 5 1182 9
6 0 1385 4
6 6 1385 2
5 5 586 1
19 19 738 1
1 14 408 9
1 1 408 15
14 6 1158 13
14 14 1158 2
14 0 986 6
14 14 986 10
19 16 960 3
19 19 960 14
6 6 538 9
11 11 880 3
16 16 202 2
14 10 837 13
14 14 837 6
1 1 186 2
14 14 1431 2
15 19 905 4
15 15 905 6
18 5 1163 9
18 18 1163 3
2 2 695 4
7 11 170 10
7 7 170 2
16 16 1363 1
15 15 687 5
4 4 1256 2
9 16 450 7
9 9 450 11
0 11 11 2
0 0 11 10
9 9 339 20
15 15 333 5
18 8 419 6
18 18 419 6
5 5 167 1
6 2 384 3
6 6 384 8
12 12 817 2
0 15 809 10
0 0 809 6
6 12 275 2
6 6 275 1
7 12 622 9
7 7 622 3
15 6 99 12
15 15 99 1
12 12 1047 1
18 12 212 10
18 18 212 1
7 12 1292 3
7 7 1292 1
1 11 911 8
1 1 911 1
18 14 103 6
18 18 103 1
0 0 742 6
5 5 379 6
11 11 1266 34
1 1 824 4
1 9 1228 8
1 1 1228 4
6 6 1067 14
7 7 1074 1
0 13 1284 13
0 0 1284 2
19 19 544 3
9 10 602 13
9 9 602 19
10 10 1253 6
13 1 2 10
13 13 2 6
1 1 730 5
4 3 475 10
4 4 475 20
13 13 403 2
1 2 587 6
1 1 587 5
19 19 766 12
2 0 87 8
2 2 87 12
10 16 634 5
10 10 634 2
17 16 1358 6
17 17 1358 7
14 14 950 1
2 6 966 4
2 2 966 3
14 14 1037 1
1 17 134 4
1 1 134 4
18 18 1372 7
8 8 1254 4
3 3 577 5
8 8 885 1
6 0 800 2
6 6 800 8
7 7 121 2
18 18 1150 13
6 0 179 8
6 6 179 1
10 9 190 1
10 10 190 5
15 12 643 1
15 15 643 2
0 0 120 5
11 11 344 1
12 19 759 7
12 12 759 3
17 5 795 9
17 17 795 3
13 13 1162 4
2 2 1169 1
3 3 908 5
17 4 948 1
17 17 948 1
0 0 134 13
3 3 1053 5
3 3 1194 5
0 16 932 6
0 0 932 4
11 11 1072 2
0 3 595 7
0 0 595 2
0 0 706 1
8 8 205 3
13 13 836 20
10 6 1334 6
10 10 1334 3
14 14 342 2
18 13 877 10
18 18 877 10
2 9 358 6
2 2 358 6
9 6 630 14
9 9 630 2
3 3 80 16
4 5 447 4
4 4 447 2
11 11 589 2
18 18 527 7
6 11 704 12
6 6 704 1
10 1 655 6
10 10 655 2
11 5 730 3
11 11 730 6
15 15 1202 25
16 16 116 2
9 9 1185 1
6 19 994 13
6 6 994 1
11 18 952 7
11 11 952 23
15 19 848 5
15 15 848 7
16 16 786 3
18 12 1344 7
18 18 1344 2
7 13 460 12
7 7 460 2
11 11 9 2
0 13 294 1
0 0 294 8
18 17 1235 8
18 18 1235 1
2 13 716 9
2 2 716 1
10 10 195 1
17 15 1253 10
17 17 1253 1
7 7 242 3
12 10 516 12
12 12 516 1
17 11 886 8
17 17 886 9
6 19 46 3
6 6 46 6
7 12 771 7
7 7 771 3
17 17 775 13
0 0 243 1
4 1 539 13
4 4 539 4
4 10 1335 2
4 4 1335 3
12 12 874 4
13 13 676 10
15 18 42 13
15 15 42 9
19 19 47 2
8 8 316 5
15 15 91 8
6 0 1233 2
6 6 1233 6
5 19 290 1
5 5 290 6
9 1 807 1
9 9 807 5
7 7 1364 13
17 17 476 4
0 3 686 1
0 0 686 2
19 19 378 7
10 12 1371 3
10 10 1371 2
10 2 1022 13
10 10 1022 1
7 7 1146 9
10 8 1322 9
10 10 1322 9
19 19 600 3
16 11 434 12
16 16 434 14
1 13 514 3
1 1 514 2
5 5 1226 1
11 16 617 4
11 11 617 10
15 15 1121 4
19 19 1122 1
18 13 627 2
18 18 627 3
0 0 1258 13
14 17 1023 1
14 14 1023 10
8 8 1088 8
7 15 274 14
7 7 274 2
14 9 1114 12
14 14 1114 1
14 12 878 2
14 14 878 3
7 18 419 10
7 7 419 1
12 2 379 2
12 12 379 12
3 3 1412 6
2 2 801 7
8 3 1214 5
8 8 1214 3
14 11 1396 10
14 14 1396 5
17 17 1072 8
16 14 909 8
16 16 909 6
1 1 127 2
2 3 720 6
2 2 720 1
10 10 231 2
3 3 806 4
7 9 214 7
7 7 214 8
15 15 763 1
16 13 683 7
16 16 683 3
2 2 1190 10
2 12 1426 4
2 2 1426 1
16 1 1046 1
16 16 1046 2
12 12 703 3
18 19 444 10
18 18 444 1
0 0 223 2
0 4 846 8
0 0 846 6
12 12 925 5
0 0 1021 2
8 3 472 9
8 8 472 15
9 9 97 10
4 10 940 7
4 4 940 4
13 13 938 1
12 12 1219 1
13 4 827 5
13 13 827 9
15 7 1334 8
15 15 1334 7
12 1 1313 14
12 12 1313 1
16 16 271 4
17 5 218 5
17 17 218 1
1 1 765 6
3 3 27 1
7 1 1263 4
7 7 1263 2
0 13 1095 12
0 0 1095 3
14 14 552 5
2 13 112 6
2 2 112 4
6 2 648 11
6 6 648 4
9 9 1384 5
1 16 264 7
1 1 264 5
2 12 995 11
2 2 995 3
3 4 326 6
3 3 326 15
11 11 883 2
12 17 136 10
12 12 136 8
7 17 391 13
7 7 391 3
16 16 858 6
1 19 42 5
1 1 42 3
3 16 612 2
3 3 612 6
7 7 20 11
17 13 1052 10
17 17 1052 5
8 8 809 9
11 9 174 10
11 11 174 2
16 16 1364 1
12 1 637 14
12 12 637 7
0 11 413 5
0 0 413 10
8 18 952 11
8 8 952 2
7 10 826 3
7 7 826 3
11 11 319 7
4 3 588 4
4 4 588 8
4 12 1400 12
4 4 1400 2
16 16 1138 1
12 12 675 8
0 0 187 1
8 14 662 12
8 8 662 5
13 13 667 5
18 8 307 9
18 18 307 2
8 8 357 5
7 10 617 6
7 7 617 1
12 12 897 10
18 18 322 7
19 19 103 4
4 4 1009 2
5 16 88 11
5 5 88 2
12 5 1040 1
12 12 1040 2
17 17 378 14
18 2 213 1
18 18 213 3
9 9 1006 5
2 18 1024 11
2 2 1024 3
9 9 895 2
10 10 1408 10
14 15 456 7
14 14 456 1
1 0 1219 8
1 1 1219 8
5 16 155 14
5 5 155 12
2 2 387 8
19 19 547 1
16 8 363 5
16 16 363 1
1 9 729 6
1 1 729 1
2 12 306 10
2 2 306 2
4 8 452 13
4 4 452 6
12 12 67 7
5 8 1026 4
5 5 1026 15
8 8 1338 1
6 11 741 12
6 6 741 2
19 19 878 4
8 8 1417 3
12 12 221 1
16 0 152 8
16 16 152 1
14 14 951 16
11 10 927 12
11 11 927 7
9 9 1126 4
12 8 259 9
12 12 259 3
1 1 54 3
8 13 886 11
8 8 886 2
7 19 120 2
7 7 120 1
16 16 1313 10
11 11 827 3
0 0 458 2
11 0 202 8
11 11 202 3
12 2 609 2
12 12 609 4
15 18 642 2
15 15 642 1
16 16 612 2
2 7 523 5
2 2 523 10
8 8 596 3
11 11 347 9
17 17 794 1
15 15 307 2
16 16 755 2
6 6 466 8
18 17 388 4
18 18 388 6
4 11 695 4
4 4 695 10
15 10 465 9
15 15 465 6
18 18 279 1
0 0 822 4
5 5 43 4
8 11 257 5
8 8 257 9
12 12 933 1
4 4 981 2
12 11 1076 6
12 12 1076 3
18 18 57 1
6 17 1258 14
6 6 1258 2
9 9 778 11
12 7 1163 7
12 12 1163 2
1 0 1002 7
1 1 1002 6
0 3 707 8
0 0 707 4
19 19 353 5
5 5 350 3
1 1 795 1
1 13 1071 12
1 1 1071 2
6 6 1044 8
10 10 938 1
16 11 343 4
16 16 343 1
19 1 684 7
19 19 684 19
10 10 829 2
16 7 486 11
16 16 486 2
14 18 625 5
14 14 625 4
19 19 797 2
6 5 705 9
6 6 705 3
10 8 652 1
10 10 652 2
19 19 906 3
17 17 1321 6
15 15 802 4
2 11 939 12
2 2 939 3
6 17 995 14
6 6 995 8
7 19 446 6
7 7 446 3
6 5 1187 4
6 6 1187 2
14 14 1433 2
16 13 930 8
16 16 930 3
2 12 717 13
2 2 717 3
14 8 1288 11
14 14 1288 21
17 0 1252 1
17 17 1252 1
8 18 993 4
8 8 993 1
7 2 237 10
7 7 237 5
12 15 517 12
12 12 517 3
4 18 629 3
4 4 629 4
3 3 858 8
9 9 281 5
7 7 770 1
16 7 1067 10
16 16 1067 13
16 16 735 2
0 0 244 7
4 5 516 8
4 4 516 6
14 6 1421 1
14 14 1421 5
3 4 1144 8
3 3 1144 2
8 10 686 14
8 8 686 2
17 13 544 1
17 17 544 16
13 13 1423 3
3 3 1161 6
17 17 689 3
7 7 710 2
13 13 901 15
17 9 322 1
17 17 322 7
18 6 29 12
18 18 29 3
8 8 27 5
17 17 467 5
1 1 1178 5
6 11 1121 12
6 6 1121 1
5 12 690 13
5 5 690 13
8 12 234 14
8 8 234 4
18 9 831 10
18 18 831 4
2 15 472 12
2 2 472 4
19 19 490 3
4 4 382 1
10 10 1023 6
19 19 603 33
4 4 269 2
14 8 674 2
14 14 674 6
2 10 250 4
2 2 250 6
6 17 1298 10
6 6 1298 1
10 11 721 5
10 10 721 4
11 11 616 1
15 15 1120 1
1 1 434 3
5 17 1114 8
5 5 1114 2
16 5 81 4
16 16 81 14
1 14 291 14
1 1 291 15
18 14 1411 6
18 18 1411 6
10 10 563 1
14 14 1115 2
11 11 935 8
16 16 895 1
2 2 830 2
7 4 51 2
7 7 51 9
12 12 459 6
15 15 548 6
2 7 1413 8
2 2 1413 8
18 6 1076 5
18 18 1076 2
2 2 721 1
3 11 664 4
3 3 664 12
10 10 228 2
12 12 602 5
15 15 597 2
2 2 1332 13
7 7 209 4
10 17 119 8
10 10 119 1
2 6 1123 7
2 2 1123 5
8 8 620 12
18 6 445 6
18 18 445 2
8 0 763 9
8 8 763 9
4 4 1300 4
6 8 1329 7
6 6 1329 4
15 15 408 5
3 3 1108 15
18 18 351 2
9 9 96 1
7 7 661 1
12 7 1133 4
12 12 1133 12
4 8 1326 12
4 4 1326 6
11 11 1147 1
12 12 1276 8
18 16 1 2
18 18 1 2
0 3 540 6
0 0 540 2
1 3 1397 1
1 1 1397 4
6 12 1202 12
6 6 1202 1
3 3 1411 1
0 1 651 2
0 0 651 5
1 3 1254 14
1 1 1254 5
6 3 1101 7
6 6 1101 1
5 5 662 7
15 15 1329 5
12 12 1314 5
2 2 444 2
1 1 1047 8
4 4 338 1
10 2 1231 8
10 10 1231 5
16 16 256 3
17 0 217 6
17 17 217 1
0 0 1251 2
10 1 866 14
10 10 866 4
0 0 1112 11
5 5 1069 3
6 0 766 1
6 6 766 2
10 15 757 7
10 10 757 5
13 16 510 8
13 13 510 7
0 8 1271 11
0 0 1271 4
19 19 853 3
11 11 753 11
16 16 204 3
14 14 843 9
7 7 390 1
0 9 368 7
0 0 368 8
17 17 1043 9
0 12 495 12
0 0 495 5
3 7 756 14
3 3 756 2
10 10 152 5
16 18 1365 7
16 16 1365 6
4 4 1258 2
10 10 107 9
16 19 1139 7
16 16 1139 18
0 10 188 8
0 0 188 1
9 16 162 8
9 9 162 4
7 7 987 6
12 15 819 11
12 12 819 5
17 17 607 7
15 14 508 10
15 15 508 5
18 0 304 8
18 18 304 3
4 10 867 3
4 4 867 6
5 5 54 8
13 13 747 4
18 18 210 1
0 8 585 11
0 0 585 4
1 1 1312 9
6 6 1182 2
14 6 457 9
14 14 457 1
18 19 1012 9
18 18 1012 5
0 18 1286 11
0 0 1286 1
16 16 364 2
1 1 728 1
18 19 662 9
18 18 662 6
19 7 659 11
19 19 659 1
5 5 1264 10
16 1 507 9
16 16 507 1
8 18 1339 7
8 8 1339 7
16 19 10 11
16 16 10 14
1 1 506 6
0 0 1235 2
12 12 222 5
16 9 153 8
16 16 153 7
2 2 964 2
6 12 516 1
6 6 516 10
14 14 807 2
1 1 132 2
2 19 887 8
2 2 887 12
12 12 316 3
7 7 123 1
11 11 205 6
15 15 653 5
2 6 520 6
2 2 520 3
10 15 1420 2
10 10 1420 11
15 2 306 12
15 15 306 1
0 11 233 2
0 0 233 8
4 4 545 1
8 9 548 4
8 8 548 5
4 16 1373 4
4 4 1373 6
16 2 1119 9
16 16 1119 6
17 10 938 9
17 17 938 10
13 13 1049 3
19 19 21 13
7 12 588 14
7 7 588 14
12 12 934 3
15 7 65 10
15 15 65 2
1 12 1427 8
11 11 1074 8
0 0 597 6
19 19 243 1
7 7 1394 5
1 18 841 7
1 1 841 12
1 1 651 2
10 10 939 1
9 9 628 2
6 4 1335 13
6 6 1335 2
11 11 591 8
14 14 630 8
3 3 227 18
16 16 118 7
19 19 909 2
7 14 296 7
7 7 296 2
14 13 1148 14
14 14 1148 1
14 14 771 3
1 1 224 3
18 18 1214 3
6 6 883 8
7 19 462 14
7 7 462 2
11 9 11 6
11 11 11 1
15 15 963 6
0 0 312 1
1 8 17 1
1 1 17 5
17 17 1243 4
16 10 562 1
16 16 562 1
8 8 994 2
11 19 233 6
11 11 233 2
17 17 884 2
11 11 326 3
8 5 704 6
8 8 704 15
7 6 949 5
7 7 949 1
19 19 49 18
13 13 398 5
8 18 397 13
8 8 397 2
14 0 103 4
14 14 103 5
17 2 321 13
17 17 321 1
0 19 561 2
0 0 561 9
1 1 1384 6
6 8 1239 6
6 6 1239 10
11 11 1199 3
12 18 1192 6
12 12 1192 4
17 17 466 1
18 2 941 10
18 18 941 6
1 0 1177 5
1 1 1177 1
6 17 1126 10
6 6 1126 4
18 18 828 1
19 10 493 9
19 19 493 4
4 9 383 12
4 4 383 8
7 14 1140 9
7 7 1140 6
10 4 1320 1
10 10 1320 1
15 6 1357 12
15 15 1357 4
1 1 663 9
5 5 1191 6
10 9 847 14
10 10 847 1
10 10 1211 4
12 12 74 17
1 1 512 2
18 18 734 4
6 10 1299 4
6 6 1299 1
16 16 451 6
2 8 106 13
2 2 106 6
14 14 1193 12
19 19 1237 10
18 18 1408 1
0 8 1179 5
0 0 1179 3
0 11 1238 11
0 0 1238 1
7 7 268 6
15 0 1152 11
15 15 1152 2
9 9 1219 10
15 17 769 6
15 15 769 1
3 3 509 2
11 8 934 13
11 11 934 1
12 12 373 5
14 4 799 13
14 14 799 4
1 1 204 7
18 18 1186 9
8 8 1184 2
6 4 863 13
6 6 863 2
2 12 13 1
2 2 13 1
12 7 452 7
12 12 452 2
1 0 125 2
1 1 125 2
7 6 67 11
7 7 67 3
11 11 132 5
16 16 1386 5
15 6 596 11
15 15 596 1
16 16 542 3
10 15 116 1
10 10 116 3
4 4 1158 13
16 15 1032 8
16 16 1032 1
12 16 246 13
12 12 246 2
0 9 209 10
0 0 209 1
12 12 776 2
0 16 832 14
0 0 832 5
0 0 1023 7
17 1 668 5
17 17 668 5
15 6 185 2
15 15 185 3
18 6 239 6
18 18 239 13
0 10 622 5
0 0 622 1
8 14 425 8
8 8 425 5
11 10 1146 5
11 11 1146 1
7 8 1317 12
7 7 1317 15
1 2 928 2
1 1 928 9
18 12 126 5
18 18 126 4
6 1 1203 7
6 6 1203 19
8 8 56 4
1 8 977 6
1 1 977 4
18 18 913 4
11 11 1368 4
10 1 1405 8
10 10 1405 3
14 15 413 10
14 14 413 1
0 8 1339 7
0 0 1339 1
1 10 1046 5
1 1 1046 1
4 7 339 5
4 4 339 1
9 9 547 2
7 7 1112 5
13 13 27 7
1 1 755 4
3 3 29 8
10 2 1119 12
10 10 1119 6
16 16 400 1
19 19 1043 1
5 15 1068 7
5 5 1068 1
10 7 754 1
10 10 754 3
12 8 59 1
12 12 59 4
6 6 537 1
7 7 368 8
11 8 885 7
11 11 885 3
14 1 1076 14
14 14 1076 10
10 4 423 2
10 10 423 1
9 9 1096 6
1 4 40 4
1 1 40 2
6 17 827 5
6 6 827 2
3 14 759 4
3 3 759 1
4 18 1092 5
4 4 1092 3
8 7 954 14
8 8 954 18
12 2 718 3
12 12 718 3
4 4 1402 6
9 9 336 3
11 2 398 10
11 11 398 2
0 0 189 3
3 15 1058 8
3 3 1058 11
9 9 161 1
17 17 606 1
4 4 876 1
18 8 320 12
18 18 320 2
4 4 1011 7
11 11 1033 9
12 19 1042 1
12 12 1042 5
18 16 211 11
18 18 211 1
4 13 898 3
4 4 898 7
7 9 1289 13
7 7 1289 2
12 4 1249 11
12 12 1249 2
17 17 265 7
1 1 908 3
6 10 180 9
6 6 180 3
4 16 17 14
4 4 17 9
12 2 1392 10
12 12 1392 1
18 5 772 12
18 18 772 4
0 0 1287 2
13 4 63 8
13 13 63 8
1 16 735 11
1 1 735 3
2 14 304 10
2 2 304 2
3 6 121 3
3 3 121 6
15 14 1066 4
15 15 1066 3
16 16 508 2
14 5 667 4
14 14 667 1
11 9 691 11
11 11 691 1
14 14 1270 4
11 11 768 9
19 0 1293 10
19 19 1293 2
3 3 420 4
11 11 913 6
1 1 155 1
18 16 1371 8
18 18 1371 1
11 12 1006 5
11 11 1006 24
14 11 1411 9
14 14 1411 5
0 19 349 14
0 0 349 5
1 18 52 5
1 1 52 2
18 19 1258 13
18 18 1258 6
2 2 743 3
8 8 888 4
16 16 983 8
2 3 1354 5
2 2 1354 4
9 14 402 5
9 9 402 8
10 14 189 6
10 10 189 1
16 16 614 7
10 10 12 4
16 16 757 1
4 9 546 1
4 4 546 8
6 6 464 2
7 0 937 14
7 7 937 2
12 12 833 11
13 13 1048 1
6 13 355 2
6 6 355 4
9 9 221 28
3 5 76 8
3 3 76 1
12 12 1251 1
19 19 20 1
4 4 832 2
3 9 1199 14
3 3 1199 19
18 9 164 2
18 18 164 9
19 19 133 1
4 3 983 2
4 4 983 2
2 2 214 4
3 16 1340 1
3 3 1340 5
13 13 927 11
18 15 55 1
18 18 55 2
6 18 1256 1
6 6 1256 2
7 5 1389 9
7 7 1389 2
12 6 1157 1
12 12 1157 1
1 19 1212 4
1 1 1212 7
7 13 1410 8
7 7 1410 2
12 12 1300 13
10 17 985 11
10 10 985 3
10 14 1333 10
10 10 1333 1
15 2 1384 9
15 15 1384 3
18 9 872 12
18 18 872 5
19 0 577 13
19 19 577 4
10 10 1156 23
10 10 1047 2
16 19 472 7
16 16 472 4
2 2 135 3
19 19 799 15
6 15 711 14
6 6 711 3
5 5 784 7
10 10 650 2
12 12 108 1
19 19 1208 5
14 14 1149 9
17 13 1327 8
17 17 1327 3
16 5 134 13
16 16 134 3
14 18 913 6
14 14 913 4
19 19 1021 2
8 8 1078 3
6 0 993 6
6 6 993 1
16 16 789 5
10 11 383 2
10 10 383 15
0 0 313 8
6 2 771 10
6 6 771 2
16 11 563 10
16 16 563 1
9 9 398 4
11 11 232 1
6 6 45 1
12 12 662 4
17 7 772 9
17 17 772 3
5 5 1335 5
7 18 909 11
7 7 909 18
12 12 869 4
3 3 1146 15
9 9 249 32
13 17 673 9
13 13 673 3
11 19 874 11
11 11 874 2
14 14 245 9
15 15 164 3
18 19 136 6
18 18 136 1
3 3 1304 4
11 6 1105 12
11 11 1105 1
4 6 90 4
4 4 90 1
11 11 1198 1
1 5 1176 6
1 1 1176 1
5 5 688 2
10 9 1350 5
10 10 1350 1
18 15 829 7
18 18 829 2
4 4 376 6
11 11 1420 3
10 14 1321 7
10 10 1321 1
14 14 305 6
17 17 243 4
1 7 662 11
1 1 662 1
2 5 329 13
2 2 329 5
4 14 271 8
4 4 271 4
13 13 71 10
0 4 1150 4
0 0 1150 3
3 3 177 3
4 11 414 3
4 4 414 11
10 10 1035 4
13 6 472 13
13 13 472 4
12 19 16 1
12 12 16 3
17 3 1402 3
17 17 1402 23
18 19 1409 7
18 18 1409 2
19 5 936 13
19 19 936 3
3 5 367 12
3 3 367 7
12 15 231 9
12 12 231 3
15 0 768 7
15 15 768 1
18 17 1296 14
18 18 1296 1
16 3 881 2
16 16 881 6
3 6 525 10
3 3 525 1
16 0 896 12
16 16 896 1
18 19 1074 3
18 18 1074 2
10 16 226 5
10 10 226 2
15 0 599 9
15 15 599 6
2 19 1330 9
2 2 1330 2
2 2 606 3
3 12 811 13
3 3 811 6
16 16 686 16
4 13 619 14
4 4 619 7
9 9 315 2
7 7 864 4
16 3 1033 12
16 16 1033 1
0 0 210 2
5 4 208 7
5 5 208 6
8 8 332 1
7 4 518 10
7 7 518 3
7 12 663 12
7 7 663 4
13 18 598 7
13 13 598 14
17 17 659 1
13 13 1282 10
0 11 623 10
0 0 623 12
11 17 1149 10
11 11 1149 1
0 2 542 10
0 0 542 2
11 12 1226 10
11 11 1226 3
13 3 824 9
13 13 824 3
18 11 910 3
18 18 910 3
1 3 833 3
1 1 833 3
18 15 801 5
18 18 801 6
0 16 1340 1
0 0 1340 4
4 14 348 8
4 4 348 4
10 17 913 7
10 10 913 7
18 18 688 7
2 11 301 11
2 2 301 3
3 8 28 4
3 3 28 1
6 10 1389 10
6 6 1389 13
16 10 401 5
16 16 401 3
2 2 220 10
18 8 594 5
18 18 594 11
3 9 314 3
3 3 314 12
9 9 1389 10
12 9 52 9
12 12 52 7
15 8 1271 8
15 15 1271 3
16 14 191 13
16 16 191 1
1 1 269 22
18 0 1396 12
18 18 1396 8
15 3 917 11
15 15 917 8
11 13 82 11
11 11 82 11
12 12 489 9
17 17 1041 2
2 1 1383 1
2 2 1383 7
1 5 88 2
1 1 88 13
18 16 1046 13
18 18 1046 9
3 19 758 5
3 3 758 1
15 12 728 12
15 15 728 12
11 11 385 6
18 12 415 2
18 18 415 4
13 13 1092 14
4 19 877 8
4 4 877 8
7 0 618 5
7 7 618 4
12 9 956 1
12 12 956 7
17 15 750 10
17 17 750 2
3 3 1219 7
7 13 1288 12
7 7 1288 1
14 14 92 1
12 12 1393 3
1 10 828 1
1 1 828 5
0 1 1385 10
0 0 1385 1
4 10 161 10
4 4 161 22
13 13 173 6
2 18 414 11
2 2 414 6
19 8 548 8
19 19 548 6
4 0 304 9
4 4 304 12
16 15 366 14
16 16 366 1
10 1 772 4
10 10 772 5
7 2 1228 4
7 7 1228 19
10 10 1136 8
2 2 160 16
9 9 1336 11
15 19 1114 9
15 15 1114 6
0 0 1237 1
19 19 883 1
8 7 1420 2
8 8 1420 13
10 10 614 1
17 17 1346 5
15 1 1227 6
15 15 1227 2
10 10 457 5
11 11 912 1
18 15 1368 1
18 18 1368 3
8 15 1258 8
8 8 1258 1
11 9 993 5
11 11 993 3
11 6 126 8
11 11 126 6
15 15 542 6
6 0 183 5
6 6 183 4
17 0 1166 10
17 17 1166 9
8 8 599 2
16 6 758 13
16 16 758 2
16 12 1105 12
16 16 1105 3
15 15 429 9
7 7 569 8
16 16 1248 1
0 0 777 2
5 5 40 3
15 15 67 2
4 4 976 5
12 12 1079 2
17 17 347 2
15 15 240 13
18 18 52 3
7 1 1388 2
7 7 1388 1
12 16 1158 4
12 12 1158 3
18 6 71 14
18 18 71 5
5 5 347 3
8 14 241 4
8 8 241 16
0 0 1397 3
1 3 1068 7
1 1 1068 3
15 11 1387 1
15 15 1387 11
1 8 649 5
1 1 649 2
19 19 576 1
13 13 34 5
5 5 464 5
0 8 1427 10
0 0 1427 10
6 18 1333 13
6 6 1333 2
10 10 824 5
10 4 1044 13
10 10 1044 1
15 15 1033 2
19 19 1098 12
18 17 523 12
18 18 523 4
6 11 708 9
6 6 708 3
12 9 109 2
12 12 109 14
13 13 260 7
2 18 55 11
2 2 55 10
19 19 911 3
7 7 298 17
11 11 1202 7
18 19 1325 12
18 18 1325 7
7 7 443 3
3 3 528 6
7 12 456 9
7 7 456 2
11 11 13 5
12 0 290 12
12 12 290 2
16 3 933 7
16 16 933 5
6 6 768 3
10 6 207 9
10 10 207 2
16 15 564 1
16 16 564 16
0 18 425 12
0 0 425 7
2 11 635 4
2 2 635 6
8 19 996 11
8 8 996 1
11 11 235 2
9 9 286 9
7 14 895 13
7 7 895 3
10 13 33 1
10 10 33 5
15 3 272 10
15 15 272 2
9 9 367 8
16 12 1213 6
16 16 1213 7
13 13 1083 7
13 13 672 1
16 16 1228 2
0 19 789 8
0 0 789 8
5 5 12 5
9 9 73 7
13 0 561 9
13 13 561 20
17 4 694 1
17 17 694 9
15 15 167 10
18 11 137 11
18 18 137 6
8 8 399 20
13 6 898 4
13 13 898 3
1 1 1390 5
4 11 91 9
4 4 91 2
13 13 787 12
17 10 464 1
17 17 464 2
1 3 971 2
1 1 971 2
18 18 939 2
0 6 674 7
0 0 674 2
1 2 1183 7
1 1 1183 1
5 5 703 7
10 10 1351 4
17 7 97 1
17 17 97 3
0 18 1361 3
0 0 1361 2
9 9 517 3
1 1 661 1
10 15 845 1
10 10 845 2
1 1 518 15
0 0 1310 1
3 3 176 1
8 8 1382 2
10 18 1032 13
10 10 1032 3
3 3 193 3
2 11 27 8
2 2 27 3
19 7 939 6
19 19 939 3
10 18 574 5
10 10 574 1
19 2 1348 3
19 19 1348 5
1 6 337 10
1 1 337 10
18 18 1297 3
2 2 906 13
3 4 511 11
3 3 511 5
6 6 962 5
7 7 415 4
15 7 944 6
15 15 944 5
1 1 194 4
18 1 1184 5
18 18 1184 2
8 8 1186 25
10 14 272 1
10 10 272 11
12 12 454 1
16 2 897 3
16 16 897 12
2 2 1408 5
7 4 189 9
7 7 189 1
3 3 810 1
0 0 36 7
4 0 596 12
4 4 596 4
3 3 955 1
4 13 1152 14
4 4 1152 2
9 9 314 1
11 11 356 3
16 16 1034 2
17 17 999 2
13 13 1230 6
18 7 440 9
18 18 440 4
3 10 968 12
3 3 968 5
11 14 501 5
11 11 501 5
12 12 778 6
4 4 650 3
5 5 223 2
8 8 333 5
13 13 708 17
18 6 346 13
18 18 346 5
0 0 1009 1
2 2 193 8
3 2 1254 14
3 3 1254 3
7 13 662 10
7 7 662 1
12 12 1128 3
0 5 608 2
0 0 608 1
4 8 936 8
4 4 936 4
11 11 1148 1
19 19 301 8
6 6 1201 1
5 5 258 7
11 11 1229 3
13 11 823 3
13 13 823 1
13 0 136 11
13 13 136 12
2 14 443 5
2 2 443 1
19 17 523 13
19 19 523 3
10 18 926 13
10 10 926 2
16 16 259 3
15 17 495 9
15 15 495 5
5 5 1177 5
5 6 949 13
5 5 949 9
19 5 1045 10
19 19 1045 1
8 8 1282 2
9 9 1283 5
0 14 1226 11
0 0 1226 1
6 15 652 6
6 6 652 1
17 17 1381 15
13 5 332 1
13 13 332 20
8 18 1120 6
8 8 1120 1
15 18 1167 12
15 15 1167 6
16 9 207 4
16 16 207 2
9 9 1102 10
8 8 862 1
7 7 16 3
14 0 1364 13
14 14 1364 19
0 8 482 6
0 0 482 13
2 0 688 1
2 2 688 1
3 9 761 5
3 3 761 18
7 13 161 12
7 7 161 9
10 18 135 8
10 10 135 4
16 9 1352 5
16 16 1352 8
6 19 91 2
6 6 91 3
16 1 651 12
16 16 651 2
6 6 490 2
17 15 963 8
17 17 963 2
15 15 328 5
18 19 412 3
18 18 412 1
2 8 1081 7
2 2 1081 10
4 4 1291 1
16 16 1157 2
18 18 303 1
6 9 276 5
6 6 276 4
0 0 989 2
19 19 107 14
3 6 1218 4
3 3 1218 1
9 9 897 7
13 13 633 12
13 13 1317 8
5 5 469 5
8 0 71 3
8 8 71 8
7 19 1291 5
7 7 1291 1
13 13 970 18
14 14 93 2
9 9 867 17
14 1 129 9
14 14 129 6
1 11 819 11
1 1 819 5
0 18 1386 10
0 0 1386 3
5 5 759 5
8 6 165 3
8 8 165 4
7 0 1065 3
7 7 1065 9
17 14 41 3
17 17 41 8
1 18 1136 11
1 1 1136 8
15 15 1415 5
16 3 367 7
16 16 367 3
19 10 660 1
19 19 660 10
5 13 937 10
5 5 937 12
15 1 1076 14
15 15 1076 6
16 16 510 3
18 18 548 8
0 7 1063 1
0 0 1063 5
5 5 826 12
10 17 660 13
10 10 660 1
14 5 1268 6
14 14 1268 1
13 11 287 11
13 13 287 6
2 9 80 1
2 2 80 7
19 9 882 13
19 19 882 1
3 3 281 1
10 10 615 2
19 19 1295 1
10 10 502 3
16 9 811 13
16 16 811 3
2 14 882 6
2 2 882 5
8 3 1259 6
8 8 1259 3
9 9 1130 3
12 12 319 13
16 13 954 13
16 16 954 4
14 14 1391 5
14 14 1328 14
18 18 1147 3
4 4 14 3
4 4 1082 10
17 17 1165 1
0 12 125 4
0 0 125 2
3 3 866 5
17 17 798 3
7 7 939 2
9 9 195 2
16 16 1249 1
17 17 568 11
4 1 834 2
4 4 834 6
17 17 713 10
18 15 162 5
18 18 162 1
1 13 1424 2
1 1 1424 3
5 2 440 4
5 5 440 7
9 9 957 15
19 7 244 2
19 19 244 4
3 3 1359 3
7 7 1391 2
0 0 711 1
18 18 983 6
10 10 1331 2
4 7 277 12
4 4 277 2
10 10 854 12
16 11 331 13
16 16 331 2
10 10 1045 2
14 14 629 1
14 14 996 9
7 8 293 14
7 7 293 1
10 14 539 1
10 10 539 6
12 1 253 2
12 12 253 6
19 19 1023 11
12 2 332 11
12 12 332 1
15 7 863 13
15 15 863 7
14 11 774 3
14 14 774 2
8 8 1159 4
7 7 459 1
11 11 12 1
1 0 22 14
1 1 22 4
12 14 434 12
12 12 434 4
3 3 817 2
8 15 997 13
8 8 997 2
6 12 144 11
6 6 144 6
16 16 580 3
11 5 379 11
11 11 379 6
12 5 656 6
12 12 656 6
15 14 275 1
15 15 275 5
4 8 512 5
4 4 512 3
6 7 434 9
6 6 434 4
5 5 250 7
8 2 338 12
8 8 338 3
18 13 375 1
18 18 375 13
7 7 685 1
12 12 1093 7
17 18 693 9
17 17 693 1
4 4 949 3
8 5 432 4
8 8 432 8
13 13 897 1
12 16 1236 13
12 12 1236 13
15 15 215 11
1 8 970 8
1 1 970 1
19 0 385 12
19 19 385 12
6 16 1125 1
6 6 1125 1
8 15 238 2
8 8 238 3
9 9 699 2
2 2 468 4
7 7 1137 1
13 13 244 8
16 3 280 1
16 16 280 5
14 18 311 11
14 14 311 1
17 0 241 3
17 17 241 2
6 14 1415 3
6 6 1415 7
2 13 246 7
2 2 246 1
15 19 1132 11
15 15 1132 3
6 4 673 7
6 6 673 6
5 19 882 2
5 5 882 11
11 14 765 11
11 11 765 2
13 13 295 11
0 0 1182 4
9 9 1399 4
6 12 560 9
6 6 560 9
10 10 575 14
15 15 770 15
7 7 414 1
10 10 398 3
12 12 368 5
12 17 455 12
12 12 455 4
18 1 1072 11
18 18 1072 2
2 2 685 3
8 11 818 9
8 8 818 1
7 11 188 4
7 7 188 1
10 10 224 2
0 0 438 8
8 7 897 5
8 8 897 5
6 6 124 1
11 8 278 13
11 11 278 8
17 17 853 14
16 17 672 6
16 16 672 4
2 18 1187 12
2 2 1187 3
3 1 954 13
3 3 954 1
8 5 528 7
8 8 528 3
11 8 359 14
11 11 359 6
12 0 692 10
12 12 692 11
15 10 375 3
15 15 375 5
0 2 212 6
0 0 212 1
15 15 484 3
5 5 222 1
13 13 707 1
12 19 922 10
12 12 922 3
0 5 1010 11
0 0 1010 1
3 3 1257 7
7 7 657 4
17 14 657 12
17 17 657 2
18 3 234 11
18 18 234 5
0 1 609 8
0 0 609 13
3 3 1398 2
9 18 1013 10
9 9 1013 6
0 14 528 4
0 0 528 2
5 7 257 11
5 5 257 1
6 19 1089 9
6 6 1089 3
13 13 135 1
18 8 799 10
18 18 799 2
1 19 1131 3
1 1 1131 1
2 2 299 2
7 8 1258 4
7 7 1258 5
19 19 1044 1
2 2 218 2
16 16 34 29
14 4 557 11
14 14 557 8
1 18 402 8
1 1 402 3
18 3 592 2
18 18 592 2
0 1 1227 5
0 0 1227 4
19 19 857 16
6 17 653 12
6 6 653 3
14 17 1160 5
14 14 1160 13
1 14 259 5
1 1 259 1
8 8 1121 4
10 10 467 7
9 9 1276 7
15 19 870 8
15 15 870 4
16 17 192 10
16 16 192 9
1 1 188 6
2 19 879 4
2 2 879 3
7 5 386 2
7 7 386 4
1 9 45 12
1 1 45 7
8 19 863 12
8 8 863 1
7 3 19 4
7 7 19 1
14 16 1401 11
14 14 1401 3
2 13 689 6
2 2 689 6
3 3 760 1
4 10 1095 4
4 4 1095 5
14 12 487 11
14 14 487 3
0 9 402 9
0 0 402 1
4 19 1238 14
4 4 1238 4
7 7 817 7
10 17 23 14
10 10 23 3
11 3 306 5
11 11 306 2
4 19 585 3
4 4 585 3
18 7 413 2
18 18 413 2
2 1 1078 4
2 2 1078 3
8 2 667 6
8 8 667 4
6 5 378 7
6 6 378 1
9 9 166 16
15 15 504 4
18 18 300 3
0 8 815 4
0 0 815 1
5 5 50 4
8 8 362 6
9 9 55 2
1 1 1419 1
8 8 505 1
7 7 757 13
18 18 206 4
0 15 589 10
0 0 589 1
3 0 1362 4
3 3 1362 2
1 1 897 5
18 19 97 6
18 18 97 6
2 15 493 11
2 2 493 20
9 9 755 1
7 7 1064 1
1 14 675 6
1 1 675 1
10 10 947 8
16 13 352 11
16 16 352 3
18 17 658 2
18 18 658 4
4 11 449 2
4 4 449 3
0 12 1080 13
0 0 1080 2
5 5 825 1
10 10 661 15
11 19 692 11
11 11 692 7
14 14 1269 1
15 7 1188 10
15 15 1188 8
0 0 1239 3
19 19 885 3
3 14 280 3
3 3 280 1
10 10 612 2
15 15 1092 5
5 5 1327 3
14 13 1047 2
14 14 1047 4
14 15 811 14
14 14 811 2
1 1 152 3
3 3 566 11
17 17 1122 7
18 18 1257 1
2 18 738 11
2 2 738 1
7 10 119 4
7 7 119 1
12 11 399 14
12 12 399 8
18 9 1144 6
18 18 1144 3
15 15 264 8
8 11 601 4
8 8 601 5
9 9 480 8
15 15 318 10
2 2 1131 12
3 3 1010 5
12 14 892 7
12 12 892 2
16 4 1250 6
16 16 1250 4
13 13 1126 20
0 0 779 2
5 5 22 2
12 11 930 5
12 12 930 3
18 19 163 9
18 18 163 1
19 19 134 8
13 16 1352 10
13 13 1352 19
1 1 1280 4
6 17 1263 12
6 6 1263 7
8 1 100 13
8 8 100 6
13 13 1005 28
18 10 69 2
18 18 69 2
1 4 1201 5
1 1 1201 6
11 11 1300 6
3 3 1070 5
18 18 980 3
6 10 1033 2
6 6 1033 4
14 8 344 2
14 14 344 12
17 17 20 10
1 10 655 4
1 1 655 6
9 9 632 7
14 14 715 2
0 0 1277 6
5 1 908 4
5 5 908 11
10 14 806 3
10 10 806 1
15 15 1035 5
1 1 425 5
9 9 1370 8
12 12 107 1
19 19 1213 3
1 1 474 11
2 17 53 12
2 2 53 2
6 8 597 9
6 6 597 5
7 7 292 1
16 18 249 3
16 16 249 4
18 5 1323 4
18 18 1323 2
8 8 1081 7
7 14 437 3
7 7 437 6
12 12 333 12
1 15 228 8
1 1 228 9
2 2 49 1
7 16 458 12
7 7 458 1
10 14 378 8
10 10 378 5
12 19 476 9
12 12 476 2
2 4 710 8
2 2 710 6
10 15 205 10
10 10 205 2
16 12 1282 2
16 16 1282 9
17 11 1247 5
17 17 1247 5
18 16 1116 3
18 18 1116 9
9 9 435 1
10 13 92 1
10 10 92 8
11 6 237 6
11 11 237 19
15 13 749 10
15 15 749 4
4 4 626 1
3 3 833 2
11 11 378 1
16 16 1056 2
15 15 274 1
16 12 724 7
16 16 724 4
2 8 1103 5
2 2 1103 11
3 3 1006 4
13 0 1081 9
13 13 1081 2
18 18 485 7
9 9 1266 10
16 16 1230 14
13 13 1418 5
7 7 684 1
17 10 692 4
17 17 692 1
18 1 135 11
18 18 135 1
5 5 1295 2
9 9 1045 7
11 11 1106 15
15 0 214 11
15 15 214 1
0 11 676 6
0 0 676 10
0 17 1363 2
0 0 1363 3
19 19 497 26
1 12 1038 9
1 1 1038 3
11 11 1409 4
10 0 1236 3
10 10 1236 5
13 13 243 1
18 10 843 5
18 18 843 5
2 10 324 14
2 2 324 5
3 5 37 13
3 3 37 4
16 0 424 14
16 16 424 10
1 1 516 2
2 2 247 3
19 19 719 7
8 8 1384 2
10 10 730 1
15 3 1135 11
15 15 1135 1
1 1 437 19
0 12 1248 3
0 0 1248 3
11 11 1004 2
11 11 764 1
12 12 19 5
7 4 264 5
7 7 264 4
2 12 904 5
2 2 904 1
3 3 481 4
3 2 526 7
3 3 526 2
11 11 43 3
17 8 1066 12
17 17 1066 4
1 1 113 9
2 7 682 2
2 2 682 3
8 8 819 2
6 15 226 8
6 6 226 3
12 6 599 11
12 12 599 3
2 2 605 1
6 1 125 7
6 6 125 4
15 4 705 9
15 15 705 8
4 4 1154 4
7 18 861 8
7 7 861 3
16 16 1036 8
17 9 997 9
17 17 997 2
0 4 213 13
0 0 213 2
17 14 1272 5
17 17 1272 3
7 1 1010 13
7 7 1010 7
16 8 1179 7
16 16 1179 7
15 6 487 1
15 15 487 5
9 3 26 1
9 9 26 2
0 0 1011 5
9 9 107 4
11 11 1150 12
12 6 1273 4
12 12 1273 3
18 7 122 1
18 18 122 4
1 1 1352 4
15 0 1341 10
15 15 1341 1
4 4 57 10
8 8 60 4
1 7 981 12
1 1 981 9
18 0 909 4
18 18 909 1
9 17 726 14
9 9 726 3
7 7 1108 4
1 1 759 4
7 10 1253 6
7 7 1253 2
16 16 404 4
6 6 110 1
5 5 1064 4
8 18 1284 2
8 8 1284 8
19 16 856 2
19 19 856 1
17 17 1371 10
18 4 1395 14
18 18 1395 1
8 14 1265 4
8 8 1265 6
12 12 277 1
3 3 618 10
15 15 519 4
18 18 1045 1
10 2 133 2
10 10 133 2
15 11 692 13
15 15 692 8
0 5 403 2
0 0 403 10
17 6 816 6
17 17 816 16
16 16 653 1
6 6 488 2
2 2 1099 4
18 18 410 2
6 7 379 11
6 6 379 1
16 4 1159 14
16 16 1159 3
9 9 54 1
7 7 615 2
17 2 739 4
17 17 739 1
18 3 188 1
18 18 188 4
0 12 991 8
0 0 991 1
8 17 506 5
8 8 506 1
0 0 590 5
4 19 910 1
4 4 910 4
1 2 896 10
1 1 896 1
18 18 94 3
6 6 1171 11
8 8 216 1
10 10 1418 2
18 18 1009 3
2 1 413 12
2 2 413 1
15 13 1409 4
15 15 1409 6
1 19 723 5
1 1 723 4
2 2 268 29
5 5 919 2
10 10 1151 1
18 1 546 12
18 18 546 2
10 11 658 12
10 10 658 1
14 17 1274 9
14 14 1274 3
19 19 884 1
9 9 1166 10
17 17 1351 7
3 4 424 2
3 3 424 7
10 10 500 2
9 9 1055 3
15 14 837 6
15 15 837 5
7 7 481 11
10 12 327 6
10 10 327 10
0 7 337 13
0 0 337 3
2 16 739 1
2 2 739 4
3 3 582 4
8 8 892 2
17 6 1266 6
17 17 1266 3
15 3 539 13
15 15 539 3
0 14 448 8
0 0 448 2
6 15 170 13
6 6 170 1
11 11 192 2
12 4 543 2
12 12 543 19
16 2 602 4
16 16 602 2
0 0 127 1
12 16 750 5
12 12 750 1
2 2 1128 3
8 8 553 3
4 4 1370 3
11 7 430 1
11 11 430 14
16 16 1108 5
18 13 510 11
18 18 510 5
3 3 1026 6
6 6 359 3
3 3 1171 15
15 7 76 10
15 15 76 11
15 13 253 7
15 15 253 9
18 18 51 1
4 4 98 18
7 10 1385 7
7 7 1385 3
17 17 489 3
18 7 66 4
18 18 66 3
1 19 1200 8
1 1 1200 1
4 4 241 1
7 13 1039 9
7 7 1039 6
19 19 581 3
1 1 1106 20
4 9 279 7
4 4 279 2
9 9 639 9
10 10 1152 1
16 12 333 12
16 16 333 10
1 17 575 7
1 1 575 1
5 10 1247 12
5 5 1247 7
5 5 907 1
10 12 807 10
10 10 807 3
10 6 1043 11
10 10 1043 1
16 12 476 3
16 16 476 10
1 17 473 2
1 1 473 1
0 8 1204 7
0 0 1204 2
10 13 537 3
10 10 537 2
9 9 1194 6
14 10 917 12
14 14 917 6
7 8 436 4
7 7 436 1
10 18 488 4
10 10 488 1
3 14 819 12
3 3 819 1
8 18 999 1
8 8 999 1
6 18 150 7
6 6 150 1
12 9 515 2
12 12 515 1
4 2 627 4
4 4 627 2
7 5 888 14
7 7 888 7
4 1 1342 5
4 4 1342 6
9 9 364 3
7 15 905 9
7 7 905 4
12 12 865 1
13 13 1080 1
18 18 1044 1
6 19 323 14
6 6 323 16
15 9 51 4
15 15 51 5
18 18 373 2
3 18 1167 9
3 3 1167 4
8 9 291 4
8 8 291 1
7 7 687 5
13 13 558 3
15 15 160 4
3 17 1308 13
3 3 1308 2
7 5 1340 11
7 7 1340 2
18 18 23 6
1 12 1379 7
1 1 1379 5
6 6 1224 1
1 4 968 13
1 1 968 2
4 4 356 2
17 3 247 1
17 17 247 18
6 1 1413 1
6 6 1413 2
11 11 529 44
17 17 128 6
3 3 181 6
6 9 1300 3
6 6 1300 15
10 10 731 6
10 15 1079 3
10 10 1079 8
6 15 88 12
6 6 88 3
2 18 103 8
2 2 103 3
6 15 679 5
6 6 679 2
11 6 767 6
11 11 767 1
13 8 293 8
13 13 293 2
14 8 1117 4
14 14 1117 12
17 17 1295 3
14 14 881 4
19 19 1353 2
18 12 1292 8
18 18 1292 4
2 9 905 4
2 2 905 1
15 18 957 7
15 15 957 6
0 0 362 3
2 2 824 6
7 2 190 11
7 7 190 3
16 16 1391 4
17 17 1210 9
18 3 1089 3
18 18 1089 8
4 18 1276 1
4 4 1276 2
15 3 704 6
15 15 704 1
3 3 956 12
7 12 860 13
7 7 860 1
17 17 996 1
3 3 973 7
4 4 1298 2
0 3 837 6
0 0 837 5
4 1 885 11
4 4 885 9
0 6 1141 12
0 0 1141 3
8 1 368 8
8 8 368 2
17 13 518 2
17 17 518 2
12 9 1131 2
12 12 1131 2
18 18 232 2
3 18 1400 7
3 3 1400 5
8 8 430 2
9 1 1019 11
9 9 1019 2
1 6 955 12
1 1 955 12
0 6 530 8
0 0 530 5
13 1 820 4
13 13 820 3
17 0 433 3
17 17 433 15
19 19 415 6
1 1 1272 5
4 4 201 14
5 5 656 6
14 19 358 12
14 14 358 10
17 17 66 4
16 16 262 9
14 14 273 3
2 2 297 2
4 14 495 6
4 4 495 4
11 11 573 10
19 19 1046 4
13 2 1090 9
13 13 1090 2
11 11 650 18
6 19 530 4
6 6 530 5
10 10 465 2
6 0 941 1
6 6 941 3
9 9 1139 11
12 14 278 2
12 12 278 7
8 2 833 5
8 8 833 3
7 4 13 1
7 7 13 1
2 17 1379 2
2 2 1379 4
16 16 639 3
3 3 779 6
6 6 94 2
11 18 308 1
11 11 308 2
16 16 654 1
17 6 960 8
17 17 960 3
16 16 1272 2
17 6 593 14
17 17 593 9
18 8 298 13
18 18 298 2
4 14 873 12
4 4 873 2
7 5 614 3
7 7 614 1
17 5 738 1
17 17 738 1
8 16 507 8
8 8 507 5
3 3 1364 2
7 7 1284 4
13 13 967 3
3 3 485 5
6 1 1168 9
6 6 1168 3
8 8 217 2
13 8 856 10
13 13 856 29
0 2 1389 6
0 0 1389 8
1 1 673 2
18 14 769 2
18 18 769 3
4 4 316 10
9 9 578 21
7 7 1211 6
0 10 1419 12
0 0 1419 4
5 5 1274 16
14 14 668 1
0 0 1082 4
10 10 659 1
3 3 282 2
19 19 1296 4
15 15 836 1
16 10 814 10
16 16 814 12
14 14 809 2
18 18 1364 4
8 8 1262 1
2 2 736 2
6 2 792 1
6 6 792 8
12 2 393 6
12 12 393 6
15 14 538 14
15 15 538 1
2 2 1351 3
2 2 659 12
3 3 726 5
8 11 972 9
8 8 972 5
6 11 171 3
6 6 171 7
0 19 112 9
0 0 112 3
3 3 871 3
7 7 791 9
12 12 751 8
16 16 746 5
9 9 375 7
7 7 932 5
11 11 417 1
12 12 894 3
5 10 131 8
5 5 131 16
18 5 270 6
18 18 270 9
0 0 781 8
12 19 438 9
12 12 438 3
9 9 81 6
13 13 521 15
12 12 1116 1
0 18 555 11
0 0 555 1
11 11 1209 2
1 1 995 2
19 19 358 5
1 10 1207 8
1 1 1207 3
4 11 242 14
4 4 242 20
1 13 796 8
1 1 796 4
6 6 1039 2
7 7 1038 1
15 9 1399 4
15 15 1399 10
1 1 653 2
18 18 869 3
10 10 1153 3
0 14 1030 7
0 0 1030 2
5 5 795 6
11 14 722 14
11 11 722 4
3 3 374 7
7 6 294 6
7 7 294 2
12 12 248 5
2 14 930 5
2 2 930 1
10 11 489 6
10 10 489 11
16 3 778 7
16 16 778 7
10 5 376 3
10 10 376 2
12 12 478 1
5 5 1169 3
1 0 107 13
1 1 107 6
2 19 708 1
2 2 708 2
7 19 85 12
7 7 85 1
10 10 203 2
11 11 158 11
16 16 552 10
18 9 1114 10
18 18 1114 2
2 2 631 4
8 13 1000 2
8 8 1000 1
6 13 151 1
6 6 151 1
17 17 878 4
16 17 583 3
16 16 583 10
0 4 92 6
0 0 92 3
3 18 835 3
3 3 835 1
6 6 1359 2
16 16 1058 1
4 15 515 4
4 4 515 1
12 12 866 3
8 19 341 12
8 8 341 5
12 12 1009 2
18 2 370 2
18 18 370 1
4 5 801 13
4 4 801 7
8 5 292 4
8 8 292 2
7 7 686 1
14 14 254 7
17 17 682 7
4 14 944 7
4 4 944 3
6 13 1225 12
6 6 1225 8
5 2 298 1
5 5 298 7
7 7 1356 8
5 5 147 8
5 5 716 17
10 3 998 12
10 10 998 2
7 7 1138 2
14 14 314 2
6 2 1402 2
6 6 1402 11
7 16 1155 2
7 7 1155 9
3 3 180 1
8 17 1386 10
8 8 1386 1
3 3 197 4
12 4 13 14
12 12 13 1
15 15 1182 4
14 6 967 10
14 14 967 4
0 2 1169 1
0 0 1169 4
19 19 943 1
8 3 1096 11
8 8 1096 2
15 7 1155 9
15 15 1155 2
16 16 231 5
1 1 198 6
10 2 284 13
10 10 284 5
14 2 1404 4
14 14 1404 7
17 17 1064 2
15 17 557 3
15 15 557 8
8 8 821 5
16 13 532 6
16 16 532 3
2 15 603 3
2 2 603 2
9 15 429 14
9 9 429 3
8 16 531 7
8 8 531 3
11 11 408 5
0 1 215 12
0 0 215 3
11 8 489 3
11 11 489 3
13 15 1115 5
13 13 1115 2
6 6 300 5
9 9 24 2
14 12 216 11
14 14 216 6
12 12 1124 2
18 12 120 6
18 18 120 1
12 12 1354 10
6 11 1092 1
6 6 1092 9
5 5 671 9
11 11 1374 14
10 9 1383 6
10 10 1383 9
15 17 1342 9
15 15 1342 8
17 17 65 1
1 1 836 5
1 16 1128 2
1 1 1128 3
9 1 549 4
9 9 549 3
19 19 636 16
6 6 1382 1
10 6 877 6
10 10 877 15
7 7 1255 3
10 13 1113 13
10 10 1113 6
1 13 407 10
1 1 407 1
10 19 591 9
10 10 591 7
15 15 1266 5
16 16 180 1
19 19 1271 2
14 14 1086 6
1 10 177 1
1 1 177 3
1 1 34 4
6 13 829 7
6 6 829 11
10 10 304 8
16 16 1341 1
15 0 513 4
15 15 513 6
8 6 977 10
8 8 977 1
15 12 295 2
15 15 295 3
16 16 655 5
6 6 494 21
16 16 1130 2
18 18 408 2
0 0 802 1
6 0 264 1
6 6 264 11
15 16 106 5
15 15 106 6
0 8 977 14
0 0 977 12
13 13 629 4
12 12 1032 1
0 5 576 10
0 0 576 4
1 7 1337 14
1 1 1337 5
14 14 33 7
1 8 902 5
1 1 902 2
0 6 767 1
0 0 767 2
5 5 755 4
8 1 169 11
8 8 169 2
15 3 1298 6
15 15 1298 9
1 19 672 10
1 1 672 1
0 0 1331 8
16 14 355 13
16 16 355 2
14 14 754 2
3 3 127 4
8 11 1363 11
8 8 1363 8
10 4 1149 2
10 10 1149 2
15 14 1072 14
15 15 1072 2
14 14 669 5
19 6 1077 12
19 19 1077 1
18 0 544 5
18 18 544 2
8 8 1314 3
6 6 733 8
12 17 213 12
12 12 213 1
1 1 364 12
2 2 991 4
8 12 1024 8
8 8 1024 5
11 11 919 2
8 1 1263 9
8 8 1263 2
11 11 996 7
16 14 958 13
16 16 958 1
8 19 894 8
8 8 894 3
0 17 450 5
0 0 450 8
6 11 168 1
6 6 168 2
11 3 194 2
11 11 194 8
17 10 1153 3
17 17 1153 6
16 0 604 3
16 16 604 5
4 4 1205 1
10 10 54 16
13 13 1153 9
3 3 1015 8
4 4 1348 2
13 12 1042 12
13 13 1042 6
2 9 1049 6
2 2 1049 15
13 12 695 12
13 13 695 12
5 5 19 3
9 15 80 11
9 9 80 1
4 18 412 3
4 4 412 2
13 13 520 1
12 12 1117 7
5 3 420 11
5 5 420 14
17 0 350 4
17 17 350 19
0 6 556 13
0 0 556 1
19 19 248 2
6 5 1250 14
6 6 1250 6
13 13 1002 3
1 1 787 8
18 16 979 12
18 18 979 1
2 2 460 8
1 1 1063 4
10 10 963 7
10 18 1343 3
10 10 1343 7
15 4 1398 4
15 15 1398 1
14 17 1250 4
14 14 1250 3
2 3 383 9
2 2 383 4
10 10 850 4
13 13 93 25
17 17 154 3
1 18 573 8
1 1 573 2
18 18 757 10
8 16 1359 4
8 8 1359 4
10 17 805 3
10 10 805 1
13 14 430 14
13 13 430 29
1 1 430 4
12 12 106 1
15 4 1157 1
15 15 1157 5
0 0 1206 1
19 19 914 18
7 15 289 9
7 7 289 3
10 8 519 9
10 10 519 4
14 15 923 2
14 14 923 4
2 0 931 5
2 2 931 8
6 6 987 3
10 10 406 17
11 11 947 2
4 12 471 7
4 4 471 2
18 10 1209 2
18 18 1209 5
8 5 1163 14
8 8 1163 5
6 11 874 9
6 6 874 4
12 18 479 1
12 12 479 1
3 7 676 11
3 3 676 4
6 3 773 6
6 6 773 19
8 3 1001 14
8 8 1001 1
4 4 1050 7
9 9 432 3
8 3 632 14
8 8 632 3
16 17 1059 5
16 16 1059 6
6 16 438 13
6 6 438 13
18 6 480 10
18 18 480 5
4 6 659 4
4 4 659 7
17 17 536 8
13 2 1415 6
13 13 1415 3
18 11 371 7
18 18 371 2
3 3 1265 1
18 18 130 5
3 3 1310 4
7 7 1342 9
13 13 782 5
12 19 1191 9
12 12 1191 1
4 4 215 2
17 17 100 13
1 1 895 1
0 0 1366 5
5 5 1351 3
4 7 358 10
4 4 358 2
5 5 715 1
9 9 520 6
7 7 1133 2
15 15 1354 3
12 12 1413 13
18 18 838 5
17 17 134 4
8 0 1387 10
8 8 1387 10
6 6 1290 5
14 2 597 12
14 14 597 6
18 4 616 10
18 18 616 11
2 2 101 1
19 19 833 8
3 3 196 1
10 5 680 8
10 10 680 11
9 9 1403 14
12 12 14 2
19 19 942 1
3 17 341 6
3 3 341 8
10 12 571 4
10 10 571 3
11 11 846 7
14 14 1059 11
19 19 1355 9
6 6 967 1
16 12 887 10
16 16 887 4
2 2 681 1
16 16 1377 2
15 17 605 1
15 15 605 1
3 3 785 10
4 0 1278 12
4 4 1278 9
16 16 676 7
6 15 3 1
6 6 3 22
9 9 317 6
15 15 371 1
18 18 437 3
2 2 1070 8
12 16 775 11
12 12 775 1
8 12 370 3
8 8 370 3
9 9 31 11
7 7 636 4
12 10 918 10
12 12 918 4
6 16 194 10
6 6 194 22
19 19 195 4
11 6 1139 4
11 11 1139 7
18 3 121 6
18 18 121 1
14 14 501 5
15 6 1294 1
15 15 1294 4
8 16 142 3
8 8 142 5
14 14 356 2
19 19 526 8
16 16 626 3
10 18 1271 7
10 10 1271 4
14 14 279 1
6 12 1383 10
6 6 1383 2
0 7 1104 8
0 0 1104 8
19 3 748 13
19 19 748 9
6 5 758 6
6 6 758 8
10 12 765 11
10 10 765 7
15 9 1100 12
15 15 1100 7
0 14 1231 10
0 0 1231 4
11 3 797 13
11 11 797 20
12 18 50 1
12 12 50 1
16 11 181 7
16 16 181 2
3 0 433 13
3 3 433 2
8 10 1125 11
8 8 1125 7
7 19 361 12
7 7 361 1
9 9 1248 9
12 6 129 11
12 12 129 2
18 18 1390 5
9 9 1137 2
12 15 272 8
12 12 272 5
0 0 328 1
1 8 33 2
1 1 33 1
6 18 818 10
6 6 818 1
16 16 1342 8
8 8 978 2
7 14 156 6
7 7 156 2
10 10 128 5
12 12 630 1
2 2 1296 14
7 10 813 7
7 7 813 4
2 8 1149 10
2 2 1149 2
11 11 310 2
11 11 391 7
8 8 671 3
7 2 979 12
7 7 979 8
16 7 1274 6
16 16 1274 8
0 0 803 4
4 12 875 4
4 4 875 1
5 9 62 11
5 5 62 18
15 15 117 2
18 18 187 1
4 18 1018 8
4 4 1018 18
12 7 1033 5
12 12 1033 7
17 17 369 9
4 1 905 3
4 4 905 2
3 3 1366 6
9 9 789 18
5 10 353 14
5 5 353 16
8 8 219 1
5 5 754 1
11 11 1405 1
2 2 408 5
19 19 554 9
1 1 1099 7
7 19 1205 14
7 7 1205 6
10 10 1259 12
1 1 720 3
2 18 267 1
2 2 267 1
15 15 1075 1
10 10 657 1
0 13 1195 7
0 0 1195 2
3 3 284 8
12 12 214 1
13 13 363 13
16 16 145 4
9 9 1052 3
14 1 1051 12
14 14 1051 3
19 14 1411 8
19 19 1411 5
1 11 156 2
1 1 156 8
8 14 1168 13
8 8 1168 2
9 9 1133 4
14 14 1418 1
16 10 959 11
16 16 959 1
0 0 340 4
1 1 13 4
7 7 115 4
12 10 1174 9
12 12 1174 17
2 5 657 12
2 2 657 2
9 9 411 18
12 16 538 8
12 12 538 5
2 14 1268 2
2 2 1268 17
4 4 1206 9
16 5 1080 9
16 16 1080 1
0 0 225 3
8 8 556 1
18 18 509 1
9 9 198 11
16 3 1254 3
16 16 1254 1
18 18 268 2
8 0 266 5
8 8 266 2
9 9 87 1
12 13 1069 3
12 12 1069 1
17 18 349 5
17 17 349 1
0 9 557 6
0 0 557 1
19 16 251 5
19 19 251 4
1 16 1284 13
1 1 1284 13
11 19 1211 2
11 11 1211 15
9 14 942 8
9 9 942 7
14 1 2 11
14 14 2 6
17 17 127 1
0 17 1355 3
0 0 1355 2
6 17 1037 4
6 6 1037 2
16 13 305 8
16 16 305 26
18 7 754 3
18 18 754 1
2 1 239 14
2 2 239 4
11 12 583 5
11 11 583 6
13 12 429 5
13 13 429 1
14 8 638 7
14 14 638 7
6 16 702 9
6 6 702 1
14 14 1237 3
0 12 1207 2
0 0 1207 1
7 4 288 5
7 7 288 1
14 14 1092 1
16 16 253 3
3 8 393 4
3 3 393 4
6 11 984 6
6 6 984 3
3 10 534 11
3 3 534 10
10 14 358 10
10 10 358 9
15 15 971 6
7 14 87 4
7 7 87 11
10 19 201 2
10 10 201 2
3 12 820 13
3 3 820 4
8 5 1002 9
8 8 1002 1
17 11 876 3
17 17 876 2
15 19 745 12
15 15 745 4
2 4 1240 12
2 2 1240 1
6 6 36 1
10 18 43 9
10 10 43 5
0 18 205 1
0 0 205 4
3 9 1123 14
3 3 1123 14
12 12 1011 5
3 7 1264 4
3 3 1264 1
8 10 294 10
8 8 294 7
17 8 680 8
17 17 680 2
3 3 1281 2
13 13 956 11
5 5 296 2
8 11 4 14
8 8 4 11
1 14 973 13
1 1 973 4
8 10 147 11
8 8 147 12
9 9 702 24
15 15 1316 10
5 5 714 1
10 5 996 12
10 10 996 2
11 11 1413 1
7 14 1132 3
7 7 1132 1
15 15 1365 4
16 16 285 14
14 14 312 1
3 6 41 4
3 3 41 2
14 18 683 12
14 14 683 2
1 1 536 16
4 4 1252 4
2 19 243 5
2 2 243 3
5 5 1072 7
5 5 1089 16
5 5 893 9
1 1 314 11
8 5 1098 12
8 8 1098 1
10 3 568 14
10 10 568 3
17 9 1292 10
17 17 1292 3
2 2 900 4
5 5 1379 12
11 11 990 3
0 0 365 1
17 13 1070 10
17 17 1070 2
11 11 188 4
12 12 595 4
8 18 902 11
8 8 902 1
9 9 467 7
2 4 1212 3
2 2 1212 1
3 3 929 1
8 8 740 1
6 6 403 13
8 6 450 1
8 8 450 2
9 9 111 2
12 12 1126 2
17 17 660 5
3 3 1405 6
12 12 1269 4
1 1 1356 13
4 13 37 2
4 4 37 1
3 3 1418 2
8 8 32 3
9 9 841 20
14 0 506 12
14 14 506 12
0 0 644 7
1 6 1277 13
1 1 1277 3
5 5 669 2
9 9 730 5
2 18 437 8
2 2 437 6
10 10 920 1
13 3 19 10
13 13 19 8
14 14 276 3
17 17 208 4
14 14 647 1
1 1 612 5
10 5 762 11
10 10 762 3
12 12 92 8
1 11 405 3
1 1 405 2
6 14 646 1
6 6 646 2
5 1 849 4
5 5 849 8
10 15 589 8
10 10 589 2
12 4 51 6
12 12 51 1
13 13 326 6
19 19 1273 5
1 1 262 2
6 15 529 13
6 6 529 1
3 2 449 11
3 3 449 5
15 15 914 3
0 8 329 4
0 0 329 8
18 18 1278 1
8 6 836 4
8 8 836 4
6 0 819 3
6 6 819 3
7 18 14 3
7 7 14 2
10 1 318 7
10 10 318 9
12 2 480 5
12 12 480 1
16 18 995 14
16 16 995 14
0 0 504 8
18 12 1041 9
18 18 1041 3
4 9 1100 2
4 4 1100 9
12 9 631 1
12 12 631 6
17 17 1179 16
12 12 215 6
2 5 573 7
2 2 573 7
8 9 930 11
8 8 930 1
10 1 16 11
10 10 16 7
15 15 289 6
0 0 6 5
6 4 492 3
6 6 492 2
16 1 1132 12
16 16 1132 3
17 17 965 4
15 16 342 2
15 15 342 7
13 13 1149 4
4 9 1408 9
4 4 1408 1
17 17 743 7
18 15 184 1
18 18 184 3
14 0 180 12
14 14 180 4
15 15 229 4
18 18 203 3
0 14 753 1
0 0 753 2
1 9 1192 9
1 1 1192 4
8 8 220 1
8 8 171 4
7 15 1063 12
7 7 1063 1
17 18 35 6
17 17 35 1
0 3 1311 9
0 0 1311 11
16 16 357 6
1 10 727 3
1 1 727 1
2 2 264 3
5 5 1255 9
11 11 602 3
7 7 1221 7
15 15 1074 1
1 13 576 5
1 1 576 5
5 5 804 10
16 2 3 5
16 16 3 7
14 6 530 7
14 14 530 2
1 0 497 7
1 1 497 6
19 19 888 4
6 6 610 1
14 7 1129 9
14 14 1129 3
2 3 989 5
2 2 989 2
6 11 1021 12
6 6 1021 3
16 16 801 4
1 2 147 10
1 1 147 2
18 4 1363 7
18 18 1363 1
2 2 844 4
14 14 1419 2
16 16 944 4
1 1 12 1
3 3 586 6
8 12 864 2
8 8 864 2
18 13 1141 8
18 18 1141 3
2 1 622 10
2 2 622 1
3 3 731 10
9 9 410 1
17 17 1159 6
0 10 115 13
0 0 115 2
2 2 513 7
8 8 606 1
16 16 1081 3
4 4 554 8
8 17 557 11
8 8 557 13
4 4 1350 8
11 11 418 12
16 16 1096 9
12 17 889 6
12 12 889 3
17 7 929 3
17 17 929 9
18 18 506 1
8 15 700 13
8 8 700 4
6 6 347 8
9 9 197 1
16 0 1255 2
16 16 1255 10
12 6 968 12
12 12 968 12
4 4 840 1
5 5 17 2
7 15 583 4
7 7 583 5
13 13 518 2
0 12 959 4
0 0 959 2
7 1 724 6
7 7 724 18
13 13 919 8
12 8 1070 11
12 12 1070 6
0 12 558 6
0 0 558 3
19 12 250 13
19 19 250 1
17 17 493 11
19 19 363 7
18 18 977 2
1 1 1061 2
10 10 961 2
13 13 202 14
2 2 381 2
4 4 275 2
10 10 848 2
7 6 1176 13
7 7 1176 17
18 5 755 4
18 18 755 2
6 6 1324 1
5 5 1015 6
16 12 464 7
16 16 464 5
6 11 100 6
6 6 100 5
6 14 703 12
6 6 703 1
12 18 100 4
12 12 100 6
16 16 111 5
19 19 1216 3
2 7 14 2
2 2 14 4
10 10 517 2
14 14 1093 3
1 1 334 3
3 3 392 1
11 10 949 14
11 11 949 2
14 14 776 6
1 1 255 4
2 2 848 14
7 7 449 7
14 2 1383 7
14 14 1383 8
15 19 970 4
15 15 970 1
7 7 86 1
11 10 147 5
11 11 147 1
17 13 1234 3
17 17 1234 9
3 12 8 11
3 3 8 2
8 7 1003 14
8 8 1003 1
9 9 438 12
7 18 231 1
7 7 231 6
12 12 575 1
17 17 867 9
2 13 1241 3
2 2 1241 23
4 5 639 2
4 4 639 2
3 3 836 7
6 10 37 11
6 6 37 4
4 4 1338 4
9 19 144 3
9 9 144 14
7 7 901 1
15 13 398 11
15 15 398 4
0 1 893 2
0 0 893 12
0 7 1137 9
0 0 1137 4
13 13 1413 2
4 4 812 5
7 13 683 3
7 7 683 1
4 4 947 2
5 5 390 6
14 14 108 1
19 19 278 7
9 9 812 12
9 9 701 1
18 7 821 8
18 18 821 7
11 11 642 1
4 4 352 4
9 9 526 11
7 5 1135 4
7 7 1135 2
14 7 313 2
14 14 313 1
17 12 235 11
17 17 235 6
1 13 750 11
1 1 750 5
18 15 836 6
18 18 836 2
5 5 1198 13
2 16 102 14
2 2 102 1
14 18 680 8
14 14 680 1
18 1 727 1
18 18 727 7
15 7 1130 3
15 15 1130 2
14 10 603 9
14 14 603 9
1 13 392 6
1 1 392 5
18 12 614 1
18 18 614 2
2 12 99 9
2 2 99 2
10 10 598 9
2 17 18 12
2 2 18 1
19 19 944 5
8 8 1099 9
7 7 263 1
12 12 159 3
17 17 1283 9
14 14 885 3
8 16 1242 2
8 8 1242 3
9 2 1115 4
9 9 1115 6
0 4 366 10
0 0 366 2
18 18 1179 5
10 13 283 10
10 10 283 1
11 1 46 8
11 11 46 5
6 6 231 4
16 16 1379 7
12 12 588 7
16 19 535 12
16 16 535 3
0 11 396 9
0 0 396 1
8 5 903 4
8 8 903 1
0 4 59 8
0 0 59 3
3 3 928 1
8 15 534 14
8 8 534 3
6 6 1 2
11 11 413 1
8 16 741 12
8 8 741 5
4 8 1310 4
4 4 1310 2
15 7 482 12
15 15 482 2
12 19 912 2
12 12 912 6
17 17 651 6
15 15 128 11
14 11 72 2
14 14 72 15
1 1 1347 3
4 5 38 9
4 4 38 4
12 6 1349 2
12 12 1349 2
1 1 808 4
9 9 729 1
17 17 70 11
5 1 557 3
5 5 557 22
10 12 921 4
10 10 921 5
5 5 958 11
16 18 393 12
16 16 393 5
19 19 1050 10
1 3 635 11
1 1 635 9
5 5 975 24
16 5 24 1
16 16 24 1
16 16 183 2
1 2 261 7
1 1 261 1
3 3 435 13
11 11 876 3
12 12 131 5
5 5 286 4
1 1 182 4
3 10 448 9
3 3 448 1
6 13 929 10
6 6 929 12
10 2 428 7
10 10 428 6
15 15 925 9
18 14 1279 5
18 18 1279 2
6 6 816 2
11 11 74 3
12 14 481 9
12 12 481 8
8 8 980 3
7 8 158 13
7 7 158 3
17 6 1178 4
17 17 1178 1
0 7 104 11
0 0 104 1
8 8 931 1
11 15 296 6
11 11 296 2
15 15 288 1
16 16 642 1
4 19 567 9
4 4 567 1
4 4 1379 21
4 4 710 4
3 0 1069 13
3 3 1069 1
8 19 641 11
8 8 641 4
6 0 380 10
6 6 380 4
4 4 1409 2
9 9 57 4
13 0 737 5
13 13 737 10
15 18 119 11
15 15 119 1
7 7 755 2
1 11 1342 2
1 1 1342 3
13 13 148 1
4 5 907 12
4 4 907 3
7 7 1280 4
4 4 26 1
8 8 221 1
7 0 1425 12
7 7 1425 2
12 16 1385 6
12 12 1385 1
6 12 152 2
6 6 152 16
0 0 1377 1
19 19 447 5
5 5 752 2
15 12 1311 8
15 15 1311 5
18 12 893 1
18 18 893 8
15 15 1420 2
0 14 1423 12
0 0 1423 4
3 10 96 4
3 3 96 3
11 11 605 7
10 15 1144 10
10 10 1144 5
19 0 1078 1
19 19 1078 5
0 14 1086 10
0 0 1086 1
19 13 778 9
19 19 778 6
8 0 1317 14
8 8 1317 1
6 17 720 8
6 6 720 13
11 11 682 9
15 15 1186 2
0 15 1197 5
0 0 1197 7
6 7 611 4
6 6 611 1
9 9 1201 11
19 19 1300 2
1 4 353 3
1 1 353 11
3 3 431 2
14 3 813 6
14 14 813 7
1 1 146 1
8 15 1170 3
8 8 1170 6
6 13 909 7
6 6 909 13
7 7 476 3
14 3 1416 8
14 14 1416 1
2 2 764 17
11 11 118 2
16 12 1308 12
16 16 1308 5
17 12 1269 7
17 17 1269 3
16 17 960 5
16 16 960 3
2 12 1347 7
2 2 1347 1
2 18 623 8
2 2 623 8
8 16 1008 1
8 8 1008 4
4 4 1057 5
10 10 162 6
3 15 118 10
3 3 118 3
3 3 875 1
8 7 607 11
8 8 607 4
7 16 787 2
7 7 787 4
18 18 507 2
3 18 1033 11
3 3 1033 10
0 0 769 1
4 18 841 7
4 4 841 8
0 14 1103 12
0 0 1103 1
8 8 268 13
13 13 517 1
18 18 157 5
0 3 944 4
0 0 944 1
17 4 339 13
17 17 339 2
1 8 1306 12
1 1 1306 5
6 4 1249 9
6 6 1249 1
8 6 106 4
8 8 106 6
12 12 1214 3
17 17 492 1
18 18 959 4
0 15 1357 8
0 0 1357 2
10 17 1338 8
10 10 1338 5
13 12 1117 11
13 13 1117 9
19 19 584 4
13 13 90 3
14 10 717 8
14 14 717 8
6 1 1325 12
6 6 1325 3
11 0 633 11
11 11 633 2
18 15 515 8
18 18 515 8
10 10 691 5
11 11 726 4
19 19 1219 3
10 16 514 4
10 10 514 3
1 11 333 12
1 1 333 1
6 6 990 1
7 2 435 9
7 7 435 1
0 0 1160 3
18 9 1223 14
18 18 1223 11
18 18 1110 1
8 3 1004 2
8 8 1004 1
10 10 70 1
8 6 635 1
8 8 635 3
10 17 41 8
10 10 41 2
15 7 280 12
15 15 280 8
3 4 980 6
3 3 980 4
7 3 900 8
7 7 900 1
16 11 1220 12
16 16 1220 2
13 13 1412 1
12 13 144 4
12 12 144 4
3 8 1266 8
3 3 1266 2
9 9 113 31
3 2 1283 13
3 3 1283 2
14 14 109 11
4 4 67 4
3 3 1424 5
7 10 1352 8
7 7 1352 4
13 16 779 6
13 13 779 3
18 1 931 13
18 18 931 8
6 6 1116 1
17 0 89 8
17 17 89 5
1 17 892 5
1 1 892 3
18 2 818 6
18 18 818 3
5 19 712 7
5 5 712 2
2 2 350 8
5 11 1197 5
5 5 1197 1
5 5 474 11
14 11 681 1
14 14 681 2
5 5 1086 3
4 16 391 7
4 4 391 5
10 19 1072 5
10 10 1072 7
19 19 1134 9
3 3 201 8
14 14 1207 11
14 14 971 1
19 7 1247 8
19 19 1247 5
1 13 312 8
1 1 312 2
0 9 1173 12
0 0 1173 3
11 16 835 7
11 11 835 11
12 12 152 2
16 15 219 14
16 16 219 3
5 5 1377 2
6 6 954 8
11 8 976 4
11 11 976 5
18 18 1176 3
3 9 628 11
3 3 628 6
14 1 1344 12
14 14 1344 4
1 4 75 8
1 1 75 1
4 1 1130 14
4 4 1130 1
15 15 606 36
0 0 397 5
8 19 904 2
8 8 904 3
3 19 931 12
3 3 931 1
2 2 1424 2
15 15 380 18
3 15 1089 3
3 3 1089 3
8 8 373 4
9 14 28 5
9 9 28 3
17 2 761 3
17 17 761 8
0 8 969 9
0 0 969 1
4 4 769 7
8 14 452 3
8 8 452 2
7 7 654 3
14 17 222 8
14 14 222 9
11 11 1372 2
0 0 535 5
19 19 309 28
3 13 1420 11
3 3 1420 2
13 5 815 11
13 13 815 5
18 11 903 4
18 18 903 6
1 1 1267 5
7 8 1085 14
7 7 1085 3
2 2 435 2
1 16 1132 6
1 1 1132 4
13 18 17 6
13 13 17 2
1 1 713 7
10 10 1093 6
14 17 645 14
14 14 645 2
1 14 634 14
1 1 634 1
13 13 252 1
15 6 1097 12
15 15 1097 1
16 19 25 9
16 16 25 6
2 13 68 3
2 2 68 12
8 8 1433 4
6 6 644 2
0 11 95 14
0 0 95 2
12 10 45 9
12 12 45 1
16 19 168 3
16 16 168 1
14 14 935 1
1 5 260 5
1 1 260 1
6 6 535 2
7 3 362 12
7 7 362 6
10 10 474 10
11 11 879 1
1 1 181 1
18 18 1389 1
2 11 870 10
2 2 870 9
8 18 1271 10
8 8 1271 1
1 18 38 7
1 1 38 2
18 10 1276 14
18 18 1276 1
2 2 793 8
3 3 592 2
11 15 77 14
11 11 77 1
2 2 1404 1
0 9 105 2
0 0 105 1
2 8 571 9
2 2 571 2
8 10 932 6
8 8 932 2
6 6 83 1
9 5 461 13
9 9 461 6
16 1 643 1
16 16 643 2
0 0 183 4
4 4 854 1
7 1 605 7
7 7 605 9
12 3 949 7
12 12 949 7
1 2 1420 4
1 1 1420 4
3 18 1226 10
3 3 1226 6
12 12 1028 4
0 12 580 8
0 0 580 1
4 1 116 14
4 4 116 1
8 19 79 11
8 8 79 10
0 4 755 14
0 0 755 1
19 19 337 3
4 4 27 7
8 13 222 1
8 8 222 6
11 11 1249 3
12 12 1386 1
5 5 1139 5
0 14 1378 13
0 0 1378 2
1 1 1247 7
11 11 1406 3
1 16 676 10
1 1 676 15
0 4 1297 3
0 0 1297 2
1 16 1096 12
1 1 1096 3
13 7 53 8
13 13 53 10
0 10 1408 10
0 0 1408 1
3 17 99 14
3 3 99 6
1 19 582 14
1 1 582 5
0 0 1087 3
8 8 1318 9
1 2 503 10
1 1 503 3
10 10 623 4
11 11 826 1
14 14 1135 6
17 10 1337 6
17 17 1337 9
13 11 360 5
13 13 360 3
14 14 899 9
19 19 1003 2
6 6 1011 2
11 11 907 5
14 19 1054 6
14 14 1054 1
15 15 835 1
7 9 479 9
7 7 479 2
14 14 1417 1
18 0 1248 10
18 18 1248 9
8 8 866 1
0 11 117 1
0 0 117 2
3 8 874 10
3 3 874 1
6 12 63 11
6 6 63 15
7 17 786 8
7 7 786 1
10 5 50 4
10 10 50 4
12 12 740 10
16 17 751 6
16 16 751 1
2 4 1122 9
2 2 1122 1
13 11 1192 7
13 13 1192 10
0 0 147 3
3 3 1032 1
7 10 560 14
7 7 560 3
17 17 560 8
0 12 770 14
0 0 770 2
7 12 577 9
7 7 577 1
14 7 231 11
14 14 231 14
17 11 705 7
17 17 705 8
0 16 945 14
0 0 945 4
4 6 985 5
4 4 985 1
14 14 150 3
17 14 338 6
17 17 338 1
18 18 45 6
0 0 544 3
5 5 305 28
1 2 998 8
1 1 998 4
0 11 735 1
0 0 735 5
6 11 1137 13
6 6 1137 6
13 13 887 10
17 0 124 10
17 17 124 3
1 1 1083 3
6 3 1024 2
6 6 1024 9
10 4 975 1
10 10 975 1
2 2 234 5
5 5 1241 6
10 10 1053 7
15 15 1040 12
2 3 157 3
2 2 157 3
5 5 1130 9
5 9 774 4
5 5 774 10
9 9 1347 4
14 0 1240 11
14 14 1240 1
16 15 97 3
16 16 97 2
3 3 381 11
14 18 1099 2
14 14 1099 12
17 17 1317 4
14 14 927 8
18 18 1314 9
6 7 991 7
6 6 991 2
11 11 951 1
14 14 782 5
1 1 253 2
6 14 878 3
6 6 878 5
15 8 980 14
15 15 980 4
16 11 926 8
16 16 926 2
3 3 680 2
8 2 798 3
8 8 798 11
18 18 1111 3
8 5 1005 10
8 8 1005 3
9 9 436 2
7 7 225 1
10 10 71 21
12 12 569 1
2 2 1239 1
4 11 633 9
4 4 633 6
4 4 1173 10
16 5 715 1
16 16 715 4
0 0 192 13
6 6 426 8
8 8 346 11
12 12 1006 3
0 12 1006 3
0 0 1006 3
14 14 195 5
13 13 1300 6
19 19 171 1
5 5 388 2
8 11 440 4
8 8 440 10
11 11 1099 6
18 18 17 6
4 15 76 11
4 4 76 1
14 10 29 10
14 14 29 4
6 6 1117 4
10 9 1356 14
10 10 1356 1
1 1 883 2
0 6 1322 2
0 0 1322 9
1 13 1031 2
1 1 1031 7
10 8 995 5
10 10 995 1
11 19 1414 8
11 11 1414 6
17 13 233 11
17 17 233 2
13 11 125 7
13 13 125 10
14 2 686 9
14 14 686 9
3 15 187 2
3 3 187 2
11 8 612 8
11 11 612 3
13 3 462 4
13 13 462 10
12 9 10 14
12 12 10 3
14 3 891 11
14 14 891 4
1 1 168 9
18 5 1286 9
18 18 1286 6
2 1 899 5
2 2 899 1
6 6 240 3
0 7 287 11
0 0 287 7
1 0 74 11
1 1 74 1
18 5 1064 5
18 18 1064 8
8 10 826 5
8 8 826 1
6 17 229 14
6 6 229 2
2 5 1288 2
2 2 1288 1
6 15 116 5
6 6 116 8
10 10 123 5
11 4 270 11
11 11 270 2
17 15 845 10
17 17 845 8
3 3 930 1
13 13 1237 7
3 3 1075 10
4 4 1304 2
11 19 492 5
11 11 492 3
12 10 771 6
12 12 771 4
15 8 492 13
15 15 492 2
18 5 448 6
18 18 448 1
0 18 970 13
0 0 970 7
3 3 1233 18
19 19 199 4
9 3 1021 5
9 9 1021 8
13 13 989 8
17 1 282 9
17 17 282 15
1 1 1345 2
5 5 265 11
8 8 35 6
12 12 1351 3
19 19 421 4
6 6 1081 6
8 0 178 11
8 8 178 1
9 9 735 4
1 11 863 13
1 1 863 2
4 15 326 7
4 4 326 6
9 9 552 11
14 14 283 1
18 3 678 2
18 18 678 10
5 0 1152 8
5 5 1152 14
0 0 1253 4
2 2 210 1
5 5 1041 11
14 10 1249 10
14 14 1249 1
14 18 565 11
14 14 565 9
18 16 584 10
18 18 584 8
3 1 292 14
3 3 292 11
12 12 46 4
16 12 169 13
16 16 169 1
19 19 974 5
15 11 878 11
15 15 878 4
1 1 180 1
8 13 1272 10
8 8 1272 1
18 19 1277 1
18 18 1277 1
2 14 790 13
2 2 790 3
6 6 822 1
2 1 1405 14
2 2 1405 3
2 12 649 13
2 2 649 8
16 16 629 2
0 4 106 11
0 0 106 1
11 11 298 8
16 16 1135 3
18 18 405 3
13 13 1146 3
0 15 807 11
0 0 807 1
4 7 855 5
4 4 855 1
4 3 1411 7
4 4 1411 3
17 17 740 3
1 13 1411 1
1 1 1411 2
4 12 998 13
4 4 998 7
9 9 904 5
7 1 749 14
7 7 749 1
18 18 198 5
0 11 581 8
0 0 581 4
4 4 117 21
8 8 112 2
14 14 42 2
1 12 921 13
1 1 921 7
0 0 756 11
1 4 1197 8
1 1 1197 3
7 14 1427 6
12 9 1387 12
12 12 1387 5
18 18 1000 9
2 2 485 2
1 1 1246 1
6 16 1061 4
6 6 1061 5
9 0 763 6
9 9 763 3
5 5 527 3
10 10 955 6
15 15 1422 2
16 16 344 8
0 13 1409 14
0 0 1409 10
19 19 671 11
6 6 1351 8
1 0 581 8
1 1 581 1
5 1 801 3
5 5 801 3
14 14 1277 6
15 14 1196 9
15 15 1196 6
14 14 529 1
2 2 41 8
6 4 609 1
6 6 609 1
14 14 1132 3
16 12 149 10
16 16 149 3
19 19 1302 35
8 8 1029 1
14 6 1055 12
14 14 1055 4
2 2 843 1
1 2 1 1
1 1 1 3
8 7 867 14
8 8 867 6
10 7 209 13
10 10 209 12
12 4 391 9
12 12 391 2
2 2 1345 2
16 12 593 14
16 16 593 1
2 8 1264 7
2 2 1264 4
9 9 488 10
7 10 781 10
7 7 781 5
11 15 342 7
11 11 342 2
16 2 1084 11
16 16 1084 5
15 7 262 1
15 15 262 2
0 0 229 1
15 19 439 8
15 15 439 4
18 4 505 2
18 18 505 1
7 7 563 6
13 9 690 11
13 13 690 5
15 14 36 6
15 15 36 6
18 0 264 14
18 18 264 4
9 9 91 5
19 19 142 5
4 4 986 8
13 13 916 3
19 12 255 4
19 19 255 1
13 13 997 5
1 17 997 2
1 1 997 1
0 18 720 14
0 0 720 15
12 12 1295 5
0 0 1359 2
1 1 1082 1
10 10 972 3
1 10 647 10
1 1 647 2
17 15 157 10
17 17 157 19
1 1 560 13
6 13 1315 10
6 6 1315 4
11 11 635 2
5 5 773 1
11 11 712 4
14 14 1241 8
13 13 314 6
14 14 1005 5
0 17 1163 12
0 0 1163 6
7 7 284 3
14 14 1096 3
3 9 397 1
3 3 397 2
2 12 1213 14
2 2 1213 11
15 14 934 2
15 15 934 10
1 15 252 12
1 1 252 1
10 8 354 8
10 10 354 1
11 11 148 10
3 3 824 4
6 14 137 13
6 6 137 3
12 8 570 12
12 12 570 5
7 3 881 2
7 7 881 7
16 14 1048 11
16 16 1048 3
12 12 649 7
17 17 1009 15
2 2 1095 4
7 7 902 3
11 11 451 23
16 16 1207 6
5 18 225 14
5 5 225 9
16 19 1222 10
16 16 1222 6
15 15 56 9
3 3 1268 6
13 13 551 7
18 17 255 10
18 18 255 6
0 14 926 1
0 0 926 6
3 19 1285 10
3 3 1285 2
7 9 1333 3
7 7 1333 7
18 5 14 12
18 18 14 3
6 4 400 14
6 6 400 3
4 4 77 4
5 5 276 6
1 10 1173 7
1 1 1173 3
4 19 220 13
4 4 220 4
10 0 1357 2
10 10 1357 3
1 1 1030 1
10 14 992 4
10 10 992 3
9 9 563 6
15 11 1361 7
15 15 1361 4
14 14 316 1
17 6 232 3
17 17 232 1
18 3 835 8
18 18 835 1
2 18 348 3
2 2 348 2
19 19 727 1
8 5 1296 3
8 8 1296 1
6 6 1295 3
11 14 615 14
11 11 615 1
15 1 1143 14
15 15 1143 4
16 11 63 5
16 16 63 18
1 11 397 3
1 1 397 5
14 7 1205 6
14 14 1205 2
19 19 949 11
12 12 154 1
14 14 888 3
5 5 1391 7
8 8 1245 2
7 3 401 5
7 7 401 1
9 9 1112 3
17 14 1425 6
17 17 1425 5
18 6 1174 10
18 18 1174 2
10 15 262 12
10 10 262 10
11 11 35 1
15 2 555 7
15 15 555 2
8 9 827 1
8 8 827 6
10 0 233 10
10 10 233 10
11 16 176 4
11 11 176 4
2 0 1289 10
2 2 1289 7
7 7 196 13
10 6 120 9
10 10 120 1
15 15 713 12
0 17 62 4
0 0 62 2
8 13 537 14
8 8 537 7
11 11 414 3
2 15 1067 7
2 2 1067 3
11 11 495 6
13 13 1109 6
18 18 449 19
7 7 635 1
5 5 436 4
3 3 1232 1
8 0 454 4
8 8 454 1
17 17 648 3
13 13 1335 17
4 13 914 13
4 4 914 14
13 0 988 1
13 13 988 1
3 9 1422 10
3 3 1422 2
12 15 1344 10
12 12 1344 5
18 18 901 2
8 8 179 5
13 13 190 4
17 11 59 11
17 17 59 6
18 10 788 11
18 18 788 11
14 14 280 3
17 17 212 5
10 10 791 8
14 14 651 5
1 1 632 2
18 14 566 8
18 18 566 10
2 7 211 11
2 2 211 3
8 19 1292 10
8 8 1292 4
10 17 742 1
10 10 742 12
11 16 643 12
11 11 643 3
15 15 1099 1
6 5 634 12
6 6 634 2
16 16 170 3
5 5 1330 5
14 16 852 12
14 14 852 9
2 2 868 1
8 0 1273 14
8 8 1273 1
17 6 1149 9
17 17 1149 4
14 14 433 7
3 3 594 8
8 2 840 3
8 8 840 5
6 9 823 4
6 6 823 4
2 2 1402 2
8 11 983 13
8 8 983 4
12 10 627 7
12 12 627 3
15 15 700 4
0 14 107 1
0 0 107 1
8 11 934 9
8 8 934 2
12 1 706 7
12 12 706 1
17 17 808 8
16 10 645 5
16 16 645 6
4 12 562 5
4 4 562 5
6 17 480 13
6 6 480 4
15 19 338 2
15 15 338 4
4 4 705 1
5 5 168 40
6 8 371 6
6 6 371 2
17 17 586 7
13 13 542 3
15 14 112 8
15 15 112 5
1 3 1410 1
1 1 1410 1
14 14 184 1
13 9 1371 7
13 13 1371 26
19 12 226 8
19 19 226 3
1 2 1331 14
1 1 1331 6
6 6 1272 4
1 17 1196 14
1 1 1196 1
12 12 1380 5
0 12 1380 7
0 0 1380 1
8 8 175 3
7 5 1059 5
7 7 1059 4
0 16 1299 14
0 0 1299 3
5 6 526 11
5 5 526 1
14 14 756 7
17 16 176 7
17 17 176 4
1 1 555 3
19 17 670 3
19 19 670 1
4 9 458 9
4 4 458 1
7 16 1217 11
7 7 1217 4
16 16 488 19
19 9 1083 13
19 19 1083 15
18 18 538 6
14 19 1218 9
14 14 1218 12
19 19 892 3
7 7 315 9
12 5 211 11
12 12 211 2
19 9 1005 6
19 19 1005 2
8 8 1030 1
6 19 1009 4
6 6 1009 2
10 18 508 1
10 10 508 5
12 15 162 2
12 12 162 20
16 6 805 11
16 16 805 6
2 2 840 3
12 18 305 11
12 12 305 2
17 10 1113 12
17 17 1113 9
15 4 1010 1
15 15 1010 8
16 16 948 6
14 14 1342 1
16 16 963 16
4 11 1068 6
4 4 1068 14
16 16 594 3
0 8 119 2
0 0 119 1
2 2 541 11
3 3 876 3
10 10 48 2
11 6 329 10
11 11 329 2
17 16 788 13
17 17 788 6
16 18 737 14
16 16 737 3
0 12 230 10
0 0 230 3
12 0 885 2
12 12 885 1
15 15 438 1
12 5 964 11
12 12 964 4
0 0 772 3
3 3 1320 10
11 11 1057 3
1 10 1311 4
1 1 1311 1
7 4 1377 2
7 7 1377 8
12 12 1209 5
17 5 481 12
17 17 481 8
6 0 1143 11
6 6 1143 9
13 5 885 8
13 13 885 2
18 7 973 14
18 18 973 4
0 7 1344 12
0 0 1344 7
19 19 476 3
1 14 1081 11
1 1 1081 1
10 10 1337 1
1 15 646 7
1 1 646 1
5 5 610 7
13 13 87 3
18 18 751 3
2 19 232 5
2 2 232 2
8 11 1397 12
8 8 1397 12
5 5 1011 4
10 5 815 10
10 10 815 5
10 10 1051 2
2 2 155 2
6 15 691 9
6 6 691 11
13 1 313 1
13 13 313 1
16 19 99 8
16 16 99 3
14 6 1010 1
14 14 1010 6
7 9 287 11
7 7 287 1
10 9 513 13
10 10 513 1
5 5 1290 5
7 7 61 6
10 10 355 3
0 14 309 8
0 0 309 3
3 3 682 5
6 1 255 7
6 6 255 9
6 1 142 10
6 6 142 2
16 17 702 1
16 16 702 9
0 0 83 2
8 17 638 13
8 8 638 3
6 16 25 9
6 6 25 11
7 1 880 3
7 7 880 1
4 1 522 14
4 4 522 1
3 3 985 9
6 1 424 13
6 6 424 2
17 17 897 23
13 13 1072 8
13 13 725 12
0 0 992 3
4 4 808 4
14 18 193 5
14 14 193 2
13 17 1298 11
13 13 1298 2
18 18 252 1
7 10 1332 6
7 7 1332 1
1 1 1403 1
3 3 1429 3
3 7 1287 6
3 3 1287 9
14 15 483 11
14 14 483 3
0 4 701 9
0 0 701 1
17 9 94 3
17 17 94 3
7 7 1131 1
14 14 317 12
1 2 738 13
1 1 738 12
4 16 499 9
4 4 499 1
0 5 1098 7
0 0 1098 5
19 19 726 1
6 19 1260 13
6 6 1260 3
8 3 1297 13
8 8 1297 2
10 10 1087 6
6 7 671 14
6 6 671 2
12 7 4 12
12 12 4 3
2 2 1006 18
12 12 155 4
16 16 222 9
11 11 981 9
0 0 354 5
6 6 840 18
17 7 1057 2
17 17 1057 3
15 10 554 9
15 15 554 1
3 3 646 3
4 19 1109 1
4 4 1109 21
12 12 1374 2
16 18 523 11
16 16 523 9
8 8 907 11
6 17 106 10
6 6 106 4
10 1 121 6
10 10 121 2
11 11 256 6
3 3 932 6
9 9 295 3
7 11 852 10
7 7 852 2
12 14 686 12
12 12 686 6
2 7 1064 11
2 2 1064 3
4 4 1306 4
16 1 1172 6
16 16 1172 1
15 15 494 1
0 19 861 12
0 0 861 23
13 13 761 11
19 19 88 2
5 5 85 3
8 5 455 14
8 8 455 2
13 13 586 12
18 18 224 1
0 10 635 3
0 0 635 9
4 4 34 3
1 1 812 7
6 10 1087 6
6 6 1087 2
5 2 1166 3
5 5 1166 3
6 6 1369 6
10 13 788 11
10 10 788 1
14 14 648 3
2 2 208 2
5 5 1055 3
9 9 1288 7
15 7 1098 10
15 15 1098 1
14 9 938 4
14 14 938 7
16 13 826 10
16 16 826 8
1 12 138 14
1 1 138 8
2 3 869 6
2 2 869 1
8 8 1274 4
10 9 424 12
10 10 424 4
17 17 1148 1
16 8 841 4
16 16 841 1
18 1 1275 5
18 18 1275 1
11 9 78 13
11 11 78 4
16 7 631 5
16 16 631 8
0 7 108 13
0 0 108 4
3 3 883 10
9 0 498 14
9 9 498 9
12 12 707 11
9 9 323 8
15 15 349 6
2 7 1036 14
2 2 1036 1
4 7 706 4
4 4 706 4
8 11 645 5
8 8 645 8
6 4 368 14
6 6 368 1
7 14 969 2
7 7 969 10
17 17 585 1
15 5 450 14
15 15 450 13
4 10 849 5
4 4 849 5
9 9 61 3
18 3 181 6
18 18 181 3
0 0 936 4
13 13 622 7
14 3 185 12
14 14 185 8
19 2 229 5
19 19 229 4
1 1 1330 1
3 3 1372 17
8 17 114 14
8 8 114 5
14 9 40 14
14 14 40 2
7 7 1421 1
1 19 776 14
1 1 776 11
18 8 998 7
18 18 998 2
0 18 1381 8
0 0 1381 4
5 5 764 4
10 15 1282 11
10 10 1282 1
15 17 1307 10
15 15 1307 4
4 19 292 9
4 4 292 1
4 4 459 12
14 14 612 1
3 3 245 3
13 13 276 11
19 19 895 7
12 15 204 11
12 12 204 1
13 13 357 3
18 2 1341 13
18 18 1341 3
13 13 1431 1
8 14 1031 4
8 8 1031 1
3 13 544 14
3 3 544 2
2 18 50 8
2 2 50 3
2 2 760 4
11 1 106 1
11 11 106 3
14 14 1343 1
8 15 1012 7
8 8 1012 2
3 19 879 9
3 3 879 4
4 2 535 2
4 4 535 4
12 1 886 9
12 12 886 1
0 16 150 10
0 0 150 10
16 16 1244 3
4 15 821 14
4 4 821 11
7 16 578 2
7 7 578 5
15 15 87 4
17 5 343 4
17 17 343 4
13 7 1406 6
13 13 1406 6
0 19 547 7
0 0 547 2
9 9 827 1
9 11 941 6
9 9 941 1
17 18 480 5
17 17 480 1
12 17 1289 6
12 12 1289 1
17 17 113 3
19 19 479 3
10 10 970 2
7 3 1030 2
7 7 1030 8
14 11 294 2
14 14 294 9
19 19 588 8
18 0 748 8
18 18 748 1
10 8 812 9
10 10 812 3
11 12 637 12
11 11 637 2
13 8 423 2
13 13 423 6
16 17 469 6
16 16 469 1
14 14 576 6
19 19 1110 11
1 19 423 3
1 1 423 2
0 0 1054 3
3 3 209 18
11 11 1003 1
15 16 1154 3
15 15 1154 1
8 8 1108 8
10 11 526 3
10 10 526 1
11 9 859 8
11 11 859 3
12 12 240 6
15 15 819 6
3 13 399 6
3 3 399 7
7 7 431 4
10 10 401 5
9 17 1058 14
9 9 1058 3
16 16 770 8
7 15 60 7
7 7 60 1
11 12 57 10
11 11 57 5
15 15 977 3
18 3 1219 14
18 18 1219 4
10 14 243 11
10 10 243 11
15 15 582 5
18 10 1106 1
18 18 1106 4
7 5 226 8
7 7 226 5
12 12 564 3
4 3 612 6
4 4 612 3
3 3 843 8
15 9 356 11
15 15 356 2
4 12 523 6
4 4 523 5
3 9 984 14
3 3 984 1
14 13 471 5
14 14 471 9
4 11 666 12
4 4 666 14
2 17 487 5
2 2 487 6
7 2 678 7
7 7 678 5
13 13 1297 1
18 19 253 8
18 18 253 2
19 19 172 23
4 4 952 1
5 5 385 3
17 9 307 8
17 17 307 14
18 4 12 14
18 18 12 2
19 19 285 2
14 12 480 9
14 14 480 3
1 16 967 12
1 1 967 1
0 13 702 6
0 0 702 1
1 1 1259 1
10 19 1355 9
10 10 1355 1
13 13 152 13
1 1 880 3
1 1 1028 2
13 5 165 3
13 13 165 8
16 17 275 4
16 16 275 5
14 13 685 1
14 14 685 1
13 1 459 1
13 13 459 3
8 14 1136 8
8 8 1136 7
9 9 1229 7
12 1 148 7
12 12 148 1
2 2 926 4
8 10 1247 6
8 8 1247 7
18 10 1172 9
18 18 1172 2
14 6 1348 11
14 14 1348 16
15 12 565 13
15 15 565 7
3 3 649 7
6 6 216 10
7 15 177 3
7 7 177 11
12 5 585 2
12 12 585 1
5 1 1254 5
5 5 1254 1
2 10 1206 12
2 2 1206 1
4 4 600 10
5
0 6 451
14 17 51
9 17 679
6 13 227
11 12 405
