20 6387
17 15 1416 2
17 17 1416 12
14 12 74 9
14 14 74 7
9 9 708 11
0 11 175 11
0 0 175 4
18 18 706 2
4 4 751 14
3 5 609 11
3 3 609 19
3 13 1076 8
3 3 1076 9
5 5 269 3
8 13 787 14
8 8 787 3
14 4 932 2
14 14 932 1
10 16 622 11
10 10 622 4
4 4 514 6
11 11 1288 4
16 16 880 4
18 3 428 5
18 18 428 8
6 6 211 3
6 3 292 12
6 6 292 1
11 11 1361 7
18 18 121 6
12 11 576 8
12 12 576 1
2 2 993 5
8 9 456 4
8 8 456 8
9 9 478 10
13 13 585 7
12 4 479 7
12 12 479 6
15 15 143 3
2 2 1201 12
19 9 1105 2
19 19 1105 8
6 8 936 12
6 6 936 2
5 5 944 2
10 10 874 3
7 16 1307 4
7 7 1307 13
10 5 1094 6
10 10 1094 5
12 12 281 11
12 12 1267 5
17 17 287 18
1 1 946 9
2 10 1056 12
2 2 1056 7
0 15 747 14
0 0 747 4
2 11 214 6
2 2 214 3
3 16 1085 14
3 3 1085 1
6 12 827 1
6 6 827 6
6 14 396 6
6 6 396 1
0 0 76 9
8 14 930 1
8 8 930 3
12 12 821 1
15 4 571 10
15 15 571 1
0 0 666 17
2 13 690 2
2 2 690 5
5 5 647 2
5 5 850 10
10 2 588 9
10 10 588 6
16 16 1366 11
14 14 367 10
15 8 103 4
15 15 103 3
2 19 1305 2
2 2 1305 10
2 4 549 13
2 2 549 3
5 12 1335 7
5 5 1335 14
4 4 321 5
8 13 954 9
8 8 954 2
10 17 767 13
10 10 767 6
17 13 151 8
17 17 151 3
10 4 1278 7
10 10 1278 2
14 14 1087 5
13 13 13 2
10 9 296 1
10 10 296 8
16 17 649 5
16 16 649 9
2 5 1160 7
2 2 1160 2
2 2 318 4
13 13 467 17
6 15 931 1
6 6 931 5
6 1 500 13
6 6 500 7
17 17 820 21
12 12 1258 3
17 17 272 7
1 1 907 13
18 18 107 1
7 7 726 19
2 1 209 14
2 2 209 5
2 2 794 2
4 4 42 9
3 3 1058 10
6 12 818 3
6 6 818 1
10 3 305 12
10 10 305 1
9 9 1295 4
11 11 72 2
15 6 902 7
15 15 902 5
14 2 1086 9
14 14 1086 1
6 6 966 3
12 19 1401 12
12 12 1401 7
15 19 511 10
15 15 511 6
2 1 1377 3
2 2 1377 1
0 0 657 2
4 4 1157 5
4 0 185 6
4 4 185 36
6 6 632 10
14 2 812 7
14 14 812 2
7 9 156 7
7 7 156 5
11 11 786 3
10 9 1302 6
10 10 1302 11
15 15 1295 5
5 5 1101 3
17 16 50 9
17 17 50 6
19 19 1279 2
5 2 1328 10
5 5 1328 5
13 13 1345 4
7 4 358 2
7 7 358 1
7 7 760 9
12 13 1341 11
12 12 1341 1
15 8 157 13
15 15 157 7
1 1 137 13
18 18 1385 18
2 2 866 8
4 4 479 6
8 2 560 2
8 8 560 8
10 3 796 2
10 10 796 1
7 7 1289 18
11 11 391 3
12 10 1249 4
12 12 1249 1
17 10 265 1
17 17 265 4
18 7 409 5
18 18 409 6
0 15 1070 9
0 0 1070 3
2 2 789 1
8 16 1333 2
8 8 1333 3
5 13 376 9
5 5 376 9
11 3 698 14
11 11 698 10
10 10 1422 1
12 12 81 2
14 1 1312 2
14 14 1312 9
12 12 1392 9
17 14 410 5
17 17 410 5
2 16 1400 9
2 2 1400 6
17 9 683 1
17 17 683 15
3 3 302 1
3 3 741 2
5 0 649 3
5 5 649 3
6 15 265 2
6 6 265 5
7 10 149 5
7 7 149 1
9 9 1153 4
12 6 1250 14
12 12 1250 2
15 15 1300 1
17 17 1181 2
14 10 377 6
14 14 377 2
17 17 43 2
8 7 291 14
8 8 291 3
19 19 110 7
2 14 970 4
2 2 970 1
4 4 1018 2
8 9 509 8
8 8 509 5
12 14 183 4
12 12 183 5
13 14 63 11
13 13 63 3
17 18 369 8
17 17 369 11
13 13 1312 2
2 5 1178 11
2 2 1178 3
8 0 48 10
8 8 48 9
4 4 905 17
8 18 1250 6
8 8 1250 1
6 5 486 8
6 6 486 2
9 9 322 1
13 13 1254 3
19 19 332 2
2 3 748 8
2 2 748 4
9 9 211 20
11 11 1260 2
13 13 651 2
17 18 1029 8
17 17 1029 9
17 17 403 3
18 18 291 7
0 10 826 14
0 0 826 11
0 14 1236 7
0 0 1236 4
2 2 671 2
6 6 1298 12
11 11 1279 9
8 8 170 5
9 9 759 32
15 11 1224 8
15 15 1224 4
15 7 114 2
15 15 114 2
1 1 679 12
3 12 891 5
3 3 891 3
6 12 78 3
6 6 78 1
19 7 600 13
19 19 600 2
15 5 1410 5
15 15 1410 4
15 6 889 2
15 15 889 3
16 16 809 5
14 14 804 4
2 2 1173 4
18 18 610 3
19 19 228 23
2 0 884 2
2 2 884 1
4 4 571 10
3 15 565 4
3 3 565 5
19 19 681 5
9 13 1026 12
9 9 1026 4
11 11 603 24
7 9 1226 10
7 7 1226 17
19 3 839 14
19 19 839 6
8 8 637 11
15 15 421 10
8 4 653 11
8 8 653 8
7 19 961 3
7 7 961 2
15 15 1184 7
12 17 1382 11
12 12 1382 2
2 2 1354 3
0 0 817 6
3 3 723 7
3 1 1190 5
3 3 1190 6
6 6 182 2
10 15 1283 12
10 10 1283 4
17 17 1167 14
16 16 614 2
19 6 563 12
19 19 563 6
3 16 864 13
3 3 864 3
8 9 1413 5
8 8 1413 5
10 10 934 10
7 7 792 30
13 13 49 8
16 16 347 5
14 14 815 3
15 15 232 10
2 2 1132 1
11 11 575 9
2 6 847 6
2 2 847 15
3 19 103 7
3 3 103 4
3 14 570 2
3 3 570 9
15 5 209 3
15 15 209 2
3 3 1348 4
8 8 122 2
11 11 1165 4
9 9 77 6
18 18 23 5
10 16 1125 11
10 10 1125 2
12 15 308 8
12 12 308 4
12 12 833 1
17 17 937 2
18 18 536 7
19 10 346 14
19 19 346 4
16 16 532 2
18 13 1197 2
18 18 1197 6
3 12 1054 7
3 3 1054 4
7 15 115 6
7 7 115 1
17 17 980 1
14 14 1333 5
15 2 612 11
15 15 612 1
0 0 451 1
18 18 1140 5
3 10 261 7
3 3 261 2
6 6 1043 2
18 5 423 11
18 18 423 1
0 0 166 6
17 17 1341 14
13 13 356 1
17 17 715 22
15 5 64 12
15 15 64 8
2 11 1268 6
2 2 1268 7
5 3 629 8
5 5 629 10
9 9 959 20
9 9 626 5
10 10 1181 11
13 13 927 29
15 15 314 2
8 19 473 12
8 8 473 2
7 7 393 14
2 11 838 3
2 2 838 9
8 15 1175 3
8 8 1175 9
7 7 259 10
2 4 971 5
2 2 971 4
12 5 307 10
12 12 307 1
14 17 279 3
14 14 279 11
15 12 1020 4
15 15 1020 9
13 13 1041 28
3 3 251 4
19 3 355 10
19 19 355 3
6 7 716 3
6 6 716 3
8 8 240 7
19 2 787 7
19 19 787 12
16 16 1297 14
13 13 833 5
16 0 965 9
16 16 965 4
2 14 1372 4
2 2 1372 5
2 2 63 3
19 8 903 14
19 19 903 4
15 15 1369 12
15 15 807 30
15 18 73 9
15 15 73 5
1 1 650 2
19 19 138 1
14 15 1366 3
14 14 1366 9
16 4 675 1
16 16 675 6
3 4 878 8
3 3 878 2
0 0 1258 6
8 5 409 8
8 8 409 14
17 2 1042 9
17 17 1042 2
7 9 782 10
7 7 782 8
10 7 62 8
10 10 62 8
10 17 1156 10
10 10 1156 16
12 16 1346 6
12 12 1346 1
13 13 1209 23
14 16 825 13
14 14 825 6
12 12 116 4
19 7 251 8
19 19 251 8
19 15 686 8
19 19 686 2
3 3 85 6
8 0 1353 1
8 8 1353 5
3 14 1023 13
3 3 1023 10
8 11 723 5
8 8 723 2
5 5 911 6
7 7 1386 5
3 2 21 7
3 3 21 1
14 14 631 7
18 10 65 7
18 18 65 4
2 2 752 4
6 10 1138 2
6 6 1138 3
3 1 1036 7
3 3 1036 3
6 5 776 8
6 6 776 1
5 5 784 6
7 7 97 2
10 19 199 11
10 10 199 4
1 1 1271 9
17 17 1249 1
15 15 618 5
18 18 305 13
2 5 461 8
2 2 461 4
3 0 371 8
3 3 371 8
4 4 131 6
10 1 541 11
10 10 541 9
10 10 86 6
18 5 1014 8
18 18 1014 23
14 10 235 7
14 14 235 5
15 15 667 17
15 18 1343 12
15 15 1343 1
3 15 855 13
3 3 855 3
3 3 1322 1
19 19 938 12
10 11 492 2
10 10 492 6
7 6 722 12
7 7 722 2
12 12 671 1
15 18 589 6
15 15 589 6
0 0 978 24
4 4 1020 16
0 0 548 18
19 12 261 9
19 19 261 5
8 8 917 1
5 5 317 6
10 17 802 14
10 10 802 2
10 10 383 13
17 17 1097 2
17 17 924 13
14 11 638 2
14 14 638 7
18 15 495 5
18 18 495 9
15 8 368 8
15 15 368 1
11 14 1006 9
11 11 1006 12
4 4 686 33
6 12 1141 10
6 6 1141 3
7 1 94 10
7 7 94 1
12 11 107 13
12 12 107 4
12 12 432 5
14 14 436 2
14 14 1001 2
2 10 1326 5
2 2 1326 2
16 2 856 10
16 16 856 2
6 6 585 25
4 19 1052 14
4 4 1052 9
10 10 516 2
11 11 232 26
14 14 1092 18
12 0 809 14
12 12 809 12
17 17 702 5
15 15 95 1
0 11 71 1
0 0 71 5
4 4 281 3
17 18 63 1
17 17 63 3
8 6 391 5
8 8 391 1
19 10 184 6
19 19 184 1
7 7 1174 5
16 16 1069 4
1 1 1120 11
16 19 327 3
16 16 327 18
15 15 273 4
1 1 565 32
0 0 571 3
3 3 433 9
1 1 1302 8
3 3 67 2
8 8 1399 1
6 6 444 3
9 5 803 3
9 9 803 6
12 19 472 2
12 12 472 4
17 17 917 1
13 13 1084 61
0 0 304 7
18 0 1225 7
18 18 1225 1
2 4 706 13
2 2 706 3
6 6 1132 2
9 9 249 24
16 16 725 30
8 18 882 11
8 8 882 1
12 5 98 6
12 12 98 1
12 18 431 5
12 12 431 1
15 16 578 10
15 15 578 2
17 17 550 1
14 5 309 14
14 14 309 9
18 18 377 32
13 3 826 11
13 13 826 5
19 8 922 11
19 19 922 1
15 5 633 14
15 15 633 9
6 14 576 3
6 6 576 7
4 4 1051 1
10 7 527 13
10 10 527 4
7 6 691 10
7 7 691 1
9 9 1232 2
10 10 1326 5
15 6 1351 5
15 15 1351 4
17 17 876 8
15 12 745 7
15 15 745 13
14 12 867 14
14 14 867 1
2 3 1240 13
2 2 1240 1
8 18 404 13
8 8 404 5
19 8 596 14
19 19 596 4
3 2 59 8
3 3 59 8
8 4 1060 8
8 8 1060 1
18 18 422 1
9 9 987 2
9 9 1057 27
10 18 1201 6
10 10 1201 1
12 13 653 2
12 12 653 2
17 17 1021 8
15 14 286 12
15 15 286 1
14 5 786 13
14 14 786 1
2 0 810 7
2 2 810 2
5 5 1230 24
8 11 1406 12
8 8 1406 1
6 15 866 8
6 6 866 4
11 10 629 1
11 11 629 11
12 0 796 12
12 12 796 10
14 3 23 6
14 14 23 3
16 16 914 14
0 8 311 14
0 0 311 5
8 8 441 3
3 18 217 6
3 3 217 8
6 4 680 2
6 6 680 1
5 17 779 4
5 5 779 5
7 7 76 18
11 2 1343 5
11 11 1343 6
12 8 1072 6
12 12 1072 3
14 4 1304 9
14 14 1304 3
15 2 1162 11
15 15 1162 6
17 17 543 1
14 14 1019 1
19 19 21 35
0 11 1360 1
0 0 1360 6
6 18 571 13
6 6 571 4
8 8 294 4
12 6 755 5
12 12 755 14
10 10 1321 2
14 14 1110 12
17 8 1298 3
17 17 1298 12
5 5 494 19
15 15 758 1
14 14 874 8
0 7 85 14
0 0 85 8
2 19 329 3
2 2 329 14
18 18 1355 23
8 8 608 2
14 17 540 13
14 14 540 5
10 10 844 21
15 14 948 4
15 15 948 6
16 16 1051 18
15 19 1000 10
15 15 1000 4
15 5 359 3
15 15 359 9
13 13 1384 10
2 11 1090 8
2 2 1090 2
5 5 1079 21
3 10 516 6
3 3 516 17
6 14 430 14
6 6 430 1
10 10 360 11
15 11 566 9
15 15 566 3
12 12 795 1
14 10 412 14
14 14 412 3
8 11 40 3
8 8 40 8
14 0 977 1
14 14 977 2
8 8 777 1
8 7 350 8
8 8 350 5
11 11 1332 5
14 0 1198 1
14 14 1198 11
17 17 1402 3
18 18 363 14
2 9 465 13
2 2 465 6
19 5 83 6
19 19 83 14
2 4 583 9
2 2 583 1
8 10 920 14
8 8 920 6
7 7 218 13
10 9 74 9
10 10 74 4
11 11 840 1
16 16 1411 6
18 3 250 5
18 18 250 3
18 1 839 1
18 18 839 9
19 16 175 5
19 19 175 2
2 17 909 8
2 2 909 6
3 4 41 14
3 3 41 1
4 5 502 11
4 4 502 12
8 8 444 3
11 8 1103 11
11 11 1103 35
9 14 1107 3
9 9 1107 35
14 14 683 3
14 4 796 6
14 14 796 1
19 19 284 16
1 1 1006 10
10 10 275 1
0 0 101 18
16 16 59 3
15 16 413 5
15 15 413 2
2 2 1411 6
15 14 38 7
15 15 38 15
2 0 687 13
2 2 687 3
4 4 642 22
3 17 666 6
3 3 666 7
17 8 241 6
17 17 241 2
8 8 325 6
6 14 304 3
6 6 304 3
10 9 681 1
10 10 681 8
17 8 635 14
17 17 635 2
17 6 92 3
17 17 92 31
6 6 79 16
18 3 1093 1
18 18 1093 1
2 9 606 13
2 2 606 7
15 15 892 2
8 18 468 9
8 8 468 3
6 6 706 10
11 11 276 24
13 13 232 15
8 13 701 1
8 8 701 1
2 14 1189 9
2 2 1189 7
4 4 928 5
3 1 952 6
3 3 952 3
6 6 964 2
9 1 1409 14
9 9 1409 6
12 12 1223 3
1 1 529 23
1 1 196 5
18 4 1178 5
18 18 1178 4
4 4 55 6
5 14 981 1
5 5 981 2
7 9 42 5
7 7 42 9
7 13 1009 12
7 7 1009 3
14 6 191 3
14 14 191 6
13 12 831 13
13 13 831 2
12 9 777 14
12 12 777 10
12 9 1366 7
12 12 1366 11
15 15 410 3
9 9 618 1
2 8 125 13
2 2 125 4
2 2 678 1
3 3 204 1
6 1 669 10
6 6 669 7
8 8 129 1
19 16 214 8
19 19 214 14
9 16 680 3
9 9 680 2
13 13 709 3
12 9 920 11
12 12 920 1
16 16 534 54
1 1 840 12
2 2 1004 6
1 1 1052 51
2 2 264 4
8 8 1137 2
6 12 556 12
6 6 556 3
8 5 475 13
8 8 475 1
10 3 866 1
10 10 866 8
9 9 569 18
13 13 1195 4
12 8 546 12
12 12 546 8
15 10 184 12
15 15 184 2
0 0 58 10
18 13 697 12
18 18 697 1
12 18 601 12
12 12 601 2
3 17 490 8
3 3 490 1
3 1 929 12
3 3 929 2
9 9 1015 3
9 9 1418 18
10 15 1109 7
10 10 1109 1
12 7 356 13
12 12 356 1
12 1 1278 12
12 12 1278 1
4 4 307 9
18 18 127 15
0 0 542 3
5 5 1058 7
19 5 266 12
19 19 266 9
8 8 1199 1
5 5 259 4
8 8 57 8
19 5 666 13
19 19 666 11
15 15 564 2
19 19 1146 2
18 18 1060 4
2 2 673 5
3 4 309 12
3 3 309 2
3 19 648 1
3 3 648 8
8 8 830 1
8 8 371 5
18 18 1094 3
9 9 721 14
13 13 137 9
14 14 354 5
7 0 582 8
7 7 582 2
5 5 1022 10
16 16 270 8
9 9 468 7
9 9 365 8
10 4 78 2
10 10 78 2
11 11 258 13
14 7 1074 1
14 14 1074 8
15 3 1129 7
15 15 1129 7
6 6 123 2
17 10 1332 12
17 17 1332 7
8 16 1223 2
8 8 1223 4
3 3 1405 11
6 10 507 9
6 6 507 3
9 9 293 4
11 11 1138 7
11 11 569 2
12 15 680 5
12 12 680 3
0 0 379 10
19 13 307 12
19 19 307 4
4 4 37 5
6 6 764 2
5 8 268 7
5 5 268 1
15 3 1049 9
15 15 1049 7
9 9 182 4
10 10 268 7
9 9 1308 5
10 6 1071 6
10 10 1071 8
17 16 611 7
17 17 611 5
15 15 488 3
2 1 79 5
2 2 79 5
18 13 1331 1
18 18 1331 8
6 6 293 2
5 5 158 11
12 6 577 8
12 12 577 1
10 5 1057 8
10 10 1057 2
1 1 858 19
0 0 974 4
19 19 529 2
19 19 964 6
3 3 798 3
8 19 948 7
8 8 948 6
10 12 920 1
10 10 920 14
11 11 315 11
15 15 868 4
14 19 276 8
14 14 276 1
15 6 142 4
15 15 142 1
2 16 1166 2
2 2 1166 7
0 1 637 13
0 0 637 5
19 19 638 11
4 4 490 12
4 4 676 2
8 18 88 4
8 8 88 11
9 9 1103 4
17 17 971 3
0 0 1105 2
2 14 768 13
2 2 768 18
17 11 87 5
17 17 87 3
6 15 397 11
6 6 397 9
10 3 762 11
10 10 762 2
7 11 988 7
7 7 988 7
11 11 82 10
13 13 671 19
12 8 489 4
12 12 489 3
13 13 501 21
12 2 1347 7
12 12 1347 3
16 16 1004 2
3 19 291 9
3 3 291 4
6 19 1085 11
6 6 1085 5
5 17 646 10
5 5 646 1
9 16 707 9
9 9 707 1
10 15 1388 8
10 10 1388 11
12 0 632 10
12 12 632 13
17 17 56 5
19 19 1273 2
1 1 262 3
2 17 546 13
2 2 546 3
17 14 482 7
17 17 482 7
15 15 193 2
8 7 514 11
8 8 514 7
7 1 1097 11
7 7 1097 1
10 2 1199 2
10 10 1199 1
12 2 1340 11
12 12 1340 1
5 18 1164 2
5 5 1164 2
3 8 1387 10
3 3 1387 2
19 17 688 12
19 19 688 12
11 11 1018 3
17 15 995 1
17 17 995 2
16 16 399 19
17 17 279 3
18 14 415 14
18 18 415 2
1 1 637 13
1 18 1374 11
1 1 1374 6
8 8 1295 6
6 11 819 9
6 6 819 3
4 4 1290 2
9 10 160 7
9 9 160 3
10 10 318 1
11 11 644 3
6 13 895 12
6 6 895 9
15 13 510 12
15 15 510 1
2 2 1406 5
1 11 494 1
1 1 494 15
2 14 650 2
2 2 650 5
3 10 296 10
3 3 296 6
3 19 767 7
3 3 767 2
6 6 194 1
6 14 279 11
6 6 279 1
10 19 129 9
10 10 129 1
9 9 1183 27
14 12 1172 8
14 14 1172 14
16 16 173 7
3 3 1162 14
1 1 852 6
19 12 104 12
19 19 104 6
19 19 543 9
14 17 390 2
14 14 390 12
17 7 1339 12
17 17 1339 2
6 1 520 9
6 6 520 10
11 11 1032 21
11 11 866 11
11 11 1337 6
15 15 874 1
17 1 383 2
17 17 383 6
13 13 522 27
1 1 1318 29
4 4 899 6
3 6 925 6
3 3 925 1
6 11 923 9
6 6 923 8
10 10 797 1
16 16 681 2
11 11 390 1
3 9 1235 7
3 3 1235 5
15 5 1068 11
15 15 1068 2
11 11 1232 28
14 9 657 2
14 14 657 7
2 2 786 3
3 3 596 8
5 19 818 2
5 5 818 7
10 10 1423 10
14 14 1260 7
12 16 415 14
12 12 415 3
1 1 828 11
6 8 1071 14
6 6 1071 1
6 18 270 8
6 6 270 5
9 9 58 4
7 12 611 10
7 7 611 2
15 9 697 5
15 15 697 1
15 17 116 7
15 15 116 2
19 4 1287 3
19 19 1287 2
2 7 414 13
2 2 414 19
1 15 1422 10
1 1 1422 1
4 4 304 3
1 1 153 14
7 15 1215 1
7 7 1215 11
17 8 813 5
17 17 813 3
17 19 368 11
17 17 368 1
5 5 323 28
11 11 1195 23
2 11 305 1
2 2 305 1
1 1 695 12
18 18 581 3
8 8 1251 8
8 9 568 1
8 8 568 18
4 4 1385 6
16 7 835 11
16 16 835 3
12 12 263 2
12 12 844 3
14 14 664 13
13 13 613 6
1 1 50 3
13 13 654 1
5 8 1039 8
5 5 1039 11
3 12 604 5
3 3 604 2
3 5 1043 7
3 3 1043 8
0 0 510 32
12 12 73 2
12 8 1384 14
12 12 1384 3
15 1 460 2
15 15 460 2
18 18 288 2
15 8 597 11
15 15 597 3
6 8 1062 3
6 6 1062 3
9 9 758 1
11 11 771 15
12 1 216 12
12 12 216 2
12 1 613 2
12 12 613 4
16 16 105 1
16 16 155 5
2 14 1251 9
2 2 1251 15
1 1 361 24
19 2 992 1
19 19 992 9
5 4 1313 12
5 5 1313 15
4 4 319 2
3 3 1136 3
19 17 1210 4
19 19 1210 4
7 3 745 6
7 7 745 14
10 6 1256 4
10 10 1256 1
15 17 1421 7
15 15 1421 2
12 0 1025 3
12 12 1025 2
14 14 752 19
1 1 727 25
0 0 1422 9
2 16 885 7
2 2 885 14
5 5 917 1
6 1 1344 3
6 6 1344 10
6 0 478 7
6 6 478 4
9 8 330 7
9 9 330 32
8 8 1329 4
13 13 1021 17
17 11 1132 14
17 17 1132 19
1 3 11 11
1 1 11 39
5 6 1032 10
5 5 1032 7
6 18 723 14
6 6 723 4
9 2 1313 2
9 9 1313 30
15 0 907 11
15 15 907 3
17 17 1277 10
17 6 576 7
17 17 576 5
16 16 1348 4
12 1 910 10
12 12 910 5
18 0 1238 14
18 18 1238 18
12 12 621 3
3 8 722 1
3 3 722 1
6 16 610 4
6 6 610 10
10 7 609 5
10 10 609 6
10 10 1280 1
15 15 1381 4
17 17 1166 1
15 7 122 11
15 15 122 1
18 9 887 1
18 18 887 6
0 0 1302 16
19 10 562 12
19 19 562 1
19 19 1001 9
3 10 428 11
3 3 428 5
3 3 867 4
8 12 492 13
8 8 492 1
6 17 1263 14
6 6 1263 1
12 17 166 2
12 12 166 3
0 0 1279 9
14 15 134 9
14 14 134 9
15 15 316 6
13 13 1361 21
2 6 1133 5
2 2 1133 4
8 8 472 1
0 0 1252 4
6 5 1339 10
6 6 1339 3
8 11 859 7
8 8 859 3
10 17 1122 8
10 10 1122 1
13 13 385 40
14 9 49 9
14 14 49 1
19 19 1084 10
15 0 997 12
15 15 997 3
14 19 1388 11
14 14 1388 8
19 11 784 5
19 19 784 3
3 7 586 4
3 3 586 10
11 11 672 26
14 12 1338 12
14 14 1338 3
15 4 1192 13
15 15 1192 24
14 14 533 7
0 0 452 1
5 5 1410 5
4 4 15 6
3 8 1198 2
3 3 1198 3
7 7 308 50
10 8 616 3
10 10 616 1
7 7 590 13
15 19 660 4
15 15 660 3
16 16 658 4
18 18 1339 2
0 0 1111 5
4 4 976 3
5 13 441 4
5 5 441 14
12 7 746 14
12 12 746 1
15 3 261 14
15 15 261 6
18 8 52 5
18 18 52 12
18 6 1287 11
18 18 1287 24
8 6 1347 7
8 8 1347 6
3 9 1017 13
3 3 1017 6
6 6 456 2
11 11 584 2
11 11 31 2
14 0 1426 8
17 18 1118 2
17 17 1118 2
0 17 145 4
0 0 145 21
0 1 1035 4
0 0 1035 12
2 11 758 13
2 2 758 10
6 16 1144 9
6 6 1144 1
5 5 128 5
8 8 700 1
17 0 662 4
17 17 662 5
7 11 566 3
7 7 566 16
14 0 1341 2
14 14 1341 9
12 1 1301 1
12 12 1301 15
15 15 475 1
19 19 1202 2
19 19 467 3
3 3 704 5
4 4 177 6
10 17 531 13
10 10 531 10
12 1 197 13
12 12 197 5
14 16 346 6
14 14 346 4
15 15 72 1
17 15 698 14
17 17 698 2
14 2 1311 14
14 14 1311 1
6 6 1007 6
6 9 48 10
6 6 48 2
7 7 724 2
9 16 1037 3
9 9 1037 11
12 4 1070 9
12 12 1070 2
15 0 258 4
15 15 258 2
10 16 152 8
10 10 152 2
2 10 862 12
2 2 862 1
6 14 894 5
6 6 894 1
10 16 824 14
10 10 824 6
15 17 1247 14
15 15 1247 1
12 5 1213 4
12 12 1213 4
15 18 201 11
15 15 201 4
1 1 1204 26
3 17 1039 12
3 3 1039 4
6 12 777 11
6 6 777 6
6 10 338 13
6 6 338 4
7 15 559 13
7 7 559 7
11 11 101 3
4 4 486 4
14 1 999 3
14 14 999 2
1 1 216 2
2 2 55 6
16 16 633 3
3 11 1180 5
3 3 1180 2
8 8 306 3
7 7 133 3
13 13 575 10
15 16 229 10
15 15 229 3
14 7 714 10
14 14 714 19
18 18 864 23
18 2 1325 3
18 18 1325 1
2 2 934 9
2 18 531 5
2 2 531 2
3 11 387 3
3 3 387 5
3 10 1325 1
3 3 1325 1
12 12 1061 2
15 15 267 2
10 12 56 12
10 10 56 2
19 9 259 14
19 19 259 2
9 9 692 2
2 2 62 1
10 10 380 1
10 3 1055 13
10 10 1055 2
6 6 531 5
13 13 1332 13
15 2 1385 12
15 15 1385 9
2 2 712 2
3 10 234 4
3 3 234 6
3 3 673 12
5 5 792 7
10 8 690 10
10 10 690 11
9 19 650 13
9 9 650 8
9 9 1373 13
11 11 154 4
12 0 100 1
12 12 100 7
0 0 1232 4
3 17 379 1
3 3 379 7
10 18 968 2
10 10 968 1
19 19 1345 2
10 8 1316 13
10 10 1316 4
12 15 251 5
12 12 251 1
17 13 1319 2
17 17 1319 13
14 10 243 3
14 14 243 1
14 17 921 3
14 14 921 1
18 18 142 5
3 4 392 7
3 3 392 2
8 8 627 1
8 15 392 11
8 8 392 12
10 0 404 13
10 10 404 2
5 16 241 4
5 5 241 3
10 9 93 6
10 10 93 3
17 17 334 11
1 1 564 1
18 18 1207 2
8 8 1400 4
6 8 1319 2
6 6 1319 7
6 2 872 2
6 6 872 12
16 19 1326 3
16 16 1326 3
9 9 802 1
19 12 1380 7
19 19 1380 6
5 5 812 6
8 0 791 3
8 8 791 16
14 13 1383 11
14 14 1383 5
17 17 1089 2
16 16 471 13
14 0 582 13
14 14 582 14
1 1 104 5
5 16 251 9
5 5 251 7
8 8 337 4
10 2 701 8
10 10 701 24
7 7 541 12
10 1 1372 1
10 10 1372 2
12 11 99 2
12 12 99 1
12 17 424 2
12 12 424 3
14 14 444 4
2 16 1318 14
2 2 1318 4
0 0 789 5
2 13 9 4
2 2 9 3
19 4 925 1
19 19 925 3
8 16 1003 3
8 8 1003 9
6 6 138 3
10 1 1011 13
10 10 1011 2
7 8 231 9
7 7 231 26
19 0 1419 12
19 19 1419 8
12 12 1092 5
16 16 245 1
6 8 729 10
6 6 729 4
2 4 1241 3
2 2 1241 7
19 6 160 2
19 19 160 7
2 13 952 14
2 2 952 8
4 4 948 28
8 2 1061 10
8 8 1061 3
8 17 634 9
8 8 634 3
9 9 986 1
7 17 707 8
7 7 707 12
14 14 787 6
17 11 1375 2
17 17 1375 2
8 12 1407 1
8 8 1407 4
3 8 981 3
3 3 981 2
8 4 30 7
8 8 30 10
10 19 725 4
10 10 725 4
11 11 1185 10
10 0 196 6
10 10 196 3
14 14 415 14
18 18 478 7
0 11 1047 6
0 0 1047 5
3 3 216 1
6 6 681 3
7 17 538 12
7 7 538 2
13 13 729 18
15 0 63 13
15 15 63 1
2 10 471 4
2 2 471 1
0 14 1158 11
0 0 1158 1
2 2 589 1
3 8 361 10
3 3 361 4
3 14 828 9
3 3 828 9
19 19 435 5
6 11 141 13
6 6 141 2
9 9 517 3
12 18 1091 12
12 12 1091 1
9 9 538 13
1 1 344 17
5 5 1189 5
18 18 178 34
6 6 349 2
10 3 1209 6
10 10 1209 12
12 15 645 14
12 12 645 4
12 15 1234 8
12 12 1234 1
15 10 358 13
15 15 358 1
17 17 131 4
1 1 201 9
2 15 249 7
2 2 249 4
15 11 1355 2
15 15 1355 6
15 10 774 7
15 15 774 5
8 6 1382 3
8 8 1382 2
6 17 431 4
6 6 431 3
18 18 71 10
12 12 788 7
13 13 1069 5
2 2 1417 1
2 2 104 7
10 10 1344 12
8 12 778 9
8 8 778 3
6 15 245 6
6 6 245 7
6 6 318 2
15 15 1319 11
10 4 304 3
10 10 304 1
17 1 90 3
17 17 90 2
8 19 484 10
8 8 484 5
0 9 1181 2
0 0 1181 8
6 9 563 1
6 6 563 4
7 7 270 25
17 0 1010 3
17 17 1010 3
7 4 672 14
7 7 672 10
7 7 1135 1
15 17 771 9
15 15 771 3
17 17 672 6
14 3 882 12
14 14 882 4
3 12 40 9
3 3 40 1
5 5 790 2
17 8 1044 3
17 17 1044 2
12 12 700 4
16 16 429 38
17 4 305 14
17 17 305 1
14 17 797 9
14 14 797 7
2 12 1114 1
2 2 1114 11
5 6 272 3
5 5 272 2
19 2 1167 10
19 19 1167 10
9 9 130 9
7 7 1019 19
12 12 1024 1
16 16 1186 39
12 12 787 1
14 0 603 8
14 14 603 7
0 0 262 14
17 6 1013 3
17 17 1013 8
8 12 155 9
8 8 155 15
10 1 598 11
10 10 598 1
17 2 520 14
17 17 520 11
2 18 1331 8
2 2 1331 7
8 7 430 9
8 8 430 2
3 14 1249 6
3 3 1249 4
4 4 1265 2
7 6 210 9
7 7 210 2
8 8 965 5
12 12 159 3
17 15 854 14
17 17 854 15
18 11 703 5
18 18 703 3
8 19 1364 13
8 8 1364 2
3 17 955 13
3 3 955 6
3 11 1294 2
3 3 1294 11
10 11 895 4
10 10 895 7
16 16 873 4
1 1 941 5
0 0 211 18
2 2 203 1
3 12 968 14
3 3 968 13
9 9 139 21
17 17 654 2
13 13 747 3
1 1 385 29
2 6 679 9
2 2 679 8
6 6 658 11
8 9 130 9
8 8 130 8
8 8 1166 9
12 10 870 7
12 12 870 11
14 14 1209 5
15 15 1333 10
12 12 921 9
15 18 607 3
15 15 607 5
14 19 973 10
14 14 973 1
0 0 1009 4
19 9 1329 14
19 19 1329 4
1 1 1043 9
3 1 348 13
3 3 348 11
8 8 903 3
6 7 118 11
6 6 118 1
17 4 389 4
17 17 389 3
14 14 214 1
14 15 267 6
14 14 267 7
3 9 168 14
3 3 168 4
2 11 1213 5
2 2 1213 3
14 19 610 12
14 14 610 13
18 18 1283 4
19 19 627 5
3 3 22 7
4 4 485 1
8 8 8 11
9 9 1014 1
12 12 357 2
12 1 690 5
12 12 690 3
12 18 1279 4
12 12 1279 3
15 15 381 2
6 6 146 2
16 5 814 11
16 16 814 8
19 9 799 10
19 19 799 11
8 3 741 2
8 8 741 2
7 7 34 8
16 16 1168 18
12 14 769 5
12 12 769 8
0 0 276 18
8 4 1184 9
8 8 1184 3
3 8 308 10
3 3 308 1
12 12 559 3
8 11 831 9
8 8 831 1
6 9 291 2
6 6 291 1
7 4 179 4
7 7 179 16
17 18 851 13
17 17 851 1
10 6 1403 3
10 10 1403 2
14 14 173 5
15 19 1330 14
15 15 1330 3
5 5 362 14
2 7 1285 4
2 2 1285 1
19 10 958 11
19 19 958 6
3 14 792 12
3 3 792 2
8 19 451 14
8 8 451 5
9 9 475 3
13 13 25 24
14 18 274 3
14 14 274 2
14 4 839 4
14 14 839 3
0 0 615 22
6 19 1252 14
6 6 1252 2
19 19 632 6
3 3 31 3
3 2 466 11
3 3 466 5
6 6 1122 1
6 2 951 9
6 6 951 1
10 10 865 1
10 12 442 13
10 10 442 4
10 0 1117 8
10 10 1117 3
2 18 1063 1
2 2 1063 8
1 6 213 2
1 1 213 3
2 10 221 11
2 2 221 5
1 1 1347 19
3 0 172 7
3 3 172 3
5 5 176 13
4 4 1285 5
11 11 1218 14
11 11 92 9
10 10 1068 3
12 19 499 1
12 12 499 6
16 16 33 3
14 12 556 14
14 14 556 11
18 18 902 15
1 1 70 14
8 1 447 1
8 8 447 4
19 0 854 13
19 19 854 17
3 3 317 1
8 4 1425 11
8 8 1234 3
12 13 578 7
12 12 578 7
15 15 685 1
18 18 332 3
2 18 552 6
2 2 552 1
3 16 769 9
3 3 769 2
11 11 1053 10
14 9 1082 2
14 14 1082 1
12 8 721 4
12 12 721 25
16 16 207 15
18 18 223 15
2 2 293 1
5 5 1154 9
3 15 475 13
3 3 475 1
8 3 1231 14
8 8 1231 3
3 13 1381 1
3 3 1381 6
5 5 958 15
18 18 1182 1
7 7 846 30
17 7 1377 9
17 17 1377 2
19 19 500 9
12 3 672 13
12 12 672 5
12 12 1261 6
2 3 1086 4
2 2 1086 4
3 15 149 3
3 3 149 5
8 16 862 11
8 8 862 4
4 4 1292 2
9 9 190 3
12 4 915 13
12 12 915 5
17 5 653 10
17 17 653 1
15 15 517 2
14 14 567 3
12 12 270 11
15 11 885 11
15 15 885 1
14 9 987 2
14 14 987 2
0 0 1096 9
6 19 200 2
6 6 200 6
6 6 285 6
7 7 161 14
16 16 1352 14
16 19 636 2
16 16 636 13
19 16 98 7
19 19 98 4
12 11 1294 2
12 12 1294 1
5 8 1333 11
5 5 1333 2
3 3 1245 3
7 7 822 16
0 0 179 12
12 9 131 8
12 12 131 2
16 16 369 18
17 13 645 9
17 17 645 3
1 1 707 20
3 5 13 10
3 3 13 1
15 6 878 6
15 15 878 7
7 7 603 8
10 3 787 14
10 10 787 1
11 11 1021 11
15 7 964 10
15 15 964 6
10 7 286 9
10 10 286 1
1 1 552 12
0 0 191 11
18 18 1279 2
1 1 1373 1
3 3 154 14
6 6 1178 21
6 14 751 1
6 6 751 2
10 4 738 5
10 10 738 4
10 15 319 3
10 10 319 5
11 11 647 22
11 11 74 5
14 4 1258 6
14 14 1258 2
14 7 1375 1
14 14 1375 1
19 2 358 7
19 19 358 3
18 5 303 12
18 18 303 2
0 4 659 11
0 0 659 1
0 0 1240 12
1 1 1230 31
6 6 1077 8
6 7 195 11
6 6 195 4
6 17 276 3
6 6 276 3
7 4 613 12
7 7 613 1
7 7 1072 3
12 10 624 6
12 12 624 1
19 19 1281 6
3 10 783 14
3 3 783 2
4 4 1244 20
10 19 452 3
10 10 452 1
14 14 178 3
17 7 648 8
17 17 648 5
2 13 1153 2
2 2 1153 4
4 4 567 4
5 5 799 7
5 5 469 8
10 17 343 13
10 10 343 8
10 10 1142 1
12 17 265 4
12 12 265 2
15 10 1071 8
15 15 1071 8
9 9 641 6
12 12 1282 4
8 8 1343 1
8 3 432 10
8 8 432 1
1 1 1366 7
12 13 754 8
12 12 754 1
16 16 1335 13
15 15 1116 4
16 16 1289 5
17 19 408 8
17 17 408 2
2 3 1398 4
2 2 1398 2
18 18 1011 3
18 9 1145 8
18 18 1145 2
3 3 743 2
5 5 60 4
6 2 186 12
6 6 186 6
15 0 1229 3
15 15 1229 13
15 0 696 6
15 15 696 1
16 16 618 13
5 5 946 11
17 16 669 12
17 17 669 1
8 8 1411 2
2 2 1364 6
10 15 463 12
10 10 463 12
10 16 24 12
10 10 24 4
17 13 898 3
17 17 898 3
12 19 1035 3
12 12 1035 2
19 19 1399 14
2 12 270 11
2 2 270 2
3 3 123 7
5 5 478 2
10 3 773 13
10 10 773 1
11 11 1169 16
13 13 963 3
17 17 1130 2
12 17 1178 3
12 12 1178 2
13 12 1252 6
13 13 1252 2
11 15 1349 12
11 11 1349 8
0 11 754 12
0 0 754 28
19 1 334 10
19 19 334 12
3 3 533 5
8 8 883 17
8 0 648 9
8 8 648 1
6 6 375 2
11 11 1262 5
9 9 1343 30
11 11 120 23
8 2 1021 3
8 8 1021 26
14 18 1321 5
14 14 1321 12
16 4 13 9
16 16 13 9
14 3 520 13
14 14 520 1
17 2 1355 9
17 17 1355 3
8 8 962 3
6 7 262 7
6 6 262 3
10 15 615 3
10 10 615 1
15 15 1216 8
14 14 1127 4
17 12 1310 14
17 17 1310 7
16 16 609 5
2 5 1248 6
2 2 1248 3
18 18 893 9
2 11 406 8
2 2 406 6
15 13 106 7
15 15 106 1
3 0 422 2
3 3 422 3
5 5 513 5
10 6 957 9
10 10 957 5
9 5 947 11
9 9 947 8
10 13 1257 10
10 10 1257 1
19 19 521 4
16 9 358 7
16 16 358 2
12 5 252 11
12 12 252 7
6 18 125 2
6 6 125 5
5 5 1254 59
6 12 1276 6
6 6 1276 7
8 12 1259 8
8 8 1259 2
5 6 455 1
5 5 455 13
4 4 1361 24
10 7 780 12
10 10 780 1
12 12 1350 2
14 5 1409 1
14 14 1409 17
17 17 1123 7
14 2 47 8
14 14 47 2
18 18 82 1
18 18 543 4
18 18 1256 14
2 2 741 1
16 16 588 3
6 0 1167 7
6 6 1167 6
3 11 1051 12
3 3 1051 3
5 5 360 2
7 7 116 13
7 8 963 2
7 7 963 9
13 13 280 39
7 7 995 10
16 16 969 19
7 7 414 13
8 8 725 14
18 18 1147 18
5 5 46 2
9 9 43 4
10 7 1281 8
10 10 1281 2
12 10 208 14
12 12 208 3
12 18 541 6
12 12 541 2
15 6 654 4
15 15 654 2
2 14 1275 5
2 2 1275 10
8 8 493 5
10 15 664 3
10 10 664 3
7 17 1196 1
7 7 1196 19
8 19 521 10
8 8 521 3
16 16 36 16
12 17 1081 5
12 12 1081 7
10 6 280 13
10 10 280 6
19 19 1413 1
15 15 500 6
19 15 185 8
19 19 185 2
6 6 909 4
8 16 124 8
8 8 124 2
12 12 1324 1
15 8 1362 4
15 15 1362 5
10 19 1123 10
10 10 1123 2
17 4 502 12
17 17 502 9
12 7 835 3
12 12 835 1
15 7 1009 10
15 15 1009 4
17 17 498 4
6 6 243 2
13 13 840 26
6 14 353 14
6 6 353 3
10 13 646 7
10 10 646 1
12 7 123 13
12 12 123 2
19 4 1394 10
19 19 1394 5
12 18 120 1
12 12 120 3
13 13 838 2
16 16 960 5
0 8 453 12
0 0 453 1
2 2 623 8
3 15 263 6
3 3 263 2
3 4 730 13
3 3 730 9
5 5 23 12
8 10 261 14
8 8 261 1
18 18 277 1
10 5 617 3
10 10 617 5
9 10 1210 11
9 9 1210 22
14 3 1137 2
14 14 1137 6
12 0 532 13
12 12 532 1
17 3 1158 4
17 17 1158 3
15 11 663 6
15 15 663 2
2 10 1266 14
2 2 1266 2
16 16 1025 15
6 2 1013 6
6 6 1013 3
6 5 62 2
6 6 62 5
17 17 1214 10
12 12 747 4
15 15 841 26
15 17 260 2
15 15 260 1
14 6 820 2
14 14 820 5
2 11 1125 13
2 2 1125 7
2 14 283 13
2 2 283 4
4 4 445 1
8 8 558 1
8 12 99 14
8 8 99 8
10 3 830 10
10 10 830 3
7 7 1391 6
17 5 997 4
17 17 997 4
12 7 301 7
12 12 301 1
12 10 890 14
12 12 890 6
14 14 57 16
0 2 301 11
0 0 301 3
2 13 138 11
2 2 138 13
3 3 255 3
6 14 1145 13
6 6 1145 5
3 13 1033 8
3 3 1033 3
6 5 791 1
6 6 791 1
0 0 1159 4
13 13 329 27
11 11 728 21
13 13 692 7
12 12 444 5
17 3 1262 3
17 17 1262 15
15 15 623 2
15 8 474 2
15 15 474 1
2 2 1370 2
12 16 261 9
12 12 261 2
2 13 61 13
2 2 61 1
11 11 1378 17
10 10 1331 6
13 13 208 24
14 15 497 9
14 14 497 1
16 16 598 11
4 4 1036 15
17 18 1046 7
17 17 1046 5
3 18 848 3
3 3 848 5
5 5 417 13
7 14 445 3
7 7 445 1
7 7 1186 5
10 0 1154 5
10 10 1154 1
16 16 1073 26
15 11 269 2
15 15 269 4
14 1 831 8
14 14 831 4
19 19 1427 5
2 9 863 9
2 2 863 3
15 8 491 7
15 15 491 9
11 11 853 13
5 5 306 9
4 4 1358 3
7 6 466 6
7 7 466 2
19 19 1307 22
12 18 292 13
12 12 292 9
12 12 881 5
19 8 1392 8
19 19 1392 2
19 3 362 6
19 19 362 12
3 13 228 4
3 3 228 2
8 19 676 5
8 8 676 2
7 7 99 16
14 14 435 1
17 5 125 3
17 17 125 4
0 19 467 7
0 0 467 2
2 17 459 14
2 2 459 2
4 4 816 12
3 3 712 10
6 1 153 14
6 6 153 4
10 9 974 5
10 10 974 3
1 1 660 10
10 13 1338 11
10 10 1338 4
13 7 201 11
13 13 201 3
14 14 290 6
18 18 148 12
2 2 378 28
3 3 386 1
4 4 284 19
6 0 999 3
6 6 999 2
5 5 613 7
7 6 769 4
7 7 769 1
10 9 39 4
10 10 39 8
7 15 1179 5
7 7 1179 7
12 11 332 3
12 12 332 24
14 14 774 4
19 19 1432 4
18 18 1213 12
3 3 92 11
4 4 86 19
3 2 998 6
3 3 998 2
5 5 315 2
10 10 381 2
8 8 610 4
15 15 972 19
1 1 1016 8
2 2 998 2
17 11 66 13
17 17 66 8
8 8 790 1
6 17 769 5
6 6 769 4
14 14 1243 12
14 11 1007 14
14 14 1007 5
17 17 356 12
12 0 649 13
12 12 649 1
8 8 1104 4
5 3 733 8
5 5 733 32
10 10 969 5
9 9 71 6
7 8 692 12
7 7 692 15
13 13 567 8
14 14 240 1
17 17 700 2
14 19 926 7
14 14 926 5
4 4 625 17
8 1 628 9
8 8 628 6
4 4 1197 4
9 2 619 12
9 9 619 7
11 11 379 11
12 16 656 6
12 12 656 2
15 5 932 14
15 15 932 2
14 9 678 14
14 14 678 4
2 2 228 1
1 1 1300 2
3 3 69 4
6 2 1235 3
6 6 1235 3
6 1 1316 2
6 6 1316 3
6 14 434 1
6 6 434 1
10 1 811 14
10 10 811 3
7 7 911 19
14 12 1380 12
14 14 1380 3
9 9 323 7
2 7 151 10
2 2 151 34
17 6 74 5
17 17 74 13
8 12 1222 1
8 8 1222 1
5 12 693 7
5 5 693 4
9 9 373 17
7 7 540 1
14 3 1186 11
14 14 1186 4
0 0 417 4
2 5 477 1
2 2 477 20
0 4 1152 5
0 0 1152 6
8 18 289 1
8 8 289 2
10 12 70 3
10 10 70 2
12 12 568 2
16 3 246 4
16 16 246 3
13 13 1308 4
2 2 1238 2
18 18 851 4
3 14 496 14
3 3 496 9
3 16 1306 7
3 3 1306 4
6 16 26 10
6 6 26 7
1 14 672 11
1 1 672 7
7 2 1161 2
7 7 1161 13
11 11 368 4
12 0 655 5
12 12 655 1
1 1 247 15
3 3 74 11
6 4 1311 5
6 6 1311 5
12 9 465 3
12 12 465 1
13 13 1075 9
2 10 1423 10
2 2 1423 11
0 0 894 3
18 6 629 3
18 18 629 16
0 4 1256 11
0 0 1256 2
19 19 820 19
4 4 670 1
3 9 686 8
3 3 686 7
3 3 579 7
8 12 345 14
8 8 345 2
10 8 677 1
10 10 677 2
9 9 163 1
11 11 708 20
18 15 787 10
18 18 787 12
12 13 1005 6
12 12 1005 1
12 6 1338 4
12 12 1338 1
15 2 875 8
15 15 875 2
0 7 440 12
0 0 440 1
19 19 494 6
1 1 1039 3
8 8 915 2
6 4 130 7
6 6 130 7
7 7 682 3
7 6 1137 13
7 7 1137 15
12 0 567 4
12 12 567 1
14 15 872 2
14 14 872 2
2 17 1233 12
2 2 1233 5
12 9 485 3
12 12 485 4
3 15 34 3
3 3 34 4
3 10 505 13
3 3 505 1
3 3 844 3
3 17 1283 4
3 3 1283 7
7 11 876 2
7 7 876 5
12 6 1235 12
12 12 1235 5
16 16 892 22
13 13 1382 2
15 9 509 11
15 15 509 1
19 16 716 9
19 19 716 10
8 14 1212 11
8 8 1212 10
5 5 278 10
10 15 278 4
10 10 278 2
17 17 901 16
17 17 456 4
18 15 470 6
18 18 470 7
6 14 1116 6
6 6 1116 6
3 6 1130 4
3 3 1130 6
2 3 66 8
2 2 66 1
7 7 71 5
12 12 18 17
14 13 960 3
14 14 960 13
1 1 1024 15
18 11 268 8
18 18 268 3
7 7 212 6
10 10 72 1
15 8 247 4
15 15 247 4
15 15 1367 2
14 14 197 5
15 15 761 10
17 17 234 7
0 18 46 5
0 0 46 12
2 2 350 8
6 11 1406 3
6 6 1406 10
6 7 963 9
6 6 963 1
5 5 601 12
10 17 885 12
10 10 885 1
10 11 398 14
10 10 398 3
7 5 1328 5
7 7 1328 12
2 10 1137 5
2 2 1137 16
12 9 1226 6
12 12 1226 4
11 11 1357 4
2 8 826 4
2 2 826 6
4 4 765 7
8 19 1390 2
8 8 1390 7
8 8 1187 2
6 12 423 4
6 6 423 1
12 12 455 6
15 6 415 9
15 15 415 6
19 19 1038 6
9 4 18 5
9 9 18 6
12 19 9 12
12 12 9 9
13 13 149 5
15 15 1178 5
12 12 1320 4
2 2 1328 3
3 3 606 3
4 4 360 14
3 15 1248 10
3 3 1248 1
9 9 99 7
8 11 366 2
8 8 366 5
16 16 278 49
19 19 1356 2
1 7 927 3
1 1 927 14
4 5 1153 13
4 4 1153 4
7 7 407 7
6 4 760 12
6 6 760 4
10 1 1192 12
10 10 1192 7
12 2 1217 10
12 12 1217 3
15 10 375 5
15 15 375 2
1 1 218 5
3 9 628 4
3 3 628 3
6 6 853 1
8 8 1130 7
2 16 1231 11
2 2 1231 2
11 11 33 10
10 0 1083 13
10 10 1083 11
15 5 970 3
15 15 970 2
16 16 52 4
18 2 917 14
18 18 917 1
0 0 1277 2
3 1 645 7
3 3 645 3
5 5 681 12
6 14 297 4
6 6 297 1
10 5 606 7
10 10 606 3
14 14 1214 9
17 15 512 5
17 17 512 8
14 14 318 9
0 0 683 11
19 2 78 12
19 19 78 3
2 9 1002 5
2 2 1002 2
1 1 1042 1
13 13 1294 14
8 7 1139 13
8 8 1139 4
6 1 119 7
6 6 119 1
5 5 697 36
7 14 1116 11
7 7 1116 19
11 11 271 5
12 19 151 9
12 12 151 3
15 13 561 6
15 15 561 3
15 15 784 2
15 14 186 11
15 15 186 1
2 7 925 8
2 2 925 6
19 6 177 5
19 19 177 7
3 19 931 3
3 3 931 1
8 19 535 8
8 8 535 5
6 11 6 3
6 6 6 5
9 9 1013 1
11 11 412 2
17 17 1428 9
17 17 991 4
17 11 637 10
17 17 637 6
19 19 300 7
3 11 637 7
3 3 637 2
7 18 29 8
7 7 29 5
10 5 259 13
10 10 259 5
19 3 1386 14
19 19 1386 6
14 11 1355 6
14 14 1355 11
17 17 616 6
17 2 435 12
17 17 435 21
19 14 1148 2
19 19 1148 3
0 0 655 2
19 6 413 10
19 19 413 3
3 2 311 3
3 3 311 6
5 10 199 4
5 5 199 13
8 8 138 8
17 17 806 7
9 8 1386 13
9 9 1386 5
13 13 764 32
17 4 1379 6
17 17 1379 14
17 4 761 4
17 17 761 13
1 1 839 1
18 5 799 13
18 18 799 26
2 8 440 4
2 2 440 4
1 1 1131 10
8 17 1146 5
8 8 1146 8
5 5 104 24
5 5 547 47
7 7 195 11
10 12 101 11
10 10 101 15
11 11 881 15
12 16 142 13
12 12 142 9
16 16 260 10
1 5 752 13
1 1 752 12
18 18 1403 5
11 11 571 4
14 10 116 14
14 14 116 3
14 14 73 1
15 12 325 4
15 15 325 8
1 1 958 25
1 1 609 6
0 0 1116 4
3 14 175 3
3 3 175 5
8 4 1283 14
8 8 1283 2
8 13 856 14
8 8 856 3
10 13 266 14
10 10 266 2
17 9 320 3
17 17 320 3
12 12 492 3
15 4 1088 2
15 15 1088 3
17 17 609 2
19 4 374 1
19 19 374 5
2 4 77 9
2 2 77 2
6 0 450 2
6 6 450 6
3 15 755 3
3 3 755 1
8 4 807 9
8 8 807 11
6 8 214 9
6 6 214 1
15 17 926 13
15 15 926 1
17 17 1199 3
15 1 684 7
15 15 684 1
14 7 1131 4
14 14 1131 4
19 9 1266 6
19 19 1266 7
15 14 341 13
15 15 341 3
19 3 531 13
19 19 531 6
2 4 553 14
2 2 553 7
6 17 540 3
6 6 540 1
6 15 97 10
6 6 97 10
10 6 902 11
10 10 902 2
12 10 133 11
12 12 133 4
17 17 643 2
15 12 136 1
15 15 136 6
2 7 1164 10
2 2 1164 2
2 8 290 4
2 2 290 3
2 1 879 5
2 2 879 1
4 4 1321 4
3 6 474 14
3 3 474 1
6 11 1370 8
6 6 1370 1
5 5 957 1
9 9 300 12
7 0 1251 7
7 7 1251 38
11 16 394 1
11 11 394 18
16 16 1136 17
15 17 322 1
15 15 322 3
12 12 242 7
15 9 432 4
15 15 432 4
0 10 1107 14
0 0 1107 4
2 15 798 9
2 2 798 9
3 12 1086 11
3 3 1086 3
10 10 760 2
11 11 1274 5
9 9 31 12
15 5 1097 4
15 15 1097 7
16 16 1006 19
1 1 800 25
9 9 551 13
18 18 1044 9
13 13 984 27
8 12 355 2
8 8 355 1
5 14 863 5
5 5 863 10
9 9 164 14
9 16 1172 14
9 9 1172 7
10 4 1386 5
10 10 1386 2
13 13 750 12
15 11 1283 9
15 15 1283 2
17 8 1184 3
17 17 1184 6
17 16 747 13
17 17 747 14
14 1 935 11
14 14 935 17
19 19 1275 4
14 14 510 6
8 8 498 11
7 9 362 11
7 7 362 7
11 11 306 5
12 8 188 11
12 12 188 9
12 12 713 8
10 19 455 12
10 10 455 8
19 19 210 4
19 19 649 14
5 5 1349 9
17 17 1051 9
3 7 1389 8
3 3 1389 4
8 3 65 2
8 8 65 14
7 16 507 6
7 7 507 12
7 7 838 8
9 15 1142 6
9 9 1142 7
17 17 1151 3
14 14 652 5
19 14 323 4
19 19 323 7
4 4 21 1
8 1 838 14
8 8 838 1
11 11 1267 7
8 8 818 10
16 8 1329 10
16 16 1329 3
13 13 801 4
15 19 525 4
15 15 525 10
1 1 825 3
13 13 649 2
19 5 871 2
19 19 871 14
16 9 756 2
16 16 756 4
6 6 192 2
8 15 191 14
8 8 191 8
10 14 626 5
10 10 626 4
10 9 599 5
10 10 599 1
12 19 625 2
12 12 625 7
14 14 429 6
8 8 84 2
3 4 782 7
3 3 782 1
10 8 904 2
10 10 904 8
10 17 453 3
10 10 453 2
12 12 704 2
12 10 1037 6
12 12 1037 10
0 3 24 7
0 0 24 1
18 18 667 12
18 3 1380 13
18 18 1380 5
17 8 1393 11
17 17 1393 9
3 1 456 8
3 3 456 10
6 7 1364 5
6 6 1364 6
5 5 468 1
6 4 482 3
6 6 482 4
10 15 795 1
10 10 795 1
7 7 959 2
10 18 1143 4
10 10 1143 11
12 17 855 14
12 12 855 11
12 12 1180 7
15 8 336 11
15 15 336 5
2 14 1073 14
2 2 1073 4
19 7 814 8
19 19 814 6
3 1 130 7
3 3 130 11
8 17 1336 5
8 8 1336 2
3 3 1068 6
5 5 357 3
7 7 972 2
13 13 655 16
12 9 806 8
12 12 806 3
16 16 988 16
8 4 19 2
8 8 19 2
11 11 480 14
3 3 275 1
6 12 1069 6
6 6 1069 2
18 19 424 11
18 18 424 4
4 4 1410 8
7 1 150 3
7 7 150 6
6 10 1310 11
6 6 1310 1
12 5 35 11
12 12 35 5
12 5 949 8
12 12 949 4
15 8 118 11
15 15 118 3
19 2 1289 9
19 19 1289 3
2 13 412 13
2 2 412 2
2 4 562 2
2 2 562 16
5 5 76 13
8 8 480 4
16 16 222 16
9 9 604 1
14 14 1036 38
15 10 1414 9
15 15 1414 4
16 16 352 6
2 17 1177 4
2 2 1177 1
0 0 1417 5
19 19 663 1
8 16 1360 6
8 8 1360 4
5 5 477 1
8 16 79 11
8 8 79 5
10 10 351 9
10 8 550 9
10 10 550 2
16 16 1125 11
15 12 1079 13
15 15 1079 9
8 8 247 4
6 6 1173 3
6 6 734 7
8 8 649 2
5 5 825 16
10 3 661 12
10 10 661 3
15 16 1013 12
15 15 1013 3
12 11 218 14
12 12 218 14
12 15 75 12
12 12 75 2
12 17 400 3
12 12 400 13
14 13 52 6
14 14 52 1
14 18 521 4
14 14 521 12
19 13 1185 10
19 19 1185 2
19 18 11 12
19 19 11 10
19 19 885 2
3 1 280 2
3 3 280 2
3 6 751 13
3 3 751 4
3 1 1186 3
3 3 1186 2
6 6 178 4
7 13 143 3
7 7 143 6
9 10 756 8
9 9 756 2
15 7 779 11
15 15 779 1
10 3 1287 4
10 10 1287 8
14 14 1124 3
14 14 327 19
14 14 952 8
10 14 28 14
10 10 28 9
19 19 120 18
2 2 960 10
3 19 425 4
3 3 425 3
6 6 1016 1
4 4 1219 25
8 8 1078 7
15 5 466 11
15 15 466 8
12 18 169 9
12 12 169 12
15 9 1423 13
15 15 1423 9
12 19 1027 7
12 12 1027 2
13 5 630 9
13 13 630 10
2 2 262 2
2 2 883 1
12 12 706 7
10 10 781 6
7 8 1400 11
7 7 1400 9
11 11 995 11
12 19 312 6
12 12 312 17
12 8 837 2
12 12 837 7
12 0 125 11
12 12 125 6
14 13 746 1
14 14 746 6
18 18 83 3
2 9 185 8
2 2 185 13
5 12 1142 9
5 5 1142 7
13 15 1314 5
13 13 1314 7
6 1 721 6
6 6 721 2
8 9 688 11
8 8 688 12
14 1 1276 4
14 14 1276 4
3 3 1393 4
12 7 1377 14
12 12 1377 4
17 17 393 10
19 19 455 9
18 18 1378 2
8 7 970 5
8 8 970 12
10 19 978 4
10 10 978 1
14 14 1135 2
12 1 939 2
12 12 939 5
14 14 899 7
2 15 366 11
2 2 366 3
6 1 68 2
6 6 68 10
9 6 955 6
9 9 955 4
13 13 1359 2
19 7 677 5
19 19 677 4
4 4 22 1
6 18 1337 4
6 6 1337 2
14 8 119 3
14 14 119 5
10 12 820 13
10 10 820 4
3 18 1196 1
3 3 1196 1
15 4 1029 7
15 15 1029 6
14 9 55 3
14 14 55 2
15 2 431 13
15 15 431 1
19 13 56 10
19 19 56 5
6 6 961 2
8 8 866 1
6 6 797 21
10 1 647 13
10 10 647 5
9 9 47 11
14 14 1223 18
19 4 930 3
19 19 930 3
15 4 476 3
15 15 476 12
0 0 454 13
0 4 1189 12
0 0 1189 10
17 6 1038 5
17 17 1038 4
4 4 152 25
5 5 22 1
8 13 262 1
8 8 262 10
9 9 83 16
7 5 584 12
7 7 584 3
15 17 1228 2
15 15 1228 1
12 7 533 2
12 12 533 8
12 14 930 3
12 12 930 9
17 3 712 11
17 17 712 3
14 3 906 9
14 14 906 8
15 10 254 3
15 15 254 2
2 10 978 6
2 2 978 1
8 8 1301 10
3 19 874 11
3 3 874 3
4 4 1201 4
9 9 631 1
11 11 896 3
14 17 143 11
14 14 143 16
17 6 345 4
17 17 345 11
13 13 1352 7
2 10 837 7
2 2 837 1
3 19 548 4
3 3 548 11
4 0 446 8
4 4 446 33
8 8 559 1
4 4 326 34
7 12 468 8
7 7 468 2
10 15 328 5
10 10 328 15
11 11 586 10
11 11 420 30
12 12 302 2
19 3 576 3
19 19 576 20
16 16 484 3
13 13 1038 3
1 1 1005 1
18 3 69 4
18 18 69 2
2 4 756 9
2 2 756 2
3 15 693 5
3 3 693 7
8 16 873 7
8 8 873 9
8 1 702 5
8 8 702 2
12 12 112 1
12 17 970 11
12 12 970 12
15 15 37 1
19 13 1204 5
19 19 1204 2
2 10 497 1
2 2 497 9
8 8 1285 10
7 7 974 1
2 2 1226 1
2 2 534 12
3 3 702 2
6 9 1005 10
6 6 1005 2
9 9 632 5
10 8 1155 11
10 10 1155 1
17 17 783 4
15 7 251 6
15 15 251 1
1 1 227 1
2 18 275 13
2 2 275 8
6 6 1254 5
8 8 107 15
10 10 371 7
7 16 1383 1
7 7 1383 3
8 12 1358 3
8 8 1358 2
15 15 1035 14
16 16 928 1
0 17 874 10
0 0 874 8
0 0 1028 3
6 2 783 3
6 6 783 4
7 12 553 2
7 7 553 6
12 12 111 1
12 6 961 3
12 12 961 9
16 16 106 26
18 2 258 6
18 18 258 10
18 10 975 4
18 18 975 17
19 19 474 11
3 3 1182 4
19 7 443 3
19 19 443 12
18 8 1226 8
18 18 1226 12
15 18 1394 9
15 15 1394 2
16 16 249 11
2 14 529 4
2 2 529 2
6 14 996 5
6 6 996 3
0 0 424 16
18 9 1038 10
18 18 1038 6
7 7 719 3
15 9 939 6
15 15 939 1
12 16 666 7
12 12 666 5
12 7 1063 9
12 12 1063 7
15 15 277 2
4 4 1079 10
1 1 228 16
2 1 234 13
2 2 234 15
18 18 1270 9
16 16 704 12
8 11 744 5
8 8 744 11
10 11 378 1
10 10 378 1
10 13 635 5
10 10 635 7
12 12 476 3
15 15 606 1
0 0 316 9
6 1 1128 3
6 6 1128 1
6 6 701 5
16 16 1282 7
13 13 880 21
15 4 1153 10
15 15 1153 9
14 6 443 1
14 14 443 1
14 2 1004 8
14 14 1004 3
2 2 1325 1
8 11 312 14
8 8 312 6
2 2 451 8
2 12 12 6
2 2 12 11
3 18 1159 6
3 3 1159 3
6 18 145 3
6 6 145 1
14 10 1307 6
14 14 1307 4
10 15 92 3
10 10 92 1
10 12 1314 2
10 10 1314 2
17 0 1317 1
17 17 1317 2
14 16 241 8
14 14 241 2
12 2 1428 6
15 15 88 7
2 17 370 10
2 2 370 7
4 4 1313 3
3 3 394 6
8 8 1056 3
3 3 786 3
10 1 47 6
10 10 47 3
19 19 752 8
10 10 1205 4
15 2 1017 7
15 15 1017 1
15 10 436 10
15 15 436 2
16 6 783 14
16 16 783 13
14 4 782 8
14 14 782 4
0 9 574 13
0 0 574 16
2 6 229 11
2 2 229 5
18 18 508 10
6 13 435 2
6 6 435 6
10 13 808 11
10 10 808 3
8 8 832 2
2 11 560 11
2 2 560 2
18 12 485 7
18 18 485 1
19 19 379 34
2 18 705 1
2 2 705 1
5 5 973 8
6 8 1123 7
6 6 1123 5
17 7 1005 10
17 17 1005 5
4 4 316 3
9 9 887 1
14 14 1015 4
18 10 271 5
18 18 271 6
6 6 583 2
7 7 257 2
10 10 522 4
5 5 263 5
14 1 215 12
14 14 215 5
10 11 1325 12
10 10 1325 1
15 14 1344 6
15 15 1344 2
15 5 353 7
15 15 353 5
14 14 301 3
14 0 870 12
14 14 870 2
18 3 848 10
18 18 848 3
5 14 1397 5
5 5 1397 13
4 4 926 2
8 14 433 3
8 8 433 2
7 7 427 2
9 9 984 2
15 17 519 12
15 15 519 6
15 5 940 4
15 15 940 4
10 2 223 5
10 10 223 9
15 18 214 8
15 15 214 15
2 0 1094 11
2 2 1094 1
19 19 1344 1
19 17 275 12
19 19 275 9
4 4 520 42
3 16 983 5
3 3 983 7
5 8 300 6
5 5 300 6
4 4 1316 5
7 17 56 5
7 7 56 4
9 9 809 5
12 8 466 6
12 12 466 6
15 6 1126 2
15 15 1126 2
14 11 26 5
14 14 26 1
13 13 1074 1
2 7 1420 11
2 2 1420 3
1 1 93 8
2 6 111 14
2 2 111 1
2 13 728 1
2 2 728 13
4 4 671 5
5 5 226 12
6 6 240 3
9 9 231 6
10 12 255 8
10 10 255 2
13 13 866 4
12 6 1006 1
12 12 1006 2
12 4 1339 14
12 12 1339 1
15 4 57 4
15 15 57 4
0 0 441 10
0 9 1006 7
0 0 1006 3
0 10 1176 5
0 0 1176 5
10 14 1016 4
10 10 1016 27
11 11 1409 9
7 11 1136 9
7 7 1136 1
16 6 238 14
16 16 238 1
15 0 174 5
15 15 174 2
2 17 1198 1
2 2 1198 3
3 3 847 1
6 4 969 10
6 6 969 14
6 10 18 6
6 6 18 1
10 18 843 12
10 10 843 1
14 1 114 5
14 14 114 2
17 11 129 14
17 17 129 2
8 8 1384 6
3 0 1427 11
19 12 700 6
19 19 700 1
12 8 1272 13
12 12 1272 3
14 2 1399 7
14 14 1399 3
12 5 1187 8
12 12 1187 2
17 17 62 1
0 0 886 1
19 9 65 12
19 19 65 13
6 9 235 14
6 6 235 5
8 5 150 8
8 8 150 5
7 7 70 1
7 7 525 10
10 5 1356 4
10 10 1356 1
12 15 836 1
12 12 836 1
0 14 1322 11
0 0 1322 21
18 7 1097 1
18 18 1097 6
2 15 578 2
2 2 578 4
4 4 789 1
8 8 464 1
9 6 121 2
9 9 121 9
10 18 73 10
10 10 73 1
15 4 1004 14
15 15 1004 5
17 17 1288 10
14 16 202 5
14 14 202 9
15 4 760 5
15 15 760 1
18 2 249 13
18 18 249 1
3 13 42 7
3 3 42 17
12 16 528 6
12 12 528 4
8 12 1237 3
8 8 1237 1
3 3 1291 3
6 11 21 12
6 6 21 5
2 2 1012 7
10 10 574 14
17 2 1004 6
17 17 1004 1
16 16 884 8
2 3 206 10
2 2 206 2
3 5 187 2
3 3 187 10
6 3 1221 2
6 6 1221 14
5 5 1001 19
7 7 1013 2
7 3 1344 4
7 7 1344 7
11 11 43 29
12 12 1202 7
16 7 62 9
16 16 62 28
14 13 601 12
14 14 601 2
2 14 97 13
2 2 97 7
13 13 1321 11
5 5 212 14
18 18 486 8
7 18 522 8
7 7 522 3
10 2 1399 12
10 10 1399 4
15 7 15 2
15 15 15 7
1 1 884 23
0 0 1174 2
3 5 345 6
3 3 345 1
6 1 552 12
6 6 552 1
4 4 1267 9
10 9 1002 11
10 10 1002 4
13 13 1290 4
15 3 1070 4
15 15 1070 1
10 16 1274 8
10 10 1274 3
12 0 1359 7
12 12 1359 2
17 17 852 2
16 16 673 2
5 5 639 4
2 1 899 8
2 2 899 6
3 10 486 2
3 3 486 4
9 10 312 6
9 9 312 10
11 11 1145 1
7 11 1320 12
7 7 1320 8
12 4 1047 5
12 12 1047 3
12 17 693 9
12 12 693 2
14 14 124 3
18 18 716 4
18 18 1177 1
3 4 631 11
3 3 631 6
4 9 399 7
4 4 399 46
6 6 842 11
4 4 1297 5
11 11 669 1
12 12 1361 4
0 0 649 3
18 18 1064 20
6 16 656 7
6 6 656 2
10 10 232 6
3 3 1089 1
14 6 979 9
14 14 979 3
2 8 1288 7
2 2 1288 10
19 8 81 7
19 19 81 2
19 19 955 3
3 10 789 9
3 3 789 3
7 7 656 13
17 17 845 6
17 17 656 6
0 17 610 6
0 0 610 1
18 18 1281 2
2 19 922 1
2 2 922 3
6 6 1385 1
6 9 623 8
6 6 623 9
12 12 359 20
10 10 426 13
19 19 933 1
15 3 383 11
15 15 383 5
0 11 359 13
0 0 359 3
0 15 172 14
0 0 172 2
1 1 210 3
15 16 1285 9
15 15 1285 2
19 19 738 14
3 19 1075 9
3 3 1075 1
8 4 743 8
8 8 743 1
6 3 406 13
6 6 406 7
9 9 178 4
10 16 1059 10
10 10 1059 9
17 13 1060 9
17 17 1060 12
12 5 1352 12
12 12 1352 7
17 14 434 4
17 17 434 1
19 7 1151 1
19 19 1151 11
4 4 804 12
18 16 1059 14
18 18 1059 1
14 14 1158 11
17 5 1205 9
17 17 1205 9
0 0 389 28
1 1 265 16
0 0 1343 11
19 19 525 4
3 12 794 1
3 3 794 4
6 6 538 1
10 1 98 3
10 10 98 3
12 12 1121 2
6 8 861 5
6 6 861 5
14 14 837 2
18 18 687 4
19 6 199 7
19 19 199 3
3 13 1 7
3 3 1 12
8 6 543 10
8 8 543 4
6 5 510 8
6 6 510 1
10 7 879 6
10 10 879 6
15 14 1018 1
15 15 1018 2
12 12 683 7
17 17 282 5
1 1 957 1
14 16 630 1
14 14 630 1
12 12 1408 11
3 19 1423 9
3 3 1423 4
19 14 810 5
19 19 810 4
8 8 839 17
18 3 279 1
18 18 279 9
10 6 552 7
10 10 552 4
15 0 1091 14
15 15 1091 6
2 2 943 6
2 2 695 10
15 14 164 9
15 15 164 4
4 4 183 2
6 15 642 6
6 6 642 6
6 6 215 4
6 2 280 8
6 6 280 5
10 10 154 7
12 3 55 14
12 12 55 5
13 13 191 10
9 9 888 15
14 7 989 6
14 14 989 4
3 9 227 4
3 3 227 1
8 3 489 5
8 8 489 3
3 15 771 13
3 3 771 2
6 14 541 4
6 6 541 11
12 6 86 11
12 12 86 12
16 16 662 1
6 6 1371 14
3 3 837 3
10 6 1172 6
10 10 1172 9
17 17 968 3
15 17 333 1
15 15 333 3
0 3 373 13
0 0 373 6
18 0 108 11
18 18 108 13
0 16 751 4
0 0 751 3
8 2 471 1
8 8 471 1
6 7 746 13
6 6 746 3
8 11 661 11
8 8 661 3
4 16 1294 2
4 4 1294 3
10 10 306 1
11 11 640 4
7 7 885 26
14 14 516 4
14 14 448 19
2 2 1378 3
18 18 584 11
6 18 1072 12
6 6 1072 5
5 13 643 8
5 5 643 3
6 6 275 1
9 9 1179 4
15 13 1282 12
15 15 1282 1
12 12 896 8
17 17 61 1
14 12 993 12
14 14 993 6
5 5 89 15
10 10 475 13
11 11 878 3
8 9 982 2
8 8 982 2
17 17 816 4
18 18 212 10
2 2 314 4
1 1 1314 4
8 2 1369 1
8 8 1369 9
15 4 213 12
15 15 213 1
6 6 488 12
9 9 1007 6
7 7 1243 8
15 18 1056 4
15 15 1056 12
15 16 927 1
15 15 927 4
2 2 790 4
5 5 1050 8
6 8 1176 13
6 6 1176 2
6 15 749 10
6 6 749 2
6 13 822 11
6 6 822 5
8 8 209 14
7 9 11 13
7 7 11 6
10 19 317 6
10 10 317 1
8 11 1019 13
8 8 1019 2
13 13 800 1
13 13 491 6
14 14 572 7
0 0 800 8
2 16 92 14
2 2 92 5
6 13 1067 8
6 6 1067 2
3 4 1207 12
3 3 1207 8
5 5 652 11
19 0 509 1
19 19 509 12
18 18 222 1
10 10 1298 4
15 9 1291 8
15 15 1291 4
16 16 160 13
7 12 1077 11
7 7 1077 17
2 6 975 8
2 2 975 1
19 19 983 9
3 3 442 14
8 8 933 15
9 9 460 8
9 7 903 8
9 9 903 11
10 10 1253 3
17 17 939 3
14 5 686 11
14 14 686 28
17 17 380 3
5 5 1065 5
0 16 25 5
0 0 25 9
0 0 590 5
3 13 926 1
3 3 926 3
3 16 1365 12
3 3 1365 16
9 9 1150 3
10 10 1140 2
12 5 267 2
12 12 267 3
15 15 996 1
17 17 269 3
19 19 1066 11
0 0 136 9
5 5 169 7
10 11 747 9
10 10 747 13
2 8 1225 6
2 2 1225 1
12 16 77 13
12 12 77 1
13 13 484 7
10 10 246 9
17 18 465 13
17 17 465 4
19 8 440 1
19 19 440 3
3 3 745 2
5 5 58 2
6 13 184 7
6 6 184 2
9 5 1157 11
9 9 1157 15
7 7 1098 2
14 14 1122 2
17 17 1358 17
19 4 1018 2
19 19 1018 1
15 15 698 14
3 3 419 3
8 8 1047 1
5 5 518 22
10 6 944 8
10 10 944 1
8 13 586 6
8 8 586 9
14 14 187 4
16 8 822 10
16 16 822 13
16 1 763 1
16 16 763 15
18 18 322 9
2 4 268 13
2 2 268 2
6 4 1275 1
6 6 1275 1
6 6 1356 8
6 6 913 10
18 16 335 12
18 18 335 27
19 1 427 6
19 19 427 2
13 13 961 2
12 16 847 11
12 12 847 8
14 14 42 3
13 13 1250 2
14 14 298 3
18 18 89 3
9 13 637 12
9 9 637 4
4 4 719 24
8 13 236 11
8 8 236 4
18 18 1053 6
8 8 223 3
2 4 1183 2
2 2 1183 6
12 12 68 5
8 11 623 4
8 8 623 4
12 12 1387 5
18 18 664 3
1 9 509 11
1 1 509 4
3 6 283 2
3 3 283 8
5 5 35 7
5 17 841 4
5 5 841 9
10 10 190 1
3 3 1094 5
12 18 608 5
12 12 608 1
1 1 1103 5
17 17 154 14
5 11 436 14
5 5 436 5
18 3 1311 11
18 18 1311 7
14 5 27 8
14 14 27 15
19 19 1377 3
15 15 837 3
14 16 808 1
14 14 808 4
2 16 880 4
2 2 880 3
8 19 1261 14
8 8 1261 2
6 0 904 2
6 6 904 5
6 16 477 10
6 6 477 1
10 14 778 9
10 10 778 2
14 14 45 2
17 14 511 5
17 17 511 1
2 2 1024 7
18 13 1414 1
6 17 1165 2
6 6 1165 2
5 11 155 3
5 5 155 3
17 1 140 10
17 17 140 9
12 16 904 10
12 12 904 6
7 19 1416 11
7 7 1416 10
13 13 640 9
17 5 581 13
17 17 581 28
17 17 392 1
18 18 278 1
2 10 41 9
2 2 41 6
6 6 1052 7
9 9 406 22
10 11 1295 2
10 10 1295 1
3 19 1264 9
3 3 1264 1
12 9 543 8
12 12 543 2
15 15 648 2
17 16 25 8
17 17 25 1
13 3 1257 4
13 13 1257 10
2 19 517 8
2 2 517 12
1 1 244 3
3 10 1339 3
3 3 1339 9
6 4 1283 9
6 6 1283 15
13 13 1155 6
14 1 819 9
14 14 819 1
0 0 595 15
3 1 107 2
3 3 107 2
6 18 1269 10
6 6 1269 6
6 4 1342 5
6 6 1342 2
3 4 1352 9
3 3 1352 13
8 8 126 3
7 13 478 6
7 7 478 29
7 7 933 26
11 11 596 4
10 10 1121 1
12 11 304 11
12 12 304 2
12 6 1162 3
12 12 1162 8
12 18 232 6
12 12 232 7
2 2 1051 5
0 9 706 13
0 0 706 40
19 16 350 8
19 19 350 5
3 6 248 10
3 3 248 2
8 0 867 1
8 8 867 1
5 5 351 6
6 16 359 1
6 6 359 9
9 9 193 18
7 2 1409 9
7 7 1409 7
11 11 104 16
12 12 391 9
3 0 265 11
3 3 265 10
6 5 1047 11
6 6 1047 2
5 5 21 1
7 7 305 3
7 2 587 2
7 7 587 3
11 11 818 10
14 9 1143 7
14 14 1143 7
14 14 489 8
15 15 1242 5
7 7 975 13
15 8 1409 9
15 15 1409 1
14 17 1083 14
14 14 1083 3
2 2 358 7
2 17 979 12
2 2 979 11
4 4 979 8
3 3 877 1
6 7 1003 10
6 6 1003 2
9 9 488 29
9 9 931 14
7 7 1191 5
14 18 1267 3
14 14 1267 9
15 3 1191 10
15 15 1191 1
18 18 51 1
6 6 1260 3
4 17 1345 13
4 4 1345 2
7 8 471 9
7 7 471 2
7 7 930 3
16 16 1099 26
12 12 1153 9
17 4 489 1
17 17 489 1
19 12 1094 13
19 19 1094 2
2 2 1042 7
5 5 594 2
1 1 1200 4
3 15 225 7
3 3 225 2
19 12 97 2
19 19 97 1
12 12 113 3
14 11 1280 8
14 14 1280 1
19 0 1113 7
19 19 1113 20
1 1 448 14
19 15 907 9
19 19 907 8
4 4 843 2
3 3 709 3
3 9 1176 3
3 3 1176 4
1 1 1290 10
14 14 1150 1
15 15 1396 13
14 14 914 7
2 2 1227 4
13 13 956 1
6 6 176 2
6 12 994 14
6 6 994 2
19 19 1214 3
10 18 58 13
10 10 58 4
11 11 952 36
11 11 335 12
13 13 916 11
6 6 206 5
0 0 545 3
2 0 272 4
2 2 272 3
4 4 105 26
8 13 1154 7
8 8 1154 1
16 16 239 6
15 13 1248 6
15 15 1248 10
11 11 9 22
10 10 1043 7
16 19 929 9
16 16 929 11
0 0 294 7
18 18 518 7
3 3 230 3
6 3 699 10
6 6 699 2
8 12 678 5
8 8 678 2
8 8 251 10
11 11 1292 4
12 0 437 4
12 12 437 7
12 0 1295 7
12 12 1295 6
0 8 469 6
0 0 469 16
0 0 794 6
0 0 1318 4
12 9 617 9
12 12 617 4
6 15 1025 10
6 6 1025 13
19 10 1053 4
19 19 1053 13
8 8 309 1
7 7 295 10
10 8 82 2
10 10 82 4
15 16 96 2
15 15 96 7
2 2 598 8
16 11 591 12
16 16 591 7
0 0 68 3
1 1 330 14
12 12 555 4
3 8 1326 10
3 3 1326 13
15 2 910 5
15 15 910 3
10 10 488 4
10 17 37 6
10 10 37 2
17 17 775 5
15 8 195 14
15 15 195 6
18 18 37 14
8 8 476 4
18 18 1211 2
19 16 1292 5
19 19 1292 15
6 13 1246 4
6 6 1246 1
3 1 1000 1
3 3 1000 17
6 6 884 7
6 4 441 5
6 6 441 3
10 4 814 14
10 10 814 6
10 5 379 8
10 10 379 1
7 18 1375 3
7 7 1375 1
10 4 1050 11
10 10 1050 5
13 13 425 12
16 15 467 8
16 16 467 4
0 6 1052 13
0 0 1052 1
4 4 682 4
6 18 1129 11
6 6 1129 3
3 9 1145 4
3 3 1145 7
8 5 226 12
8 8 226 1
10 6 689 8
10 10 689 1
14 10 1241 12
14 14 1241 2
12 1 428 2
12 12 428 3
10 18 309 13
10 10 309 8
2 3 1322 1
2 2 1322 3
0 0 1163 11
6 6 988 6
4 10 374 7
4 4 374 1
6 9 150 10
6 6 150 3
9 5 536 11
9 9 536 2
17 17 229 5
5 11 401 11
5 5 401 14
6 4 33 9
6 6 33 11
7 0 429 11
7 7 429 10
9 9 1084 19
10 15 1202 14
10 10 1202 3
12 1 658 12
12 12 658 8
10 10 222 1
13 13 1394 21
0 0 202 6
18 19 745 7
18 18 745 6
2 19 226 2
2 2 226 2
5 5 1217 13
3 18 538 5
3 3 538 6
8 8 1200 1
2 8 1381 3
2 2 1381 16
5 5 238 3
0 0 808 9
5 5 1168 18
4 4 1146 7
8 8 1366 3
1 1 109 10
16 4 1252 13
16 16 1252 12
0 5 1218 12
0 0 1218 2
12 8 427 8
12 12 427 1
12 12 1008 16
15 15 580 8
14 8 1012 7
14 14 1012 3
2 18 475 11
2 2 475 2
6 18 137 5
6 6 137 1
9 9 1236 6
16 5 1417 10
16 16 1417 1
12 12 570 6
16 16 1396 13
12 12 1107 8
2 16 951 9
2 2 951 1
8 13 1064 10
8 8 1064 1
6 6 983 3
10 15 833 8
10 10 833 7
7 0 881 13
7 7 881 4
7 13 1340 5
7 7 1340 4
16 9 1048 6
16 16 1048 1
13 13 74 39
15 15 282 4
16 16 716 9
2 2 1095 19
0 4 566 5
0 0 566 5
2 14 253 7
2 2 253 9
8 15 1378 3
8 8 1378 4
5 5 1163 1
6 8 870 13
6 6 870 2
11 11 451 29
12 4 1189 8
12 12 1189 13
17 11 469 11
17 17 469 4
18 18 477 1
6 6 162 14
18 18 1084 9
4 4 664 6
3 10 656 5
3 3 656 2
6 6 684 4
8 8 347 3
7 7 535 3
12 15 418 3
12 12 418 6
17 10 1224 13
17 17 1224 6
17 17 531 5
9 9 699 3
18 18 825 14
19 17 61 1
19 19 61 4
18 18 1103 17
2 11 584 12
2 2 584 5
3 3 801 27
6 12 575 10
6 6 575 1
8 4 298 5
8 8 298 1
10 10 1237 16
12 1 1419 4
12 12 1419 2
17 17 247 15
0 7 41 12
0 0 41 5
17 17 262 3
5 7 1186 5
5 5 1186 3
5 5 387 7
6 16 19 14
6 6 19 2
10 10 840 3
11 11 1098 5
11 11 932 4
5 5 873 22
12 17 379 14
12 12 379 5
17 17 1002 2
5 5 258 1
14 0 793 7
14 14 793 3
8 17 595 14
8 8 595 1
1 1 1380 42
15 14 123 4
15 15 123 13
8 9 755 1
8 8 755 22
6 9 418 10
6 6 418 5
10 10 276 2
10 10 1079 2
14 3 1396 1
14 14 1396 3
17 17 1072 14
16 5 56 4
16 16 56 3
0 0 887 2
0 0 700 2
6 1 1106 14
6 6 1106 10
8 2 781 8
8 8 781 1
19 11 575 11
19 19 575 1
10 13 1357 4
10 10 1357 15
16 16 1384 1
13 13 154 5
15 11 1183 12
15 15 1183 1
13 13 823 3
4 4 790 12
8 8 465 3
15 13 1144 1
15 15 1144 4
10 13 573 2
10 10 573 1
7 14 669 13
7 7 669 3
10 0 1277 2
10 10 1277 1
15 15 1361 1
15 3 780 9
15 15 780 4
3 3 544 4
16 16 683 8
2 14 905 9
2 2 905 4
5 8 1195 4
5 5 1195 13
4 4 933 1
8 17 1238 11
8 8 1238 12
3 4 1290 2
3 3 1290 1
1 1 983 14
10 15 396 14
10 10 396 2
11 11 352 16
12 12 1220 3
12 12 1090 1
0 16 362 7
0 0 362 6
14 3 733 12
14 14 733 13
18 18 1183 14
19 2 727 14
19 19 727 2
3 10 186 5
3 3 186 1
8 8 1189 10
12 19 990 11
12 12 990 2
7 17 1012 9
7 7 1012 1
11 11 497 41
12 2 449 2
12 12 449 1
0 0 846 21
18 18 613 16
17 12 407 6
17 17 407 1
3 14 203 11
3 3 203 1
3 17 1109 14
3 3 1109 17
10 10 238 4
11 11 756 10
17 13 788 12
17 17 788 16
13 13 712 17
15 2 595 3
15 15 595 2
15 5 14 8
15 15 14 1
19 6 1044 1
19 19 1044 9
8 0 1102 14
8 8 1102 2
6 15 553 11
6 6 553 3
4 4 1276 9
9 9 564 5
10 8 600 14
10 10 600 4
12 14 154 5
12 12 154 5
8 9 524 14
8 8 524 11
17 17 670 2
15 6 191 1
15 15 191 2
19 19 1358 17
18 12 698 6
18 18 698 1
2 11 343 4
2 2 343 7
19 2 202 1
19 19 202 8
6 6 952 1
8 12 423 9
8 8 423 2
10 3 292 10
10 10 292 4
10 10 439 3
10 6 1110 12
10 10 1110 7
15 8 954 2
15 15 954 10
15 2 369 9
15 15 369 6
17 10 306 1
17 17 306 3
12 1 1029 13
12 12 1029 6
2 2 198 5
2 2 819 6
4 4 51 4
4 4 1418 18
7 9 1005 9
7 7 1005 4
1 1 1108 11
10 3 1081 8
10 10 1081 2
14 19 1350 8
14 14 1350 5
15 15 1148 5
17 15 629 13
17 17 629 4
14 14 545 11
0 0 837 2
2 5 121 7
2 2 121 4
19 11 845 8
19 19 845 9
3 17 304 1
3 3 304 2
5 5 663 16
10 3 604 2
10 10 604 2
9 9 684 8
11 11 749 7
8 8 619 1
15 9 600 5
15 15 600 6
8 1 318 12
8 8 318 6
2 2 447 4
2 4 1000 6
2 2 1000 2
2 2 597 1
4 4 772 17
8 8 906 2
6 8 117 9
6 6 117 1
9 9 106 15
10 3 120 3
10 10 120 4
10 2 1230 10
10 10 1230 7
12 10 78 8
12 12 78 3
15 2 786 4
15 15 786 10
17 6 678 6
17 17 678 5
14 9 835 5
14 14 835 2
1 1 765 35
0 0 611 4
12 12 83 3
3 3 494 2
3 16 1400 11
3 3 1400 2
4 4 1162 1
10 10 446 5
11 11 414 6
1 1 955 2
15 6 242 1
15 15 242 2
18 6 708 11
18 18 708 8
0 15 1095 9
0 0 1095 1
7 7 1351 18
5 2 1070 7
5 5 1070 9
3 19 639 10
3 3 639 1
3 3 1074 1
3 16 1417 13
3 3 1417 6
17 14 1203 11
17 17 1203 2
10 8 257 4
10 10 257 2
11 11 495 2
12 12 828 5
17 17 622 5
18 7 599 4
18 18 599 11
2 2 112 9
6 5 648 4
6 6 648 8
9 8 2 6
9 9 2 16
10 10 144 8
10 16 1382 3
10 10 1382 4
13 13 762 2
6 11 1017 1
6 6 1017 8
15 15 1258 5
16 16 513 19
19 0 158 14
19 19 158 1
6 13 539 10
6 6 539 1
7 19 1111 2
7 7 1111 5
9 9 945 2
14 17 220 9
14 14 220 1
16 0 203 8
16 16 203 4
14 3 842 5
14 14 842 18
2 2 297 3
4 4 581 11
3 9 471 4
3 3 471 3
8 11 1227 5
8 8 1227 4
6 4 938 10
6 6 938 13
6 12 511 6
6 6 511 9
9 9 297 3
5 5 415 2
16 16 858 15
1 1 615 22
5 5 923 18
19 4 311 5
19 19 311 5
6 19 1199 7
6 6 1199 22
5 5 189 10
9 17 186 4
9 9 186 4
10 8 264 8
10 10 264 2
15 2 665 6
15 15 665 2
15 15 569 2
17 17 426 8
0 0 660 2
5 5 1364 33
3 9 318 4
3 3 318 27
7 7 685 1
5 5 679 2
17 17 1197 2
15 18 686 5
15 15 686 8
18 18 331 1
0 0 962 12
2 6 433 14
2 2 433 7
6 16 530 2
6 6 530 1
7 0 1100 11
7 7 1100 11
13 13 15 10
16 16 663 10
2 6 1162 11
2 2 1162 1
18 4 679 1
18 18 679 4
2 2 288 2
5 5 1167 1
3 0 476 10
3 3 476 10
3 3 915 10
5 5 480 8
14 11 81 1
14 14 81 8
10 9 416 12
10 10 416 10
15 8 913 2
15 15 913 3
19 13 316 13
19 19 316 2
2 13 796 9
2 2 796 2
7 7 1075 2
14 14 127 7
10 10 742 5
10 10 307 2
16 16 1153 15
13 13 497 4
16 18 27 1
16 16 27 3
14 14 570 2
0 0 485 1
19 3 429 4
19 19 429 6
2 18 655 2
2 2 655 10
3 11 295 5
3 3 295 1
3 14 762 9
3 3 762 3
3 3 1201 6
4 14 1089 3
4 4 1089 1
10 10 130 14
14 14 1169 3
17 6 1190 9
17 17 1190 7
15 9 695 13
15 15 695 1
14 14 933 2
10 6 168 10
10 10 168 22
1 1 282 47
4 4 1009 9
18 18 1165 1
10 7 679 6
10 10 679 2
9 15 925 6
9 9 925 4
13 13 8 5
15 15 147 5
2 11 1157 12
2 2 1157 3
4 4 1264 1
3 3 14 7
0 0 889 5
10 10 798 1
15 9 802 1
15 15 802 5
6 6 1150 15
14 3 89 3
14 14 89 5
14 2 350 8
14 14 350 4
19 12 760 9
19 19 760 14
4 4 23 14
0 0 1220 12
8 6 669 12
8 8 669 4
17 14 490 8
17 17 490 8
10 0 737 9
10 10 737 1
11 11 79 3
15 15 1104 12
9 9 840 1
15 15 506 3
18 8 298 12
18 18 298 5
0 0 662 4
18 18 1037 1
18 18 1326 5
3 10 739 3
3 3 739 2
5 16 48 4
5 5 48 10
7 7 614 13
11 11 220 12
17 7 1183 3
17 17 1183 1
14 14 379 11
15 15 107 2
18 17 774 1
18 18 774 13
19 19 982 1
3 14 880 2
3 3 880 11
3 3 1223 12
5 17 540 11
5 5 540 7
3 3 853 2
10 8 451 13
10 10 451 1
7 7 759 1
12 6 181 11
12 12 181 2
15 15 572 6
15 15 886 3
9 9 659 21
15 15 152 5
3 5 214 12
3 3 214 2
2 14 306 12
2 2 306 6
4 4 562 2
6 6 1354 2
5 12 941 12
5 5 941 3
9 9 791 1
9 0 1149 14
9 9 1149 1
8 8 1085 5
13 13 1415 9
2 4 1039 12
2 2 1039 3
18 18 595 4
19 19 330 2
1 1 1195 5
8 19 1338 7
8 8 1338 1
6 8 741 2
6 6 741 5
9 2 864 10
9 9 864 8
7 6 1429 5
7 7 1429 2
10 7 1419 7
10 10 1419 3
13 13 653 1
14 5 467 13
14 14 467 22
13 13 1145 10
2 2 1397 1
2 18 84 2
2 2 84 6
5 17 1427 10
6 17 1059 13
6 6 1059 3
3 3 1215 2
8 8 275 14
6 6 258 4
9 15 62 10
9 9 62 9
3 3 117 1
19 19 117 3
19 19 552 10
1 5 1141 13
1 1 1141 48
8 1 1048 4
8 8 1048 8
0 0 1199 19
10 19 945 6
10 10 945 7
13 13 58 5
15 17 867 9
15 15 867 1
5 5 918 5
2 2 1315 3
9 9 792 10
12 7 259 11
12 12 259 2
12 19 1173 4
12 12 1173 5
16 16 838 18
1 1 920 7
18 18 86 3
18 18 547 11
19 19 774 8
3 16 141 14
3 3 141 8
15 6 1273 2
15 15 1273 2
10 10 979 3
8 8 651 2
10 13 659 12
10 10 659 2
7 7 1426 3
16 16 1313 13
17 1 406 8
17 17 406 1
19 1 1187 13
19 19 1187 13
4 4 802 2
2 5 47 11
2 2 47 8
19 0 887 2
19 19 887 14
3 2 282 11
3 3 282 1
3 4 1188 9
3 3 1188 2
5 5 765 14
8 8 175 16
10 10 191 5
11 11 789 29
12 14 212 9
12 12 212 1
12 12 609 4
17 11 1161 4
17 17 1161 5
15 11 944 8
15 15 944 4
15 15 121 1
2 12 990 2
2 2 990 2
4 4 1006 3
3 3 894 21
8 8 596 6
6 14 67 6
6 6 67 1
10 8 952 10
10 10 952 5
9 9 587 17
9 9 1054 3
11 11 347 5
12 12 752 2
16 5 345 12
16 16 345 2
13 13 1161 34
16 16 755 1
4 4 1302 11
6 19 1267 14
6 6 1267 2
8 3 547 12
8 8 547 11
10 18 324 8
10 10 324 4
10 8 1127 10
10 10 1127 13
17 12 1120 1
17 17 1120 3
14 4 50 1
14 14 50 2
12 1 239 5
12 12 239 1
18 15 81 7
18 18 81 1
0 19 1073 4
0 0 1073 22
1 1 1189 6
6 3 727 14
6 6 727 2
6 16 792 4
6 6 792 5
8 8 199 8
18 18 936 28
9 6 658 11
9 9 658 1
12 12 982 2
17 17 553 6
14 6 304 3
14 14 304 3
2 19 1351 5
2 2 1351 3
18 2 992 6
18 18 992 19
15 15 797 5
3 3 1197 1
4 4 1061 7
15 19 1136 10
15 15 1136 8
15 1 187 14
15 15 187 3
11 11 828 12
12 12 211 1
8 15 602 14
8 8 602 2
17 19 1154 8
17 17 1154 4
15 16 651 7
15 15 651 3
1 1 691 4
2 4 514 6
2 2 514 3
3 15 400 13
3 3 400 8
3 13 871 9
3 3 871 3
19 15 602 4
19 19 602 9
12 0 162 4
12 12 162 2
12 1 751 14
12 12 751 1
17 19 787 12
17 17 787 1
14 16 277 1
14 14 277 2
19 19 1414 5
0 0 694 6
2 0 287 7
2 2 287 1
8 8 1344 3
0 15 1275 12
0 0 1275 2
7 16 473 11
7 7 473 5
13 13 445 22
14 14 53 2
1 1 1002 3
17 8 415 10
17 17 415 3
5 4 1149 13
5 5 1149 4
4 4 11 4
8 3 868 9
8 8 868 5
6 1 787 13
6 6 787 4
6 19 356 5
6 6 356 3
11 11 1297 35
12 12 329 3
16 16 1311 2
12 7 384 9
12 12 384 7
1 1 462 2
0 3 1394 11
0 0 1394 23
19 13 901 6
19 19 901 2
4 4 845 41
15 5 244 14
15 15 244 3
4 4 1068 11
10 5 161 8
10 10 161 6
12 13 202 2
12 12 202 2
15 18 934 2
15 15 934 5
15 8 625 12
15 15 625 8
15 18 656 11
15 15 656 3
18 8 645 6
18 18 645 12
0 0 119 17
2 11 976 12
2 2 976 2
19 19 1010 8
14 5 164 12
14 14 164 6
12 12 1075 6
16 16 796 13
15 1 252 13
15 15 252 2
6 6 697 2
6 6 891 3
7 16 470 1
7 7 470 1
15 11 438 13
15 15 438 8
8 12 664 13
8 8 664 5
15 13 1288 2
15 15 1288 3
17 4 1415 3
17 17 1415 1
6 18 351 12
6 6 351 2
10 14 652 12
10 10 652 7
15 15 916 10
14 9 1281 14
14 14 1281 8
13 13 263 17
15 15 616 2
19 19 1206 4
2 8 613 14
2 2 613 10
8 19 1018 1
8 8 1018 1
10 16 962 7
10 10 962 6
9 2 749 3
9 9 749 7
7 16 1038 13
7 7 1038 13
10 10 1342 2
14 5 1151 2
14 14 1151 7
19 13 950 11
19 19 950 1
12 15 1115 13
12 12 1115 2
16 16 132 23
0 7 947 12
0 0 947 15
13 13 1011 10
19 19 1019 15
4 4 987 19
8 17 1076 13
8 8 1076 1
5 12 430 14
5 5 430 4
7 7 446 6
8 13 902 14
8 8 902 1
16 2 691 4
16 16 691 13
15 15 1418 3
6 14 113 11
6 6 113 2
0 0 1431 3
3 14 559 13
3 3 559 6
8 5 1155 8
8 8 1155 8
15 11 388 3
15 15 388 6
4 4 1353 5
10 11 804 14
10 10 804 3
7 2 1377 1
7 7 1377 6
17 10 1099 10
17 17 1099 19
12 19 1209 5
12 12 1209 1
10 17 124 7
10 10 124 5
3 17 233 14
3 3 233 1
3 13 700 12
3 3 700 2
3 3 1139 6
6 13 342 14
6 6 342 7
11 19 1426 10
17 17 559 17
14 16 1003 1
14 14 1003 1
2 15 1360 7
2 2 1360 1
18 18 973 2
19 5 915 2
19 19 915 7
3 12 1152 1
3 3 1152 7
8 8 310 2
10 10 518 4
10 15 1337 6
10 10 1337 1
1 1 433 15
12 12 517 11
14 5 922 1
14 14 922 4
18 6 147 10
18 18 147 1
0 0 906 12
2 15 377 4
2 2 377 1
3 5 858 2
3 3 858 3
6 9 986 1
6 6 986 2
4 4 1185 8
7 7 439 6
7 5 770 14
7 7 770 12
17 17 774 1
16 16 778 5
18 18 751 7
8 8 1397 1
7 7 452 14
14 14 1376 4
14 18 579 2
14 14 579 3
0 0 867 1
0 0 1053 1
6 6 1134 4
18 1 318 11
18 18 318 4
8 17 227 7
8 8 227 8
6 16 1386 10
6 6 1386 2
10 10 203 19
11 11 158 28
16 16 1225 17
17 17 1245 4
17 17 544 6
15 17 53 3
15 15 53 4
18 15 964 8
18 18 964 6
19 19 485 9
2 2 631 19
16 0 387 2
16 16 387 8
4 4 375 13
11 11 143 11
9 7 1234 9
9 9 1234 2
14 14 159 4
12 12 1097 10
14 14 296 2
15 4 279 5
15 15 279 3
0 5 897 14
0 0 897 1
19 19 159 1
13 13 159 32
4 17 262 10
4 4 262 19
17 17 1230 8
13 13 901 6
12 12 1240 1
17 17 149 2
18 12 742 5
18 18 742 3
18 18 1203 4
2 14 812 6
2 2 812 7
6 3 1238 2
6 6 1238 8
8 18 1201 2
8 8 1201 11
5 5 1020 2
18 18 362 1
11 11 627 2
12 3 866 11
12 12 866 4
18 2 1408 9
18 18 1408 6
6 8 1247 4
6 6 1247 5
8 11 341 11
8 8 341 4
6 0 320 5
6 6 320 18
9 3 695 7
9 9 695 4
2 2 1071 2
6 8 1049 7
6 6 1049 3
17 0 1238 2
17 17 1238 7
12 12 1342 4
2 2 472 3
2 16 590 8
2 2 590 7
8 14 1114 10
8 8 1114 8
13 12 699 14
13 13 699 3
9 9 362 3
7 7 686 5
10 15 1323 10
10 10 1323 2
16 16 1418 1
15 4 1346 12
15 15 1346 5
12 12 1088 1
14 14 307 2
14 14 868 2
5 18 1208 3
5 5 1208 6
8 8 1065 11
5 5 596 5
19 11 537 1
19 19 537 6
16 16 1049 2
12 18 650 14
12 12 650 3
14 18 105 2
14 14 105 5
1 1 513 16
18 18 737 5
2 17 807 13
2 2 807 3
19 19 1162 5
6 6 424 6
18 9 160 4
18 18 160 18
1 1 329 1
11 11 450 1
8 8 956 6
17 17 1086 3
17 17 897 1
15 16 394 5
15 15 394 2
2 2 1418 2
1 1 101 3
3 7 659 10
3 3 659 7
3 7 1126 11
3 3 1126 2
13 13 113 24
14 10 1192 13
14 14 1192 6
15 1 588 9
15 15 588 1
14 14 1020 16
2 2 28 11
19 19 934 4
3 6 365 10
3 3 365 3
8 14 918 14
8 8 918 2
8 18 299 4
8 8 299 7
7 7 269 1
16 16 1409 2
12 6 562 9
12 12 562 5
12 12 1151 2
15 6 168 8
15 15 168 6
2 19 1196 6
2 2 1196 2
2 18 322 9
2 2 322 7
3 18 506 12
3 3 506 10
3 1 945 10
3 3 945 5
16 16 1040 8
13 13 66 8
17 17 1001 1
14 12 677 6
14 14 677 1
17 2 135 3
17 17 135 5
14 8 172 3
14 14 172 1
3 9 180 10
3 3 180 3
3 17 990 12
3 3 990 8
11 11 899 27
4 4 1325 20
7 7 51 2
9 17 848 4
9 9 848 16
8 17 614 8
8 8 614 5
15 15 403 2
1 1 126 11
15 19 462 2
15 15 462 4
3 13 197 11
3 3 197 6
4 4 221 4
6 18 676 11
6 6 676 4
5 18 895 7
5 5 895 16
11 11 766 5
16 16 1385 11
17 19 1405 9
17 17 1405 10
14 14 402 10
2 7 23 11
2 2 23 5
6 15 567 4
6 6 567 4
6 9 120 10
6 6 120 3
0 0 229 33
13 13 607 6
14 0 886 1
14 14 886 1
0 0 918 29
5 19 1194 6
5 5 1194 1
4 4 934 14
3 9 950 9
3 3 950 2
8 19 620 12
8 8 620 3
6 5 11 10
6 6 11 7
3 3 1128 2
11 11 988 7
17 2 309 9
17 17 309 11
14 11 778 8
14 14 778 3
0 6 208 3
0 0 208 3
2 14 204 7
2 2 204 2
2 13 825 13
2 2 825 1
5 9 983 3
5 5 983 13
7 7 1015 4
12 0 450 1
12 12 450 5
17 17 627 2
15 15 408 2
1 1 119 7
1 1 1261 10
5 5 1100 1
3 1 1108 11
3 3 1108 1
15 15 931 1
10 11 594 6
10 10 594 4
9 9 682 2
0 0 1120 5
11 11 186 34
12 3 4 10
12 12 4 5
13 13 146 3
16 16 98 7
14 14 974 3
3 3 1253 5
6 19 115 5
6 6 115 2
10 18 1000 11
10 10 1000 2
7 7 206 4
3 18 961 12
3 3 961 7
18 16 105 1
18 18 105 2
17 17 1287 1
14 4 211 10
14 14 211 3
14 14 260 7
15 3 190 14
15 15 190 1
18 18 238 6
18 16 699 5
18 18 699 4
19 9 187 6
19 19 187 12
19 19 622 5
4 4 592 33
6 1 953 5
6 6 953 8
6 13 2 13
6 6 2 4
15 9 1016 2
15 15 1016 1
12 6 695 11
12 12 695 5
12 17 1276 12
12 12 1276 2
16 16 877 3
18 18 436 6
1 1 223 4
4 4 743 8
4 4 393 6
19 4 665 6
19 19 665 1
6 11 413 7
6 6 413 3
8 3 837 7
8 8 837 1
12 12 505 12
15 12 554 5
15 15 554 7
0 0 1264 11
19 19 464 1
4 4 886 13
8 9 828 13
8 8 828 2
6 6 219 16
6 15 300 14
6 6 300 4
9 9 24 7
19 8 1333 10
19 19 1333 11
12 4 3 12
12 12 3 1
17 9 633 14
17 17 633 2
17 18 1202 7
17 17 1202 1
18 18 855 9
15 15 22 15
2 10 1286 12
2 2 1286 2
0 0 1013 15
2 2 444 3
3 2 1258 8
3 3 1258 3
10 11 915 11
10 10 915 5
10 14 556 14
10 10 556 17
8 8 1418 7
15 7 712 14
15 15 712 3
1 1 764 1
1 1 167 17
2 2 1298 1
3 2 932 2
3 3 932 3
9 9 1048 6
4 4 1163 20
6 16 1416 3
6 6 1416 18
9 9 1018 8
12 19 1275 4
12 12 1275 1
15 15 377 4
0 4 174 9
0 0 174 1
18 18 1166 11
7 7 1152 9
8 8 1311 10
6 8 766 11
6 6 766 3
3 10 1416 6
3 3 1416 1
17 10 804 3
17 17 804 2
11 18 494 10
11 11 494 1
13 13 819 4
13 3 690 14
13 13 690 2
0 13 488 3
0 0 488 7
1 1 414 16
0 0 642 7
16 16 1242 10
1 1 670 2
3 3 1090 4
8 8 376 15
6 2 295 2
6 6 295 2
7 14 175 3
7 7 175 4
7 9 634 7
7 7 634 22
9 9 1391 18
17 9 707 14
17 17 707 5
8 8 540 3
14 0 359 9
14 14 359 8
19 16 1262 2
19 19 1262 4
2 1 992 14
2 2 992 1
18 18 64 1
6 7 536 5
6 6 536 2
7 7 369 24
9 17 914 7
9 9 914 11
10 7 96 1
10 10 96 2
9 9 1272 23
12 12 137 5
7 7 1094 3
14 14 221 14
19 19 1375 2
1 7 184 11
1 1 184 12
2 0 294 10
2 2 294 3
2 5 915 3
2 2 915 7
5 5 1360 4
8 19 86 11
8 8 86 2
10 11 877 4
10 10 877 2
12 0 677 6
12 12 677 3
17 17 981 10
0 0 368 5
0 0 746 1
2 3 217 13
2 2 217 4
0 0 1125 27
6 13 753 11
6 6 753 7
6 16 1038 11
6 6 1038 4
10 10 764 3
8 0 356 6
8 8 356 10
12 11 495 2
12 12 495 4
0 18 495 13
0 0 495 15
4 4 1404 6
8 8 1404 2
3 10 756 4
3 3 756 6
3 8 1099 5
3 3 1099 9
7 3 627 13
7 7 627 7
12 12 49 6
15 15 1287 1
15 11 1266 13
15 15 1266 7
16 16 180 23
14 14 931 1
2 13 1304 8
2 2 1304 1
18 9 758 1
18 18 758 16
0 4 1288 14
0 0 1288 14
2 2 1019 5
3 3 773 9
3 3 1240 5
9 9 436 24
12 3 1170 12
12 12 1170 3
12 0 1050 3
12 12 1050 11
14 0 645 4
14 14 645 7
2 2 1163 1
2 2 874 5
5 5 1166 1
4 4 922 4
10 0 788 1
10 10 788 7
13 13 619 11
17 9 974 5
17 17 974 6
6 0 833 13
6 6 833 9
18 18 417 5
2 7 208 10
2 2 208 1
15 18 85 4
15 15 85 2
8 0 834 3
8 8 834 3
9 15 885 1
9 9 885 2
14 14 1255 3
13 13 805 14
12 11 1252 8
12 12 1252 6
9 9 841 7
17 18 418 4
17 17 418 8
0 0 486 2
2 2 67 10
9 9 647 3
3 16 765 13
3 3 765 2
4 4 1090 56
5 5 860 3
10 10 630 5
16 16 760 3
12 18 40 12
12 12 40 9
15 18 1275 6
15 15 1275 7
15 15 694 1
15 3 109 8
15 15 109 5
2 15 1299 1
2 2 1299 5
1 1 281 1
19 18 102 3
19 19 102 2
2 1 1010 6
2 2 1010 2
15 14 176 5
15 15 176 8
3 12 1217 3
3 3 1217 6
6 6 95 2
7 18 359 3
7 7 359 3
18 18 244 5
11 0 311 5
11 11 311 4
15 14 872 2
15 15 872 2
15 19 146 13
15 15 146 1
2 2 312 2
4 4 564 3
5 5 488 6
9 9 273 20
10 9 799 3
10 10 799 3
16 16 360 9
10 8 1099 9
10 10 1099 10
13 10 973 4
13 13 973 11
14 4 94 11
14 14 94 11
2 2 1077 9
18 18 558 23
10 5 287 1
10 10 287 3
19 19 416 11
6 9 377 13
6 6 377 19
10 16 1409 9
10 10 1409 7
16 16 1332 3
12 12 413 2
10 10 242 4
1 1 84 9
2 7 90 9
2 2 90 2
3 4 303 1
3 3 303 1
6 3 1065 10
6 6 1065 2
8 8 984 19
6 12 199 12
6 6 199 1
12 14 1123 12
12 12 1123 28
9 9 719 2
10 13 1296 12
10 10 1296 2
15 8 1301 10
15 15 1301 16
12 12 953 8
17 17 737 10
16 16 631 2
4 4 80 6
5 5 64 12
11 11 300 6
16 16 90 8
14 13 860 6
14 14 860 7
2 18 1181 2
2 2 1181 2
5 5 1415 12
3 4 118 13
3 3 118 5
4 4 1391 13
10 15 774 12
10 10 774 4
2 2 365 1
13 13 966 4
0 0 325 34
18 18 92 12
8 8 1339 4
6 14 368 11
6 6 368 7
10 18 290 1
10 10 290 2
10 0 1416 1
10 10 1416 3
16 16 1264 18
15 8 535 5
15 15 535 16
18 18 290 1
13 17 970 1
13 13 970 3
3 15 276 1
3 3 276 4
3 13 747 3
3 3 747 4
10 10 807 1
14 14 438 5
12 13 944 12
12 12 944 5
17 14 45 8
17 17 45 5
0 11 99 5
0 0 99 2
8 17 900 1
8 8 900 2
11 11 926 6
10 1 1258 13
10 10 1258 16
13 13 57 1
15 4 894 5
15 15 894 6
17 17 190 26
11 11 1418 8
18 18 657 7
19 19 664 1
17 9 26 5
17 17 26 17
18 18 504 4
6 6 472 5
11 11 600 3
10 10 406 10
19 19 1077 7
2 18 1031 13
2 2 1031 8
1 1 53 17
2 18 742 9
2 2 742 6
3 3 1265 18
6 19 733 5
6 6 733 1
1 17 997 4
1 1 997 4
5 5 806 6
9 9 872 13
12 4 984 3
12 12 984 6
12 13 1381 3
12 12 1381 1
12 13 1421 3
12 12 1421 7
2 13 1357 2
2 2 1357 3
2 4 665 13
2 2 665 6
6 15 620 3
6 6 620 3
10 1 982 1
10 10 982 2
7 7 136 7
11 17 1395 7
11 11 1395 14
12 12 213 3
19 0 1217 3
19 19 1217 25
5 5 434 2
10 10 498 18
14 4 163 14
14 14 163 1
12 12 164 2
17 17 869 7
14 13 814 9
14 14 814 1
5 1 1358 8
5 5 1358 2
6 6 1264 3
8 0 1263 14
8 8 1263 20
3 3 840 4
7 7 1397 3
16 16 22 5
18 0 683 11
18 18 683 4
8 8 435 6
19 5 782 8
19 19 782 2
8 8 1321 8
19 19 1177 8
10 12 667 4
10 10 667 10
13 13 702 7
15 0 613 2
15 15 613 3
2 2 1348 3
0 0 823 3
2 7 506 13
2 2 506 8
2 1 39 11
2 2 39 2
3 1 258 4
3 3 258 3
6 6 1042 1
5 7 42 9
5 5 42 4
10 10 977 1
7 7 129 4
10 10 167 1
7 15 1051 5
7 7 1051 21
12 8 204 3
12 12 204 4
13 13 1199 10
13 13 357 28
15 8 650 14
15 15 650 1
18 18 1341 14
19 3 569 1
19 19 569 6
8 16 604 5
8 8 604 4
4 4 1205 14
7 7 790 2
10 2 54 8
10 10 54 2
9 9 1030 7
17 17 168 22
8 8 272 3
1 1 150 3
0 0 1434 4
3 19 109 8
3 3 109 8
6 11 1259 3
6 6 1259 1
6 19 458 12
6 6 458 14
2 19 1092 4
2 2 1092 2
12 8 306 3
12 12 306 1
14 17 623 4
14 14 623 7
1 1 1001 1
2 6 1049 3
2 2 1049 2
18 18 530 6
3 3 250 1
6 18 719 1
6 6 719 2
8 12 207 6
8 8 207 2
10 0 642 13
10 10 642 4
11 11 1296 1
19 15 712 3
19 19 712 4
19 17 970 10
19 19 970 12
16 16 1296 1
17 12 1257 4
17 17 1257 4
19 19 1200 2
0 13 782 14
0 0 782 7
19 19 465 2
6 6 1045 2
8 8 1012 6
10 10 984 16
11 11 1377 1
10 6 1120 12
10 10 1120 1
12 16 1117 8
12 12 1117 4
15 15 659 1
15 3 78 7
15 15 78 7
19 4 139 13
19 19 139 19
1 1 1119 1
3 10 408 8
3 3 408 11
6 4 1001 8
6 6 1001 2
6 2 50 13
6 6 50 12
9 9 929 2
17 2 942 1
17 17 942 26
15 15 256 2
13 13 1349 3
2 13 832 8
2 2 832 5
8 18 722 7
8 8 722 1
4 4 1347 6
13 13 437 8
16 16 487 26
16 16 940 20
19 19 1096 9
1 1 597 12
18 18 525 5
19 19 361 1
4 4 678 2
8 7 673 13
8 8 673 3
15 3 1120 8
15 15 1120 6
7 7 17 12
14 14 818 1
15 2 991 11
15 15 991 5
17 1 1250 11
17 17 1250 7
9 0 1415 7
9 9 1415 3
12 15 886 6
12 12 886 4
0 0 1354 6
19 19 470 4
3 3 368 3
0 2 1031 11
0 0 1031 4
9 9 390 16
5 13 133 4
5 5 133 15
8 15 21 1
8 8 21 9
13 13 204 4
15 15 87 1
1 1 652 8
9 9 605 13
2 6 533 5
2 2 533 1
8 12 1077 13
8 8 1077 1
3 3 1323 2
12 18 822 3
12 12 822 6
8 2 1122 10
8 8 1122 8
17 17 780 3
14 14 771 3
1 1 1310 4
3 2 91 13
3 3 91 1
6 11 1326 11
6 6 1326 11
7 7 1376 1
14 14 181 6
11 11 1063 35
12 18 1210 3
12 12 1210 3
15 9 446 14
15 15 446 14
18 13 494 3
18 18 494 1
1 1 430 3
2 6 129 9
2 2 129 9
2 18 714 2
2 2 714 14
5 18 244 9
5 5 244 7
8 5 680 1
8 8 680 8
7 9 95 11
7 7 95 2
16 16 1294 2
14 1 1289 11
14 14 1289 15
13 13 319 10
2 6 1361 10
2 2 1361 3
18 18 970 3
9 9 735 14
18 18 1120 20
4 4 828 15
4 4 137 15
6 6 157 5
10 0 80 13
10 10 80 2
15 10 877 9
15 15 877 1
12 5 249 10
12 12 249 2
17 17 884 13
2 1 1216 14
2 2 1216 9
18 18 1318 7
2 2 931 3
3 10 861 4
3 3 861 3
6 13 44 13
6 6 44 4
9 9 979 5
11 11 326 9
13 13 907 9
15 15 205 4
18 18 1209 2
19 2 701 11
19 19 701 11
8 8 1398 1
8 18 1163 14
8 8 1163 3
8 8 704 14
6 6 447 3
9 6 828 14
9 9 828 12
7 7 1369 6
13 13 796 4
17 18 1091 3
17 17 1091 6
17 4 918 4
17 17 918 3
17 17 473 9
0 0 868 6
16 16 395 4
0 9 1054 3
0 0 1054 16
2 2 709 3
3 9 209 2
3 3 209 5
4 4 225 37
6 6 688 9
6 6 773 3
10 19 1374 1
10 10 1374 8
5 5 1153 1
17 17 551 2
1 14 877 10
1 1 877 7
1 1 464 30
19 19 923 2
8 8 1108 6
6 12 148 11
6 6 148 2
10 5 1013 7
10 10 1013 3
10 6 526 5
10 10 526 1
10 10 1313 1
12 3 240 11
12 12 240 2
14 11 244 14
14 14 244 16
9 9 702 5
0 0 93 6
0 4 898 7
0 0 898 8
2 19 369 10
2 2 369 1
5 5 1214 3
8 6 1059 6
8 8 1059 1
3 1 1305 5
3 3 1305 1
4 4 1193 4
12 17 834 7
12 12 834 1
10 7 401 6
10 10 401 3
11 11 936 16
10 14 1200 9
10 10 1200 1
12 15 1241 1
12 12 1241 8
15 9 287 13
15 15 287 27
14 14 781 1
3 7 73 3
3 3 73 1
5 5 288 12
15 13 344 13
15 15 344 9
7 9 60 11
7 7 60 10
15 10 396 10
15 15 396 7
5 0 1104 1
5 5 1104 38
3 3 685 1
6 6 252 6
8 14 235 5
8 8 235 1
9 9 694 1
5 3 148 6
5 5 148 7
14 12 1190 12
14 14 1190 2
13 13 870 10
17 0 536 6
17 17 536 7
15 11 61 13
15 15 61 2
0 0 421 3
0 0 1002 4
2 4 2 9
2 2 2 7
19 11 928 8
19 19 928 2
3 9 359 3
3 3 359 2
11 9 877 10
11 11 877 1
6 15 143 4
6 6 143 2
4 4 303 1
19 16 1347 1
19 19 1347 9
9 9 1242 30
10 4 1320 1
10 10 1320 1
16 16 1419 11
13 13 247 16
12 7 1089 5
12 12 1089 1
15 15 759 1
19 9 167 11
19 19 167 8
2 1 949 8
2 2 949 2
3 12 1310 10
3 3 1310 12
9 9 989 18
11 11 538 31
14 16 170 3
14 14 170 2
11 11 372 7
13 0 957 5
13 13 957 4
14 14 110 4
15 1 211 5
15 15 211 2
10 14 50 7
10 10 50 4
8 9 718 3
8 8 718 4
5 1 996 9
5 5 996 5
7 7 53 3
9 9 814 14
19 19 1244 18
12 5 461 7
12 12 461 4
15 5 405 10
15 15 405 3
0 0 882 4
3 17 658 12
3 3 658 1
8 13 146 8
8 8 146 4
15 4 840 5
15 15 840 1
15 5 1317 11
15 15 1317 2
15 18 1168 14
15 15 1168 10
4 4 680 2
2 2 1338 10
15 15 642 6
0 0 1366 28
2 8 582 14
2 2 582 1
8 1 1090 13
8 8 1090 12
9 9 520 16
11 11 841 12
13 13 549 18
12 16 1286 3
12 12 1286 8
18 18 253 5
19 13 611 8
19 19 611 11
3 3 38 2
5 12 385 6
5 5 385 2
4 4 1183 2
10 10 886 9
1 1 1280 10
12 19 1230 14
12 12 1230 4
14 14 682 1
18 13 12 13
18 18 12 11
18 18 729 8
3 1 183 13
3 3 183 3
4 5 388 6
4 4 388 5
5 1 274 7
5 5 274 4
6 0 416 5
6 6 416 2
10 17 729 8
10 10 729 8
14 14 1402 7
15 15 1128 1
15 1 551 14
15 15 551 3
17 13 460 7
17 17 460 5
19 19 1133 13
0 0 702 4
17 17 921 3
8 4 324 2
8 8 324 1
6 6 307 11
9 18 237 7
9 9 237 12
12 13 603 4
12 12 603 5
12 12 992 13
12 8 1325 8
12 12 1325 13
19 6 1242 12
19 19 1242 2
13 13 1267 23
8 16 926 14
8 8 926 4
10 8 1006 6
10 10 1006 5
10 0 116 3
10 10 116 4
18 2 104 8
18 18 104 1
16 9 616 2
16 16 616 2
12 14 554 13
12 12 554 1
17 2 667 11
17 17 667 2
14 14 887 12
0 3 34 4
0 0 34 7
5 5 394 7
8 10 908 4
8 8 908 7
16 16 418 11
13 13 1232 18
18 4 442 3
18 18 442 28
18 18 720 9
19 19 729 9
6 1 854 4
6 6 854 7
9 9 1299 9
12 11 1365 3
12 12 1365 1
18 9 918 11
18 18 918 18
3 1 205 13
3 3 205 4
3 3 640 5
8 10 331 12
8 8 331 6
6 5 298 8
6 6 298 2
7 7 519 3
19 19 318 5
16 16 1377 7
12 18 1316 2
12 12 1316 4
15 16 8 14
15 15 8 6
14 5 596 5
14 14 596 5
19 19 951 4
3 2 346 4
3 3 346 2
3 8 785 5
3 3 785 1
6 6 559 4
9 9 428 8
10 2 1221 5
10 10 1221 7
12 0 545 3
12 12 545 1
17 17 841 4
3 13 491 10
3 3 491 3
3 3 1397 3
8 8 425 5
11 11 1146 19
17 17 1261 1
16 16 30 3
15 8 900 3
15 15 900 2
19 19 1034 4
17 16 243 6
17 17 243 4
5 5 620 9
4 4 61 19
8 8 739 2
11 2 670 3
11 11 670 2
8 5 782 2
8 8 782 5
14 14 498 12
0 5 839 11
0 0 839 7
0 0 652 3
3 12 240 2
3 3 240 8
3 6 306 12
3 3 306 2
6 9 1090 13
6 6 1090 16
6 9 1388 3
6 6 1388 18
11 11 1368 9
10 4 1405 5
10 10 1405 4
12 0 60 8
12 12 60 8
12 3 585 11
12 12 585 16
15 0 1263 1
15 15 1263 3
14 13 982 2
14 14 982 5
17 17 123 2
8 4 1143 3
8 8 1143 3
3 11 1261 6
3 3 1261 3
6 12 107 4
6 6 107 6
10 10 912 3
10 13 1228 4
10 10 1228 2
13 13 592 15
19 9 726 9
19 19 726 1
15 4 796 8
15 15 796 1
15 15 715 30
17 0 216 13
17 17 216 13
17 17 323 11
18 18 691 6
2 12 300 2
2 2 300 5
3 3 29 2
3 17 935 2
3 3 935 10
3 3 1402 3
18 18 28 9
5
7 16 545
18 13 146
10 7 56
9 13 455
1 5 203
