20 8527
13 1 1218 14
13 13 1218 2
16 11 1173 5
16 16 1173 9
4 4 894 3
7 10 629 7
7 7 629 5
13 10 760 14
13 13 760 10
12 3 909 6
12 12 909 4
15 18 30 12
15 15 30 3
14 14 162 4
17 17 654 4
4 4 924 8
5 5 485 3
0 0 747 2
1 1 1350 5
1 18 1271 10
1 1 1271 3
9 9 732 2
15 15 1286 1
5 9 552 13
5 5 552 1
13 11 13 14
13 13 13 2
14 7 286 1
14 14 286 1
17 2 202 14
17 17 202 1
19 19 644 7
11 1 564 2
11 11 564 7
15 13 1060 3
15 15 1060 1
16 16 398 7
0 10 1111 11
0 0 1111 3
3 3 152 8
10 10 740 1
14 15 1252 13
14 14 1252 3
16 2 29 10
16 16 29 7
14 1 568 5
14 14 568 2
1 1 495 17
2 15 64 6
2 2 64 1
6 10 632 3
6 6 632 6
13 17 320 4
13 13 320 4
12 12 184 13
15 4 51 1
15 15 51 3
15 11 920 14
15 15 920 13
0 0 335 3
3 12 596 12
3 3 596 8
16 17 985 12
16 16 985 7
11 11 222 6
16 16 616 7
8 14 936 2
8 8 936 4
6 6 87 5
7 7 810 4
17 17 814 3
8 6 567 8
8 8 567 1
4 4 1384 2
12 12 851 2
17 17 959 7
15 15 348 4
9 9 211 1
16 12 1265 6
16 16 1265 2
4 4 850 4
8 13 277 12
8 8 277 1
12 12 945 1
17 17 729 29
1 1 1408 10
3 3 1230 3
8 8 484 14
11 3 1031 14
11 11 1031 6
12 12 1024 3
0 16 600 12
0 0 600 15
7 7 1407 5
14 4 41 10
14 14 41 12
17 17 507 5
13 14 847 6
13 13 847 5
17 17 404 5
1 1 783 3
2 19 480 11
2 2 480 3
1 12 1235 9
1 1 1235 2
4 4 150 2
10 19 1283 2
10 10 1283 1
4 14 293 2
4 4 293 14
10 10 1170 1
1 1 553 1
18 18 649 4
5 0 1249 9
5 5 1249 13
4 4 436 1
5 5 925 7
10 10 777 6
16 4 490 1
16 16 490 3
19 19 1085 5
15 9 1193 2
15 15 1193 5
2 2 36 1
5 19 1411 5
5 5 1411 3
9 6 1000 12
9 9 1000 1
10 5 506 12
10 10 506 9
12 12 348 2
15 1 847 2
15 15 847 4
14 14 822 1
19 19 1416 11
8 16 1175 11
8 8 1175 2
6 6 902 6
7 17 475 2
7 7 475 5
10 2 333 3
10 10 333 33
3 0 688 10
3 3 688 18
8 19 870 12
8 8 870 4
17 7 1256 2
17 17 1256 6
15 15 621 1
2 12 1372 12
2 2 1372 2
8 10 1013 5
8 8 1013 3
4 7 1070 7
4 4 1070 4
17 17 889 4
2 1 1231 6
2 2 1231 3
2 11 539 14
2 2 539 1
15 4 259 7
15 15 259 5
2 14 1150 8
2 2 1150 3
3 3 1023 11
8 0 723 13
8 8 723 1
16 16 1102 9
2 8 1041 7
2 2 1041 1
5 5 138 24
8 0 674 6
8 8 674 1
15 10 33 5
15 15 33 2
4 4 822 1
9 2 88 7
9 9 88 9
0 15 949 10
0 0 949 3
4 19 965 12
4 4 965 3
7 14 722 11
7 7 722 9
4 4 84 8
7 7 1379 3
5 19 334 8
5 5 334 3
8 15 254 5
8 8 254 2
14 4 436 12
14 14 436 6
0 0 1346 2
1 7 1087 11
1 1 1087 3
7 5 1025 4
7 7 1025 6
13 10 196 14
13 13 196 2
14 14 295 4
2 2 375 3
9 9 613 2
7 2 1174 13
7 7 1174 1
10 10 1206 4
13 7 85 2
13 13 85 6
16 16 327 3
8 8 1399 6
6 6 101 3
16 12 101 11
16 16 101 10
19 19 1222 6
2 17 8 9
2 2 8 1
10 10 527 4
16 18 244 14
16 16 244 1
7 4 430 6
7 7 430 6
11 16 939 2
11 11 939 9
14 14 786 4
1 1 241 9
11 7 56 11
11 11 56 2
2 12 733 8
2 2 733 2
2 2 1312 2
17 17 869 3
2 11 1235 10
2 2 1235 4
12 12 644 10
3 0 987 11
3 3 987 3
8 9 719 13
8 8 719 4
6 3 430 12
6 6 430 2
9 12 154 4
9 9 154 6
12 12 795 4
17 17 903 3
13 13 1070 1
6 6 313 2
12 12 1145 3
15 17 170 4
15 15 170 3
5 5 384 11
8 8 444 8
9 9 965 9
4 3 72 1
4 4 72 3
9 1 854 12
9 9 854 6
14 14 481 1
4 1 223 4
4 4 223 15
5 15 674 6
5 5 674 3
8 15 154 3
8 8 154 1
10 13 1352 7
10 10 1352 11
15 18 1325 12
15 15 1325 1
17 17 92 9
19 19 506 2
16 16 276 2
10 8 894 1
10 10 894 5
18 18 721 11
10 8 1085 1
10 10 1085 2
13 18 458 13
13 13 458 5
19 19 1141 5
2 10 125 11
2 2 125 3
19 1 841 8
19 19 841 8
14 14 1208 3
17 18 1396 4
17 17 1396 12
16 16 65 2
14 14 895 7
12 12 356 2
15 1 903 1
15 15 903 14
7 16 35 9
7 7 35 1
15 5 564 8
15 15 564 1
16 16 1022 1
0 0 275 5
7 7 176 6
10 12 148 5
10 10 148 4
11 8 181 7
11 11 181 8
2 12 1284 8
2 2 1284 12
6 15 104 3
6 6 104 9
17 17 833 6
16 13 668 13
16 16 668 2
8 18 747 5
8 8 747 14
4 4 1284 7
15 6 488 7
15 15 488 3
8 16 378 10
8 8 378 10
15 6 25 13
15 15 25 2
18 18 335 10
4 4 782 5
3 3 1237 6
13 7 584 11
13 13 584 10
3 3 1319 1
3 3 1378 8
11 11 1131 5
13 7 985 6
13 13 985 6
14 9 82 6
14 14 82 1
5 5 396 2
0 0 667 2
19 19 425 2
6 6 1085 1
5 0 646 14
5 5 646 11
9 9 707 2
4 18 322 8
4 4 322 6
10 10 899 6
10 8 1279 4
10 10 1279 2
14 14 287 5
6 4 1375 9
6 6 1375 4
5 11 952 9
5 5 952 3
18 8 565 5
18 18 565 2
2 3 174 10
2 2 174 3
5 5 1053 2
10 10 741 7
12 12 91 10
13 13 494 9
1 0 494 6
1 1 494 1
2 18 65 3
2 2 65 6
10 12 628 11
10 10 628 1
12 12 42 2
13 13 383 1
19 9 1278 11
19 19 1278 7
2 19 1008 2
2 2 1008 6
6 6 520 7
2 19 867 1
2 2 867 3
12 12 264 16
16 7 843 1
16 16 843 2
18 18 1273 3
2 2 786 9
7 9 7 8
7 7 7 2
10 10 313 4
11 11 64 2
2 2 1401 3
10 10 136 2
11 9 209 2
11 11 209 1
17 17 1180 4
11 7 302 5
11 11 302 7
12 2 765 4
12 12 765 6
16 4 760 8
16 16 760 7
8 18 568 1
8 8 568 2
12 12 844 7
13 10 650 9
13 13 650 4
12 12 803 7
8 12 278 10
8 8 278 5
7 19 600 2
7 7 600 7
12 12 946 4
4 8 994 10
4 4 994 4
5 5 439 2
11 2 1030 14
11 11 1030 1
9 9 797 16
19 19 340 2
14 17 473 8
14 14 473 5
19 19 453 4
7 16 1052 9
7 7 1052 2
14 3 328 4
14 14 328 2
7 10 1197 13
7 7 1197 4
10 8 1171 1
10 10 1171 1
15 13 1418 9
15 15 1418 5
1 19 552 7
1 1 552 1
2 19 385 13
2 2 385 13
8 8 1372 4
4 6 437 4
4 4 437 10
7 7 1218 6
10 10 1122 2
15 15 1083 2
1 3 601 12
1 1 601 6
18 5 537 2
18 18 537 8
5 14 1137 5
5 5 1137 5
8 6 1323 12
8 8 1323 3
15 10 1192 6
15 15 1192 1
19 11 1197 1
19 19 1197 17
2 2 37 2
10 4 616 4
10 10 616 4
12 16 206 6
12 12 206 2
1 13 379 3
1 1 379 8
18 18 1339 7
6 6 1012 18
11 11 910 16
14 14 823 2
2 14 839 14
2 2 839 2
11 11 31 1
14 14 1426 3
15 15 1023 4
4 4 505 10
16 1 1298 9
16 16 1298 8
16 10 966 2
16 16 966 19
6 9 161 2
6 6 161 5
12 15 530 8
12 12 530 5
9 11 1413 13
9 9 1413 5
4 6 1214 4
4 4 1214 1
8 5 724 2
8 8 724 2
9 9 381 13
11 16 475 14
11 11 475 30
17 17 922 19
13 10 1033 7
13 13 1033 5
8 3 675 4
8 8 675 8
9 9 206 5
7 18 559 12
7 7 559 3
4 4 823 2
5 5 26 3
17 17 708 6
7 13 717 2
7 7 717 1
15 8 198 3
15 15 198 7
5 19 316 3
5 5 316 5
8 8 16 2
13 12 1025 7
13 13 1025 4
9 3 1302 4
9 9 1302 3
5 11 734 13
5 5 734 4
10 10 968 8
14 9 292 9
14 14 292 3
19 11 590 13
19 19 590 7
5 5 1203 2
10 10 859 2
9 9 612 1
18 18 637 5
14 2 1245 2
14 14 1245 4
2 0 9 11
2 2 9 2
15 4 829 9
15 15 829 1
16 16 245 9
7 11 425 6
7 7 425 5
10 6 366 10
10 10 366 2
12 12 464 6
15 10 979 5
15 15 979 5
2 2 1422 11
4 4 1148 2
7 1 79 9
7 7 79 7
16 14 546 2
16 16 546 8
7 19 220 14
7 7 220 6
8 8 609 3
11 11 374 2
13 13 1244 12
12 2 244 7
12 12 244 6
11 11 455 1
5 5 237 3
8 8 351 1
6 6 318 3
8 9 302 7
8 8 302 1
17 15 672 1
17 17 672 7
13 13 1295 2
3 3 1289 1
15 15 218 5
19 19 287 2
11 11 1247 1
7 7 1350 5
8 8 155 4
12 4 1327 6
12 12 1327 15
1 1 886 2
5 7 562 7
5 5 562 3
13 7 120 3
13 13 120 2
14 4 691 5
14 14 691 1
0 9 1101 3
0 0 1101 9
10 19 1082 8
10 10 1082 3
15 15 1139 1
5 5 1097 11
11 10 744 4
11 11 744 3
12 8 7 11
12 12 7 17
11 1 889 10
11 11 889 3
14 16 1064 9
14 14 1064 6
17 17 1284 5
16 15 209 14
16 16 209 3
1 1 163 1
2 2 924 2
5 7 1387 7
5 5 1387 4
8 8 1217 1
15 19 902 11
15 15 902 1
10 17 258 4
10 10 258 6
14 15 1354 4
14 14 1354 2
17 6 1062 5
17 17 1062 9
16 16 1023 11
1 0 77 7
1 1 77 5
18 18 1061 3
16 13 1370 13
16 16 1370 2
0 0 387 2
2 14 593 1
2 2 593 5
9 9 475 6
4 4 1398 18
7 7 998 4
17 3 610 4
17 17 610 2
15 9 491 9
15 15 491 3
0 0 848 9
13 13 758 2
5 5 82 11
7 16 644 13
7 7 644 12
14 2 160 5
14 14 160 2
15 15 137 2
14 14 83 19
1 3 944 3
1 1 944 5
0 0 749 3
5 5 372 12
8 17 40 5
8 8 40 10
6 6 1074 5
9 14 706 4
9 9 706 1
18 18 784 4
9 13 595 6
9 9 595 2
14 1 284 9
14 14 284 2
1 1 707 1
2 4 316 6
2 2 316 6
10 10 1103 7
15 12 1062 4
15 15 1062 7
16 0 384 1
16 16 384 3
14 7 655 7
14 14 655 2
19 19 1059 1
19 18 759 10
19 19 759 2
5 13 1052 6
5 5 1052 1
6 6 751 2
5 2 968 9
5 5 968 11
10 18 738 3
10 10 738 2
1 1 493 1
19 6 868 2
19 19 868 4
3 3 299 11
6 6 638 34
10 2 629 1
10 10 629 4
17 10 1367 8
17 17 1367 13
13 13 382 1
1 7 286 5
1 1 286 5
3 11 440 9
3 3 440 2
7 6 352 6
7 7 352 5
11 4 869 13
11 11 869 5
8 8 1277 5
7 7 497 1
11 11 1010 7
6 6 811 6
11 2 67 6
11 11 67 1
14 3 1318 1
14 14 1318 2
6 6 186 20
16 8 1350 9
16 16 1350 1
0 0 111 17
3 3 884 2
7 7 804 4
10 10 24 12
11 13 289 10
11 11 289 1
15 14 297 3
15 15 297 1
2 17 1176 4
2 2 1176 1
4 5 574 11
4 4 574 8
4 5 1386 8
4 4 1386 5
0 0 141 1
16 17 1267 6
16 16 1267 1
13 14 1141 1
13 13 1141 4
4 4 1416 3
13 8 538 1
13 13 538 11
0 1 939 4
0 0 939 4
13 16 619 4
13 13 619 7
15 15 237 4
4 0 114 14
4 4 114 1
8 13 117 5
8 8 117 8
13 13 477 1
11 9 1255 7
11 11 1255 2
13 3 845 10
13 13 845 2
14 8 478 6
14 14 478 2
18 18 997 3
10 10 1281 1
2 18 401 4
2 2 401 3
1 1 1090 3
5 5 522 16
13 4 504 1
13 13 504 7
9 12 591 3
9 9 591 4
7 11 1196 3
7 7 1196 1
0 0 1414 15
5 7 1263 7
5 5 1263 1
6 6 1336 10
15 19 1082 13
15 15 1082 1
19 19 787 16
3 3 246 7
11 11 675 1
7 16 311 8
7 7 311 2
17 17 1331 1
2 12 981 3
2 2 981 6
5 10 1298 13
5 5 1298 4
11 19 897 10
11 11 897 1
12 12 350 1
1 1 235 2
2 2 836 3
3 4 549 11
3 3 549 1
8 8 1177 2
7 9 469 12
7 7 469 2
11 4 111 4
11 11 111 8
12 2 444 5
12 12 444 8
17 17 1262 3
15 18 623 2
15 15 623 11
2 8 1370 2
2 2 1370 1
2 3 614 2
2 2 614 4
6 6 166 3
15 15 668 5
2 7 537 14
2 2 537 2
3 19 848 5
3 3 848 3
8 8 582 2
4 19 1215 7
4 4 1215 10
16 16 1073 3
11 9 474 13
11 11 474 1
16 16 1088 8
7 8 558 12
7 7 558 1
13 8 685 10
13 13 685 3
19 19 36 6
19 14 149 2
19 19 149 6
11 15 1061 8
11 11 1061 1
15 17 193 4
15 15 193 2
5 18 315 7
5 5 315 1
9 13 824 5
9 9 824 6
13 16 992 10
13 13 992 17
14 14 11 1
5 5 332 2
8 16 224 8
8 8 224 4
14 1 442 11
14 14 442 2
0 19 1348 1
0 0 1348 3
1 1 666 7
2 8 373 5
2 2 373 2
13 13 420 26
5 18 1108 6
5 5 1108 4
5 15 768 10
5 5 768 3
11 8 1154 11
11 11 1154 5
8 8 1111 6
15 13 828 7
15 15 828 1
1 1 326 4
7 8 424 3
7 7 424 1
16 10 773 4
16 16 773 2
14 14 784 1
2 2 808 1
11 6 58 5
11 11 58 5
1 1 96 11
10 4 254 7
10 10 254 1
2 12 586 4
2 2 586 4
2 2 1088 8
4 0 758 8
4 4 758 2
7 7 530 9
13 9 721 9
13 13 721 5
0 8 996 14
0 0 996 2
8 5 303 13
8 8 303 5
9 8 122 9
9 9 122 8
7 6 675 3
7 7 675 2
17 14 679 13
17 17 679 2
15 5 180 11
15 15 180 2
0 6 915 13
0 0 915 5
5 5 398 6
18 18 11 3
7 13 1345 8
7 7 1345 4
12 13 1369 7
12 12 1369 4
17 10 449 2
17 17 449 15
12 12 1320 5
1 13 885 13
1 1 885 1
19 19 508 5
10 10 1005 3
15 18 1372 12
15 15 1372 3
16 17 278 6
16 16 278 1
2 2 345 7
3 1 16 8
3 3 16 6
5 5 578 7
11 14 525 6
11 11 525 2
7 1 1268 14
7 7 1268 2
5 13 1063 7
5 5 1063 9
8 8 1301 7
5 0 979 1
5 5 979 3
13 19 456 10
13 13 456 2
14 14 547 1
2 7 123 4
2 2 123 2
5 14 1096 14
5 5 1096 1
13 3 237 1
13 13 237 17
11 11 747 6
12 5 0 10
12 12 0 3
16 14 67 9
16 16 67 2
1 17 305 14
1 1 305 20
2 2 1002 6
3 3 351 10
8 11 1139 12
8 8 1139 6
7 5 383 12
7 7 383 1
12 12 151 2
3 3 492 8
8 8 1218 11
11 19 969 13
11 11 969 2
12 12 358 4
18 11 1171 9
18 18 1171 9
15 9 566 6
15 15 566 3
1 1 76 1
12 12 580 4
17 16 1206 8
17 17 1206 5
13 14 1209 14
13 13 1209 9
8 8 911 6
17 16 839 7
17 17 839 13
15 13 724 7
15 15 724 2
16 9 670 6
16 16 670 11
7 4 848 14
7 7 848 11
17 17 976 4
13 18 1279 5
13 13 1279 6
5 5 191 5
7 15 993 13
7 7 993 5
16 14 1160 5
16 16 1160 13
3 9 1094 1
3 3 1094 10
15 16 27 12
15 15 27 1
0 11 960 1
0 0 960 1
12 18 1055 13
12 12 1055 8
1 16 1322 9
1 1 1322 14
9 3 999 14
9 9 999 1
7 0 1300 10
7 7 1300 3
17 17 284 35
1 1 800 9
18 18 1022 6
0 0 669 7
19 19 427 1
13 10 463 10
13 13 463 6
13 16 185 7
13 13 185 5
1 1 849 4
4 4 332 7
14 17 1257 5
14 14 1257 5
1 19 706 2
1 1 706 1
11 11 553 11
14 16 652 5
14 14 652 1
1 14 627 3
1 1 627 2
15 17 1110 5
15 15 1110 5
14 15 575 9
14 14 575 11
2 2 95 1
10 10 626 2
9 9 1181 7
14 14 1178 5
9 9 1262 3
5 16 1358 14
5 5 1358 6
15 9 997 3
15 15 997 1
16 4 845 9
16 16 845 1
6 3 808 4
6 6 808 1
10 2 295 10
10 10 295 5
11 11 66 1
15 16 522 6
15 15 522 13
2 14 1399 9
2 2 1399 2
2 2 643 3
4 4 1077 1
7 7 150 8
16 16 1351 5
0 0 96 3
11 3 288 3
11 11 288 1
2 9 1177 13
2 2 1177 10
8 8 570 3
6 6 485 10
15 15 345 1
0 0 142 21
4 13 718 13
4 4 718 2
3 3 1045 5
13 8 648 11
13 13 648 2
16 0 1268 2
16 16 1268 6
15 13 127 14
15 15 127 2
14 14 189 4
4 4 115 1
11 1 1161 1
11 11 1161 2
12 15 1170 10
12 12 1170 1
0 2 714 14
0 0 714 1
19 19 342 4
1 1 1232 3
7 10 1054 1
7 7 1054 4
14 12 334 14
14 14 334 1
17 15 171 2
17 17 171 3
5 5 1262 1
15 5 1029 6
15 15 1029 7
16 18 493 6
16 16 493 5
14 14 616 6
1 11 607 1
1 1 607 2
0 0 1078 19
19 19 786 1
5 5 811 9
14 14 1223 3
14 17 539 8
14 14 539 3
5 5 1408 3
14 14 1142 1
18 18 1337 2
10 10 505 1
11 17 896 10
11 11 896 1
12 15 351 1
12 12 351 3
1 1 234 1
10 16 328 2
10 10 328 1
16 7 937 8
16 16 937 4
11 11 110 1
15 5 622 13
15 15 622 1
0 0 477 4
3 6 706 14
3 3 706 10
8 4 1016 14
8 8 1016 13
15 15 553 1
3 3 851 1
8 0 726 2
8 8 726 1
9 0 355 11
9 9 355 5
18 18 499 13
3 3 1137 4
18 18 258 8
8 6 308 1
8 8 308 1
7 13 702 12
7 7 702 11
13 7 573 12
13 13 573 3
4 0 960 3
4 4 960 5
3 17 1327 5
3 3 1327 3
11 3 1060 10
11 11 1060 1
12 12 1063 3
15 19 192 2
15 15 192 1
0 0 551 7
8 8 18 1
11 11 1205 1
7 7 1372 3
13 11 799 12
13 13 799 1
1 1 1155 1
9 19 648 6
9 9 648 4
10 10 1363 10
9 17 537 6
9 9 537 9
10 10 1314 6
14 17 725 4
14 14 725 3
6 6 119 10
0 0 1123 1
2 2 410 3
13 5 419 4
13 13 419 1
16 0 457 12
16 16 457 1
3 3 213 7
15 15 1166 2
7 7 282 3
10 9 522 13
10 10 522 5
9 5 1237 12
9 9 1237 9
1 16 325 2
1 1 325 1
5 1 1397 11
5 5 1397 4
14 14 785 1
2 2 809 9
8 14 1206 2
8 8 1206 11
15 6 989 2
15 15 989 3
16 0 917 4
16 16 917 4
18 18 1087 2
2 2 728 1
8 10 773 10
8 8 773 1
4 1 1150 12
4 4 1150 7
10 12 255 7
10 10 255 3
16 16 1392 1
12 12 417 14
15 15 578 2
0 0 441 6
11 13 283 7
11 11 283 3
16 14 1423 14
16 16 1423 6
17 17 858 11
4 9 608 5
4 4 608 3
9 10 270 13
9 9 270 6
7 7 879 8
15 15 352 12
16 16 706 16
11 11 505 3
16 16 1197 4
12 12 790 3
18 18 471 4
0 15 886 4
0 0 886 4
7 6 525 13
7 7 525 1
6 6 63 2
13 16 720 9
13 13 720 1
12 7 997 5
12 12 997 1
14 17 202 1
14 14 202 3
4 18 932 3
4 4 932 3
7 7 1331 4
19 19 289 3
1 18 1406 13
1 1 1406 2
4 4 75 1
8 9 14 7
8 8 14 1
11 9 1233 13
11 11 1233 3
7 8 1344 7
7 7 1344 1
1 3 987 13
1 1 987 3
19 19 398 6
11 16 659 8
11 11 659 1
4 0 218 3
4 4 218 2
5 5 687 5
11 6 1326 10
11 11 1326 4
10 10 1399 16
15 6 1326 8
15 15 1326 10
0 0 1313 4
9 9 565 3
7 8 1126 1
7 7 1126 4
15 15 1375 1
16 5 279 1
16 16 279 16
7 17 1271 13
7 7 1271 7
19 19 1033 8
3 3 160 2
4 4 399 4
13 9 455 1
13 13 455 1
14 17 544 6
14 14 544 3
1 2 391 13
1 1 391 3
18 18 607 5
2 1 120 2
2 2 120 3
10 13 607 4
10 10 607 2
14 8 979 1
14 14 979 2
7 7 382 1
9 9 1265 6
14 0 1070 8
14 14 1070 3
1 0 161 8
1 1 161 2
18 3 1281 8
18 18 1281 3
17 10 1419 3
17 17 1419 11
1 18 210 8
1 1 210 6
8 2 850 9
8 8 850 4
14 16 1352 6
14 14 1352 2
16 0 1372 1
16 16 1372 3
17 17 1205 1
0 0 389 4
10 10 98 14
15 8 727 13
15 15 727 4
16 16 1146 6
13 3 1278 11
13 13 1278 1
0 9 163 13
0 0 163 3
13 13 1103 18
18 18 330 5
0 0 961 2
19 19 95 10
5 5 80 2
13 16 581 14
13 13 581 3
14 14 166 9
17 17 642 3
15 4 139 7
15 15 139 6
7 7 1303 1
14 14 81 1
1 5 950 5
1 1 950 9
4 4 47 4
1 9 1227 4
1 1 1227 5
11 14 1354 2
11 11 1354 2
7 7 1077 12
15 15 1282 3
3 3 1407 9
7 7 1098 7
5 18 1161 2
5 5 1161 7
6 6 1362 13
11 19 552 5
11 11 552 1
7 7 1243 2
14 2 653 14
14 14 653 2
1 1 626 1
19 19 761 18
5 5 822 8
12 12 86 1
9 9 1180 1
14 14 943 4
3 3 442 4
8 8 1040 1
6 16 527 7
6 6 527 8
10 12 450 10
10 10 450 1
19 5 1392 9
19 19 1392 9
2 2 894 8
7 7 499 2
16 18 846 3
16 16 846 1
0 11 323 14
0 0 323 2
18 18 1268 5
2 2 785 1
6 6 809 2
12 12 410 7
0 0 498 1
8 2 989 1
8 8 989 5
4 3 1078 13
4 4 1078 2
11 14 210 8
11 11 210 5
17 17 1169 11
3 14 886 1
3 3 886 3
8 5 940 1
8 8 940 2
14 12 1335 7
14 14 1335 4
7 7 964 8
15 7 457 3
15 15 457 2
19 19 10 11
4 4 862 1
9 13 32 12
9 9 32 13
7 7 597 3
13 7 536 12
13 13 536 2
3 3 1330 3
7 14 746 3
7 7 746 8
14 1 130 8
14 14 130 5
3 6 1347 2
3 3 1347 3
12 12 1171 2
0 0 715 3
11 0 1336 8
11 11 1336 1
8 2 198 6
8 8 198 1
1 1 1239 8
4 4 146 2
13 13 220 6
14 0 335 11
14 14 335 3
17 17 25 9
4 8 289 1
4 4 289 4
9 9 589 2
2 7 286 14
2 2 286 6
10 10 821 3
13 13 446 7
18 18 532 5
2 10 177 2
2 2 177 21
8 9 1326 3
8 8 1326 5
13 4 271 7
13 13 271 3
1 1 463 3
0 17 1190 14
0 0 1190 12
6 18 600 7
6 6 600 6
0 0 85 4
14 14 1143 1
15 15 1242 14
16 16 140 4
1 10 376 9
1 1 376 3
12 12 344 4
18 16 1353 3
18 18 1353 8
2 2 834 2
8 2 1179 10
8 8 1179 1
7 7 471 2
10 19 329 11
10 10 329 4
2 2 757 3
8 1 874 4
8 8 874 6
7 6 100 1
7 7 100 5
4 10 1066 11
4 4 1066 1
7 7 245 20
17 17 893 10
0 17 77 12
0 0 77 2
8 1 584 4
8 8 584 1
12 12 668 5
13 13 1205 4
8 8 727 7
12 2 883 9
12 12 883 7
18 18 496 3
0 6 875 9
0 0 875 2
7 13 552 4
7 7 552 6
15 8 45 11
15 15 45 6
8 16 309 12
8 8 309 8
13 13 572 1
8 7 388 13
8 8 388 1
7 5 718 13
7 7 718 2
13 3 909 11
13 13 909 5
14 2 158 13
14 14 158 1
15 15 195 3
6 6 1246 7
8 19 19 2
8 8 19 1
9 12 830 14
9 9 830 7
7 3 1375 3
7 7 1375 1
13 13 798 1
14 16 9 12
14 14 9 2
11 17 1285 4
11 11 1285 6
9 5 1291 1
9 9 1291 11
5 5 731 3
11 0 1426 3
7 12 1149 4
7 7 1149 2
14 7 299 4
14 14 299 1
1 1 664 2
5 5 1200 3
4 4 261 5
7 12 1170 13
7 7 1170 4
0 15 1124 5
0 0 1124 2
5 5 1021 5
10 10 809 7
11 0 624 11
11 11 624 3
16 11 458 12
16 16 458 4
1 1 442 3
18 18 632 5
16 15 89 5
16 16 89 6
18 18 1419 6
19 19 926 10
15 15 830 2
16 16 232 4
5 10 1396 3
5 5 1396 1
16 14 775 10
16 16 775 4
14 14 790 1
6 6 870 2
7 16 59 6
7 7 59 2
14 14 1389 4
17 16 1087 1
17 17 1087 4
18 17 1084 1
18 18 1084 3
2 2 729 3
8 12 774 1
8 8 774 2
16 16 1393 9
17 3 1224 6
17 17 1224 6
3 3 801 1
8 3 917 13
8 8 917 1
9 9 444 9
11 2 282 1
11 11 282 1
0 0 41 4
8 16 612 4
8 8 612 2
4 4 1181 8
16 16 1055 2
0 18 216 2
0 0 216 1
4 16 647 11
4 4 647 3
8 12 322 8
8 8 322 1
9 9 239 1
13 13 719 1
12 12 998 9
17 17 532 5
0 0 998 10
4 4 790 1
5 17 123 10
5 5 123 10
12 12 1141 3
15 11 182 7
15 15 182 5
3 3 1290 11
7 7 1330 1
13 14 945 5
13 13 945 6
12 12 1220 8
4 4 52 10
5 19 285 2
5 5 285 7
8 14 15 4
8 8 15 1
13 3 770 6
13 13 770 9
11 11 1313 5
15 0 1321 11
15 15 1321 4
14 1 404 13
14 14 404 2
7 0 1121 5
7 7 1121 5
13 16 228 8
13 13 228 8
14 18 263 14
14 14 263 4
5 5 1172 4
6 6 1399 5
11 11 527 6
7 7 1270 1
10 10 1110 12
13 18 117 1
13 13 117 3
2 1 198 6
2 2 198 1
5 17 1061 1
5 5 1061 2
4 5 392 4
4 4 392 7
9 9 1142 5
11 16 668 13
11 11 668 7
15 15 1148 2
1 1 390 1
16 16 69 4
19 12 1254 4
19 19 1254 6
19 19 954 4
15 13 786 5
15 15 786 7
16 16 212 5
14 14 835 1
1 1 160 1
2 14 923 12
2 2 923 1
11 11 971 7
16 16 867 8
0 0 376 5
8 8 802 8
6 6 221 7
17 17 1204 1
15 15 673 7
2 2 1280 4
2 2 556 13
3 3 797 1
4 4 1250 7
15 6 726 1
15 15 726 1
16 5 656 7
16 16 656 1
2 11 1203 2
2 2 1203 14
6 14 511 2
6 6 511 9
17 17 982 6
4 4 724 2
18 14 312 3
18 18 312 6
7 4 624 7
7 7 624 5
19 9 94 3
19 19 94 1
8 8 461 2
9 11 916 10
9 9 916 10
7 1 641 7
7 7 641 2
18 18 218 15
5 5 480 5
1 1 949 1
18 18 109 7
0 0 736 4
19 2 316 8
19 19 316 3
1 1 1369 11
13 9 806 12
13 13 806 10
17 18 419 2
17 17 419 2
18 18 1020 2
15 1 1293 8
15 15 1293 2
19 19 538 10
7 6 1093 9
7 7 1093 5
18 18 670 35
2 5 315 6
2 2 315 1
19 15 651 4
19 19 651 3
5 7 1160 10
5 5 1160 1
4 3 477 9
4 4 477 9
5 15 932 5
5 5 932 4
10 10 798 2
7 13 1242 2
7 7 1242 1
10 11 1098 13
10 10 1098 5
16 16 387 1
19 17 1060 2
19 19 1060 4
8 7 1331 4
8 8 1331 5
10 6 737 14
10 10 737 1
12 12 87 4
2 8 93 12
2 2 93 2
5 19 838 11
5 5 838 24
14 4 1176 5
14 14 1176 2
15 0 1217 6
15 15 1217 1
19 19 982 7
5 5 1339 13
8 17 1041 9
8 8 1041 7
7 12 349 5
7 7 349 3
10 10 451 15
3 3 458 23
7 7 498 1
15 18 999 1
15 15 999 4
16 17 847 11
16 16 847 2
1 1 61 4
11 11 68 2
16 16 1322 4
0 0 499 1
18 18 1028 11
7 7 144 6
17 17 1168 1
3 3 889 3
9 11 500 8
9 9 500 8
11 1 290 8
11 11 290 12
15 3 298 1
15 15 298 7
0 0 17 3
11 0 435 4
11 11 435 8
12 12 840 4
17 17 946 13
0 0 128 3
8 14 651 6
8 8 651 1
4 4 863 2
4 13 1419 8
4 4 1419 6
15 10 121 2
15 15 121 6
3 14 1333 1
3 3 1333 2
19 19 235 8
3 1 1346 4
3 3 1346 1
11 17 1163 3
11 11 1163 10
18 13 81 11
18 18 81 21
4 5 12 8
4 4 12 4
8 8 199 1
9 12 658 2
9 9 658 8
19 19 457 9
10 0 976 13
10 10 976 6
17 17 24 1
13 13 44 15
16 16 336 9
1 6 556 13
1 1 556 10
18 18 642 7
8 0 1344 2
8 8 1344 5
5 8 920 14
5 5 920 5
11 11 599 2
14 1 622 4
14 14 622 2
11 11 676 9
15 8 1204 13
15 15 1204 3
14 1 537 9
14 14 537 2
7 0 304 8
7 7 304 3
10 11 532 1
10 10 532 4
19 19 1010 12
5 0 1311 2
5 5 1311 1
11 10 898 11
11 11 898 6
1 1 232 2
3 3 550 2
8 8 1180 4
4 12 1067 5
4 4 1067 3
3 3 853 2
8 14 585 13
8 8 585 13
11 15 334 14
11 11 334 3
16 18 1076 13
16 16 1076 12
17 17 781 4
13 13 1204 1
13 8 1029 11
13 13 1029 4
3 3 416 9
4 13 684 11
4 4 684 3
13 15 682 8
13 13 682 3
15 2 44 8
15 15 44 1
14 0 236 2
14 14 236 5
8 8 389 8
11 3 1062 3
11 11 1062 5
7 19 713 2
7 7 713 4
14 3 159 1
14 14 159 1
13 13 1400 4
18 18 34 8
8 1 20 10
8 8 20 4
11 6 1207 12
11 11 1207 24
14 14 14 4
1 18 1021 1
1 1 1021 11
0 0 680 3
6 6 1134 1
13 3 878 6
13 13 878 11
12 8 1287 14
12 12 1287 5
1 1 878 2
0 0 1351 12
15 11 1349 5
15 15 1349 4
6 14 1274 14
6 6 1274 11
7 10 1165 2
7 7 1165 1
16 16 444 6
11 15 627 7
11 11 627 3
14 14 586 8
1 1 441 1
5 5 781 6
10 10 697 10
9 18 1354 10
9 9 1354 8
1 1 298 5
6 6 581 6
7 8 276 13
7 7 276 3
11 6 849 6
11 11 849 4
1 5 347 7
1 1 347 2
5 12 1395 5
5 5 1395 1
8 8 1065 10
6 7 980 2
6 6 980 6
12 12 381 12
14 14 791 6
11 12 63 14
11 11 63 1
12 12 460 3
0 7 268 14
0 0 268 2
15 15 588 5
8 9 918 8
8 8 918 8
6 2 129 2
6 6 129 21
9 12 419 12
9 9 419 2
0 0 217 2
3 7 990 3
3 3 990 6
4 18 640 9
4 4 640 7
8 19 323 11
8 8 323 5
19 19 69 6
4 4 791 3
13 7 1291 12
13 13 1291 4
5 5 395 1
13 9 944 5
13 13 944 1
14 7 123 1
14 14 123 6
0 0 517 4
2 2 449 12
6 6 1211 1
12 12 1364 5
8 12 159 11
8 8 159 7
11 11 1312 1
10 4 1397 1
10 10 1397 2
1 19 842 10
1 1 842 4
18 7 808 2
18 18 808 14
2 2 421 5
19 19 513 25
1 1 1054 4
15 6 1369 6
15 15 1369 3
14 2 260 9
14 14 260 3
6 6 1396 3
10 10 891 3
7 5 1265 10
7 7 1265 2
2 17 199 3
2 2 199 5
5 6 1060 14
5 5 1060 1
13 13 453 2
0 0 1264 3
10 17 605 2
10 10 605 2
12 15 3 8
12 12 3 4
9 15 1271 4
9 9 1271 2
3 3 57 16
17 1 1417 11
17 17 1417 2
15 15 898 4
3 3 638 32
17 17 1050 8
2 15 1390 7
2 2 1390 1
1 3 65 9
1 1 65 5
17 17 1195 2
15 11 721 10
15 15 721 3
16 16 657 1
4 4 582 8
17 17 981 1
15 7 503 4
15 15 503 7
0 0 963 6
2 2 220 2
9 8 996 6
9 9 996 3
19 19 319 3
9 9 885 6
12 12 1400 9
4 4 220 3
19 19 428 5
5 15 641 2
5 5 641 5
11 11 1356 2
1 4 854 9
1 1 854 9
1 1 1146 9
9 9 599 13
7 19 1092 12
7 7 1092 1
10 3 1272 10
10 10 1272 7
2 19 312 4
2 2 312 3
3 3 113 14
13 13 408 11
16 16 388 7
18 18 558 7
2 2 171 3
5 16 1048 11
5 5 1048 4
5 5 820 2
10 10 750 9
9 9 1329 3
12 5 80 13
12 12 80 6
19 11 872 4
19 19 872 10
6 18 626 3
6 6 626 2
12 12 39 3
15 1 1216 11
15 15 1216 1
16 16 162 21
19 19 1285 37
2 2 892 2
7 13 493 1
7 7 493 1
15 12 998 9
15 15 998 1
0 2 325 11
0 0 325 10
8 8 880 3
15 15 535 3
0 0 500 17
2 15 670 3
2 2 670 7
10 15 181 6
10 10 181 28
0 13 99 13
0 0 99 4
8 8 942 8
7 0 800 10
7 7 800 4
2 12 1172 14
2 2 1172 4
8 8 573 9
9 15 324 1
9 9 324 7
7 7 945 2
11 14 434 12
11 11 434 1
15 6 346 1
15 15 346 2
4 4 713 5
8 12 652 6
8 8 652 1
6 6 363 4
12 12 984 13
15 2 459 4
15 15 459 8
8 3 283 10
8 8 283 4
12 12 943 2
18 18 172 9
0 3 943 10
0 0 943 2
15 1 233 1
15 15 233 1
19 19 234 1
5 5 451 2
7 3 1397 10
7 7 1397 7
5 1 340 6
5 5 340 7
8 15 200 13
8 8 200 1
13 13 841 4
2 17 506 1
2 2 506 8
1 1 1237 2
7 3 1051 6
7 7 1051 1
15 6 1376 3
15 15 1376 10
1 1 690 4
1 1 1094 2
14 18 105 14
14 14 105 1
2 2 284 2
10 10 819 2
0 9 1033 6
0 0 1033 2
5 5 1148 5
6 6 719 1
10 11 642 13
10 10 642 14
12 12 1260 4
15 16 1207 13
15 15 1207 5
14 3 542 12
14 14 542 2
0 0 1208 5
6 6 606 3
7 7 307 4
2 2 977 4
8 7 1038 1
8 8 1038 2
9 0 1039 12
9 9 1039 6
7 7 465 4
11 3 18 4
11 11 18 4
1 1 24 6
11 19 99 13
11 11 99 11
16 16 571 1
2 7 610 2
2 2 610 4
15 15 664 4
16 16 586 9
0 4 79 13
0 0 79 1
3 5 852 10
3 3 852 1
7 15 772 6
7 7 772 8
17 17 780 1
16 10 729 11
16 16 729 4
2 7 1144 7
2 2 1144 6
4 4 542 2
0 0 877 4
6 6 343 4
13 13 681 1
16 15 1235 7
16 16 1235 3
9 9 696 3
4 14 828 11
4 4 828 6
13 10 570 6
13 13 570 2
12 5 1107 5
12 12 1107 8
15 3 205 5
15 15 205 8
11 5 1206 5
11 11 1206 1
13 13 796 2
18 18 946 34
6 19 1135 6
6 6 1135 42
5 2 328 10
5 5 328 4
8 8 228 1
14 14 446 11
1 6 877 3
1 1 877 1
19 19 484 7
4 10 368 10
4 4 368 2
7 7 1151 3
13 13 254 3
17 17 251 3
2 16 369 8
2 2 369 4
19 6 597 12
19 19 597 5
5 5 618 14
7 15 1164 2
7 7 1164 1
13 5 79 3
13 13 79 6
14 9 728 6
14 14 728 5
17 4 148 13
17 17 148 5
0 0 1126 4
3 14 73 10
3 3 73 1
8 9 1405 14
8 8 1405 9
4 13 406 14
4 4 406 1
1 13 440 6
1 1 440 1
12 15 24 13
12 12 24 1
13 15 305 5
13 13 305 3
14 14 1018 18
19 8 1228 1
19 19 1228 8
7 2 279 4
7 7 279 3
15 3 824 3
15 15 824 4
1 1 346 1
18 18 1304 8
5 5 1394 1
7 16 420 12
7 7 420 3
10 12 408 2
10 10 408 34
15 12 937 2
15 15 937 8
2 2 804 1
17 17 1085 2
2 6 727 6
2 2 727 1
8 8 776 1
17 17 1230 8
7 10 219 6
7 7 219 1
4 1 611 6
4 4 611 8
8 4 614 9
8 8 614 6
7 13 872 4
7 7 872 3
13 13 1239 5
7 18 526 6
7 7 526 4
18 18 357 15
18 18 244 14
4 4 935 14
11 11 1093 5
7 7 1324 6
13 12 943 3
13 13 943 1
14 17 120 3
14 14 120 3
1 1 943 1
5 5 283 2
3 3 1061 4
18 18 918 16
10 3 1001 3
10 10 1001 4
9 8 570 12
9 9 570 2
13 13 226 2
2 9 100 10
2 2 100 2
7 18 1264 12
7 7 1264 1
14 14 692 6
15 4 510 10
15 15 510 2
3 3 165 19
15 19 1150 7
15 15 1150 3
16 9 40 6
16 16 40 4
0 0 1223 9
11 7 892 14
11 11 892 3
15 8 796 6
15 15 796 3
2 5 921 4
2 2 921 2
7 7 392 9
9 9 1095 1
12 12 354 1
7 1 25 7
7 7 25 10
12 12 497 12
15 10 562 4
15 15 562 2
2 17 1391 5
2 2 1391 3
7 7 174 2
15 17 1221 9
15 15 1221 17
11 4 171 3
11 11 171 1
16 16 1375 16
16 16 658 1
2 17 1201 4
2 2 1201 2
3 3 940 3
7 7 844 4
11 0 393 8
11 11 393 3
17 17 980 1
15 2 321 11
15 15 321 1
0 0 166 3
4 4 726 2
8 8 352 2
4 0 1425 4
17 15 758 12
17 17 758 5
5 5 93 6
8 6 463 13
8 8 463 7
7 12 643 1
7 7 643 1
13 13 578 3
5 12 494 3
5 5 494 2
7 3 1296 13
7 7 1296 4
13 13 979 6
12 12 1258 2
1 8 907 4
1 1 907 3
6 11 1188 5
6 6 1188 6
10 10 1415 3
1 1 1224 3
6 6 1079 6
8 18 188 2
8 8 188 2
9 18 709 1
9 9 709 9
10 6 1302 1
10 10 1302 1
15 4 1295 9
15 15 1295 3
1 10 853 10
1 1 853 1
4 2 328 1
4 4 328 1
10 10 909 7
14 10 737 13
14 14 737 6
10 10 796 1
7 5 1236 9
7 7 1236 6
15 15 1069 5
2 12 168 2
2 2 168 3
3 3 129 1
6 6 736 11
14 14 1263 1
13 13 488 6
14 14 515 4
15 15 1219 1
15 11 880 9
15 15 880 9
14 14 861 5
12 12 262 2
7 1 125 13
7 7 125 2
10 18 291 13
10 10 291 4
11 8 70 11
11 11 70 10
17 14 1029 8
17 17 1029 21
2 1 1395 13
2 2 1395 4
10 10 178 1
11 11 215 7
16 16 623 6
15 15 308 2
9 11 331 11
9 9 331 24
18 18 395 10
8 8 653 6
9 9 212 15
13 3 533 6
13 13 533 3
3 3 1335 5
7 6 743 10
7 7 743 3
14 14 129 1
13 13 1362 11
6 6 1265 9
13 13 1015 10
12 8 1166 11
12 12 1166 4
1 8 919 7
1 1 919 9
0 0 718 1
19 19 346 6
8 8 201 1
12 3 1309 1
12 12 1309 9
17 17 397 3
4 14 157 5
4 4 157 4
11 13 1387 13
11 11 1387 2
7 7 1050 1
13 19 217 10
13 13 217 3
14 19 338 1
14 14 338 4
2 2 362 7
1 1 1093 1
10 7 929 8
10 10 929 12
17 1 175 3
17 17 175 4
1 1 546 3
10 10 816 3
19 19 1090 5
3 3 253 19
9 17 1324 9
9 9 1324 5
12 12 117 8
5 11 1309 4
5 5 1309 2
14 14 825 4
18 8 1348 8
18 18 1348 5
3 15 552 1
3 3 552 2
15 11 965 6
15 15 965 14
16 16 941 1
16 3 572 10
16 16 572 4
10 13 86 5
10 10 86 7
11 4 243 13
11 11 243 5
2 3 1222 11
2 2 1222 9
3 3 855 1
9 18 278 12
9 9 278 6
10 11 57 1
10 10 57 17
15 15 264 2
3 9 996 5
3 3 996 4
7 7 916 12
3 12 1141 4
3 3 1141 4
9 9 240 8
2 2 1105 4
0 0 797 5
3 16 1154 6
3 3 1154 9
9 10 65 9
9 9 65 10
14 13 242 12
14 14 242 1
3 12 162 10
3 3 162 3
9 9 978 5
4 0 83 13
4 4 83 1
5 2 294 1
5 5 294 4
11 5 1193 7
11 11 1193 3
12 6 1202 9
12 12 1202 7
8 6 229 2
8 8 229 1
9 16 652 1
9 9 652 6
10 10 1375 22
13 13 876 2
10 14 1010 8
10 10 1010 8
14 19 302 8
14 14 302 3
3 3 236 2
5 2 1213 4
5 5 1213 10
4 4 256 5
13 17 78 12
13 13 78 1
18 18 740 1
2 5 225 12
2 2 225 7
4 4 407 3
18 18 631 1
5 4 1119 12
5 5 1119 5
11 11 706 16
12 12 25 14
15 15 1162 4
10 10 566 10
14 14 1110 1
17 17 1298 5
14 0 874 3
14 14 874 4
1 8 345 6
1 1 345 1
13 13 1425 2
5 5 1393 1
7 1 423 8
7 7 423 1
2 2 805 3
11 6 49 1
11 11 49 1
0 2 270 9
0 0 270 4
8 8 777 6
4 4 1146 2
7 7 69 10
3 3 802 7
9 1 417 13
9 9 417 2
10 10 74 10
4 4 620 3
3 1 947 12
3 3 947 6
7 7 875 4
13 11 1238 4
13 13 1238 1
0 0 219 2
3 0 960 10
3 3 960 2
9 9 131 2
7 0 1016 11
7 7 1016 9
13 13 1063 7
18 2 354 8
18 18 354 3
0 15 1017 6
0 0 1017 2
3 3 1278 4
7 7 670 5
14 10 206 3
14 14 206 4
13 13 1289 2
19 9 180 14
19 19 180 3
11 18 790 1
11 11 790 3
9 9 974 4
5 5 282 1
8 8 50 6
0 6 694 2
0 0 694 1
0 6 1317 10
0 0 1317 1
5 5 572 6
2 2 338 1
10 10 889 2
9 8 1418 14
9 9 1418 1
7 2 1267 8
7 7 1267 1
18 18 712 9
6 6 1285 9
9 0 1307 11
9 9 1307 3
14 8 548 5
14 14 548 6
19 12 1146 8
19 19 1146 11
5 15 879 10
5 5 879 7
6 6 551 8
7 7 378 4
11 6 895 13
11 11 895 1
15 1 799 1
15 15 799 9
12 12 355 1
18 18 1164 7
8 19 854 10
8 8 854 4
7 0 24 7
7 7 24 1
10 5 268 11
10 10 268 9
14 14 1356 1
2 16 1388 4
2 2 1388 2
1 5 71 9
1 1 71 5
2 2 555 1
3 3 798 3
4 6 1261 1
4 4 1261 3
7 7 830 3
16 15 659 5
16 16 659 4
0 6 8 2
0 0 8 3
3 18 943 3
3 3 943 4
17 17 612 12
15 14 497 5
15 15 497 6
5 2 203 3
5 5 203 21
7 3 621 3
7 7 621 3
12 12 901 1
11 16 1043 12
11 11 1043 13
5 5 493 1
1 19 906 12
1 1 906 1
4 3 43 14
4 4 43 4
9 12 891 10
9 9 891 8
18 18 1019 1
11 11 1358 7
10 3 1303 8
10 10 1303 7
18 18 778 6
4 3 329 7
4 4 329 3
9 15 597 13
9 9 597 2
16 16 375 2
4 18 472 3
4 4 472 2
10 10 797 1
13 16 406 9
13 13 406 2
14 14 657 3
0 18 1071 1
0 0 1071 7
3 0 128 14
3 3 128 1
10 10 748 2
13 13 487 1
16 16 21 3
14 12 512 7
14 14 512 1
3 11 273 13
3 3 273 8
6 3 624 14
6 6 624 2
9 9 1152 12
14 12 1183 6
14 14 1183 5
15 4 1218 7
15 15 1218 1
14 19 947 7
14 14 947 3
3 3 446 3
15 8 992 5
15 15 992 2
3 2 604 2
3 3 604 9
7 7 124 1
14 16 1320 6
14 14 1320 7
2 2 668 2
4 4 1074 3
10 10 179 2
2 10 1251 10
2 2 1251 2
12 6 756 3
12 12 756 9
16 16 767 6
0 0 20 11
7 15 947 6
7 7 947 15
13 13 1054 2
0 1 131 2
0 0 131 10
6 6 361 2
3 17 77 12
3 3 77 10
7 18 593 7
7 7 593 2
19 3 127 2
19 19 127 5
13 17 385 12
13 13 385 7
11 11 1087 6
18 12 61 9
18 18 61 7
9 9 774 2
1 0 918 14
1 1 918 1
0 0 719 9
1 1 1210 13
8 18 202 3
8 8 202 3
7 7 1412 13
13 4 839 11
13 13 839 2
18 18 991 6
7 7 1045 5
10 10 1291 11
7 9 1194 9
7 7 1194 2
13 13 41 3
17 17 174 1
3 3 111 2
0 0 1035 15
13 13 274 11
1 1 451 2
10 10 531 1
12 7 197 11
12 12 197 9
17 17 1333 10
7 4 322 7
7 7 322 17
9 9 1037 2
15 15 855 17
14 14 830 5
1 2 237 1
1 1 237 4
10 10 373 5
12 12 299 15
16 16 942 6
1 1 30 2
14 14 1284 4
2 18 608 14
2 2 608 2
14 14 1136 2
0 7 65 4
0 0 65 2
4 9 1189 14
4 4 1189 1
9 5 277 5
9 9 277 1
10 10 38 6
11 13 323 4
11 11 323 11
2 16 1142 10
2 2 1142 2
4 4 1332 1
15 18 440 8
15 15 440 3
4 1 687 12
4 4 687 5
7 7 548 3
13 17 679 9
13 13 679 2
13 13 1427 6
19 19 42 27
7 5 693 13
7 7 693 9
13 13 568 2
14 17 243 12
14 14 243 2
15 15 94 10
19 19 155 15
5 5 404 7
12 12 1244 2
1 1 1301 3
4 4 92 1
0 0 683 11
8 8 230 14
11 13 1337 3
11 11 1337 3
14 14 444 2
4 4 370 12
7 8 1166 14
7 7 1166 4
13 0 77 3
13 13 77 1
18 18 741 7
19 19 708 7
13 13 478 9
16 16 462 10
2 4 145 5
2 2 145 7
14 16 1188 2
14 14 1188 2
1 1 303 2
2 5 0 1
2 2 0 8
3 9 361 6
3 3 361 1
8 8 1117 4
14 3 1111 5
14 14 1111 1
17 17 1297 1
16 16 236 1
18 18 1193 17
3 3 519 20
12 12 463 1
15 18 984 7
15 15 984 5
1 1 122 11
7 14 68 13
7 7 68 1
11 10 1279 2
11 11 1279 6
4 4 1034 9
11 11 286 2
15 15 766 3
0 18 45 6
0 0 45 12
6 6 422 8
9 9 130 1
11 11 508 7
16 16 1186 4
12 13 787 2
12 12 787 3
3 10 1104 6
3 3 1104 4
9 9 19 2
15 15 178 2
19 19 183 7
13 14 941 2
13 13 941 2
1 8 941 1
1 1 941 2
19 19 292 6
11 1 1236 13
11 11 1236 2
1 14 990 10
1 1 990 11
0 16 695 11
0 0 695 3
14 5 408 10
14 14 408 9
18 18 807 1
0 19 1318 7
0 0 1318 12
5 5 571 1
9 12 568 5
9 9 568 2
16 0 268 7
16 16 268 8
14 14 267 6
2 11 339 8
2 2 339 6
5 5 1168 4
5 5 588 8
11 11 515 1
16 14 411 10
16 16 411 4
14 14 698 7
1 1 617 6
1 19 410 13
1 1 410 6
18 18 600 7
0 0 1267 3
19 19 849 2
10 11 600 7
10 10 600 5
16 15 185 10
16 16 185 7
19 12 958 6
19 19 958 8
8 8 1145 1
10 3 555 12
10 10 555 11
14 14 839 9
1 15 164 14
1 1 164 14
5 5 1364 6
6 6 951 1
10 0 442 13
10 10 442 8
14 13 1357 1
14 14 1357 7
15 15 572 6
1 14 70 11
1 1 70 1
11 11 173 1
12 12 578 2
9 9 301 8
11 11 864 5
18 18 421 27
4 4 720 4
8 8 659 2
4 4 1292 12
7 7 991 2
0 0 222 4
12 12 823 6
13 13 1098 5
8 17 354 2
8 8 354 2
9 9 15 4
12 1 902 5
12 12 902 7
11 14 1042 4
11 11 1042 1
7 15 765 5
7 7 765 4
13 14 576 10
13 13 576 2
12 12 1045 10
17 14 645 12
17 17 645 5
18 11 214 1
18 18 214 4
3 3 1386 5
8 13 64 10
8 8 64 7
9 9 1001 8
0 0 740 6
1 1 826 6
19 19 433 11
8 12 190 7
8 8 190 8
14 7 372 11
14 14 372 1
17 17 48 4
7 13 1089 9
7 7 1089 3
14 9 1262 11
14 14 1262 1
14 7 743 11
14 14 743 6
1 1 708 13
10 10 794 2
19 13 1064 12
19 19 1064 17
1 9 629 10
1 1 629 19
5 5 1029 6
14 14 513 2
1 1 486 4
2 2 89 4
3 3 272 1
8 3 1414 2
8 8 1414 7
10 10 636 6
11 12 781 14
11 11 781 1
5 5 1352 6
7 7 494 3
17 17 1130 2
8 2 883 3
8 8 883 2
7 7 127 11
16 16 1326 5
8 8 962 3
10 10 176 2
12 10 614 8
12 12 614 6
17 17 805 4
15 15 310 8
16 16 752 4
8 8 544 1
4 14 692 6
4 4 692 1
3 6 1222 4
3 3 1222 4
17 17 583 4
14 14 1063 1
15 14 188 1
15 15 188 2
11 1 1086 8
11 11 1086 1
14 0 135 6
14 14 135 4
15 10 234 8
15 15 234 3
4 4 121 2
3 3 1350 2
4 8 8 12
4 4 8 4
5 5 337 3
14 2 417 4
14 14 417 2
17 17 387 10
5 0 738 9
5 5 738 30
11 11 1389 3
18 18 879 19
19 19 570 4
13 6 1404 2
13 13 1404 2
2 2 283 1
6 16 1331 7
6 6 1331 3
11 13 587 10
11 11 587 12
10 10 1130 9
15 1 1027 7
15 15 1027 2
14 16 626 4
14 14 626 1
6 6 706 3
9 9 1362 12
7 7 300 3
14 12 1144 12
14 14 1144 6
17 17 1332 1
16 8 129 4
16 16 129 11
14 3 908 10
14 14 908 1
6 11 1004 6
6 6 1004 8
19 19 1427 11
18 18 1346 2
2 4 863 2
2 2 863 4
3 3 554 8
11 11 1238 4
7 17 99 3
7 7 99 1
0 0 467 2
6 8 153 14
6 6 153 3
7 14 240 9
7 7 240 5
10 4 84 9
10 10 84 2
17 4 880 14
17 17 880 9
15 15 741 1
2 2 528 9
4 4 1190 1
9 2 276 8
9 9 276 1
7 7 769 2
11 11 322 1
15 0 266 8
15 15 266 10
4 4 1333 41
11 11 467 2
15 17 443 1
15 15 443 7
18 5 493 13
18 18 493 3
8 17 683 10
8 8 683 6
2 18 1394 14
2 2 1394 1
7 7 551 1
16 16 1238 1
17 17 547 3
4 13 974 5
4 4 974 7
3 3 1301 3
4 4 93 1
5 13 292 5
5 5 292 2
8 8 24 1
7 1 1370 10
7 7 1370 2
13 13 793 3
14 17 18 7
14 14 18 1
19 19 376 2
5 18 693 12
5 5 693 8
9 9 690 6
10 10 1373 2
1 1 866 11
0 10 1371 2
0 0 1371 2
10 0 1008 9
10 10 1008 2
15 6 1345 10
15 15 1345 4
14 14 300 2
2 2 332 4
5 5 1211 2
2 0 1253 9
2 2 1253 7
16 16 432 4
2 12 255 9
2 2 255 1
3 3 74 3
8 18 1376 10
8 8 1376 1
15 15 1127 2
1 4 445 4
1 1 445 6
18 18 629 2
5 5 1117 2
6 6 569 6
11 16 853 3
11 11 853 11
16 1 237 13
16 16 237 7
1 9 351 9
1 1 351 8
10 10 278 1
11 12 51 12
11 11 51 5
2 5 1414 3
2 2 1414 2
4 6 1124 10
4 4 1124 4
11 11 128 7
15 15 584 4
0 9 447 11
0 0 447 5
12 18 558 13
12 12 558 15
15 6 761 13
15 15 761 5
16 16 681 1
4 1 1178 9
4 4 1178 3
0 0 221 1
3 7 962 2
3 3 962 7
4 4 1321 7
15 15 415 1
13 13 714 5
0 0 1019 2
4 4 787 3
8 8 470 1
13 7 603 9
13 13 603 8
18 18 243 1
13 17 940 1
13 13 940 1
1 16 1392 1
1 1 1392 7
5 5 280 2
13 13 829 6
19 19 404 3
1 1 1249 4
6 6 1102 1
8 8 131 2
9 19 686 5
9 9 686 4
1 9 846 8
1 1 846 3
10 13 916 2
10 10 916 13
2 2 336 2
4 4 486 5
10 6 871 1
10 10 871 5
7 19 1261 4
7 7 1261 3
13 13 112 5
14 14 1272 7
18 18 710 2
5 18 1056 8
5 5 1056 4
8 2 1308 4
8 8 1308 1
9 5 1305 7
9 9 1305 2
10 19 1058 1
10 10 1058 6
14 3 554 8
14 14 554 10
2 10 114 6
2 2 114 6
12 13 63 4
12 12 63 7
15 15 1256 2
14 3 981 6
14 14 981 3
1 14 266 1
1 1 266 5
8 5 1146 2
8 8 1146 2
9 9 949 16
15 6 793 14
15 15 793 1
14 14 836 3
16 16 856 7
0 0 381 4
0 0 1167 2
7 7 171 3
11 10 172 6
11 11 172 1
15 15 684 6
8 8 950 8
15 6 733 3
15 15 733 1
2 2 1164 8
8 8 517 5
12 12 673 11
15 1 322 4
15 15 322 3
2 2 1087 1
3 3 1086 2
18 1 324 12
18 18 324 6
8 5 498 2
8 8 498 6
13 1 639 9
13 13 639 9
15 12 145 6
15 15 145 9
11 11 1122 2
13 9 976 2
13 13 976 3
17 17 277 7
1 7 904 4
1 1 904 2
18 3 102 9
18 18 102 7
11 2 1267 13
11 11 1267 12
1 14 825 11
1 1 825 1
0 0 660 2
14 17 373 8
14 14 373 7
13 6 3 1
13 13 3 10
19 19 654 5
4 12 474 7
4 4 474 2
10 15 1143 5
10 10 1143 1
14 14 663 1
3 19 130 2
3 3 130 3
8 14 1336 3
8 8 1336 1
11 11 703 3
0 14 1232 8
0 0 1232 1
2 10 969 13
2 2 969 8
19 19 989 5
5 3 1318 1
5 5 1318 7
14 16 1036 14
14 14 1036 1
15 9 893 14
15 15 893 5
18 18 1375 9
17 17 1129 1
15 1 994 9
15 15 994 3
0 0 103 1
3 3 892 5
15 18 305 13
15 15 305 3
8 2 545 4
8 8 545 5
6 6 476 9
2 2 1027 14
4 18 693 14
4 4 693 3
3 6 1050 12
3 3 1050 6
6 14 367 13
6 6 367 9
7 7 962 2
4 2 836 11
4 4 836 2
8 8 287 1
7 7 595 2
12 12 939 4
11 4 1073 4
11 11 1073 5
7 0 736 13
7 7 736 3
13 13 611 8
13 13 1359 3
8 14 125 14
8 8 125 6
4 17 152 5
4 4 152 5
1 11 694 12
1 1 694 5
13 19 39 3
13 13 39 2
1 12 551 3
1 1 551 1
8 11 1349 9
8 8 1349 2
6 6 1328 3
10 10 831 21
14 4 627 12
14 14 627 3
19 19 1095 3
11 11 731 13
12 12 112 5
15 15 1203 1
16 13 115 7
16 16 115 14
5 5 1417 4
7 7 303 1
14 18 909 9
14 14 909 7
1 15 370 10
1 1 370 6
7 7 444 4
11 17 953 13
11 11 953 4
1 3 227 4
1 1 227 1
11 2 22 14
11 11 22 5
17 17 1109 6
2 18 719 2
2 2 719 1
16 16 1291 1
12 5 436 5
12 12 436 1
2 16 1362 5
2 2 1362 8
2 1 638 14
2 2 638 1
9 16 394 12
9 9 394 11
0 9 67 8
0 0 67 1
3 3 856 11
4 7 1191 10
4 4 1191 8
10 15 36 9
10 10 36 2
12 15 666 2
12 12 666 2
17 17 768 12
16 16 733 3
5 5 240 34
13 3 677 4
13 13 677 2
16 6 1239 7
16 16 1239 23
17 1 546 3
17 17 546 1
15 3 43 4
15 15 43 1
0 0 784 3
5 5 1 3
13 15 566 6
13 13 566 2
14 19 241 8
14 14 241 1
9 11 983 12
9 9 983 4
13 7 903 13
13 13 903 6
12 11 1246 1
12 12 1246 8
4 7 94 11
4 4 94 11
8 0 25 8
8 8 25 1
5 11 167 6
5 5 167 14
13 13 792 1
14 14 19 1
17 17 477 4
1 1 1156 6
6 6 1123 11
5 6 692 14
5 5 692 1
1 7 865 14
1 1 865 1
1 11 1077 10
1 1 1077 10
9 11 514 13
9 9 514 4
17 17 255 1
5 19 1227 9
5 5 1227 6
8 8 1377 6
11 18 630 12
11 11 630 2
10 7 1039 11
10 10 1039 1
14 14 1226 1
13 16 301 11
13 13 301 4
16 1 95 1
16 16 95 6
2 2 30 1
9 9 1246 12
17 17 1303 14
15 11 772 10
15 15 772 4
2 2 800 4
10 19 279 8
10 10 279 2
11 11 50 1
14 14 1399 3
0 0 257 11
12 12 600 3
17 17 1218 4
16 10 1414 1
16 16 1414 9
16 16 682 1
4 5 623 9
4 4 623 2
6 6 21 14
7 9 868 3
7 7 868 4
2 2 1112 8
8 7 761 11
8 8 761 1
7 7 1013 1
12 9 781 13
12 12 781 1
13 18 1060 1
13 13 1060 3
4 4 653 1
8 0 328 7
8 8 328 1
8 8 471 3
13 9 602 13
13 13 602 1
14 14 205 1
13 13 1286 3
7 3 1320 10
7 7 1320 4
11 13 1067 9
11 11 1067 2
18 0 3 14
18 18 3 8
0 13 538 11
0 0 538 5
1 14 1399 10
1 1 1399 3
6 6 1212 6
9 14 860 1
9 9 860 11
14 14 495 7
0 4 649 4
0 0 649 11
19 19 407 4
6 8 1103 8
6 6 1103 3
5 0 680 3
5 5 680 7
13 13 141 11
1 7 1041 4
1 1 1041 13
9 5 574 4
9 9 574 7
5 5 1182 5
1 4 623 9
1 1 623 3
8 6 1309 5
8 8 1309 6
6 6 760 1
11 11 1023 1
10 6 759 10
10 10 759 3
16 16 44 21
19 11 851 13
19 19 851 1
3 3 310 2
5 4 876 7
5 5 876 3
10 17 582 1
10 10 582 12
14 14 1158 1
19 19 1260 5
6 6 538 4
7 13 375 8
7 7 375 3
11 1 880 11
11 11 880 7
14 14 1073 6
16 16 202 1
18 18 1400 8
2 17 917 5
2 2 917 4
7 7 388 4
11 11 961 5
18 18 1163 1
3 3 613 1
18 14 1050 13
18 18 1050 11
11 11 175 1
12 12 636 2
3 3 771 5
0 14 11 3
0 0 11 6
3 3 1057 4
8 11 661 14
8 8 661 6
7 18 985 12
7 7 985 6
16 16 1152 8
4 4 865 1
8 0 356 11
8 8 356 4
12 10 896 9
12 12 896 5
0 6 984 2
0 0 984 5
9 9 926 3
5 0 490 4
5 5 490 3
11 8 1125 2
11 11 1125 6
12 0 1254 10
12 12 1254 4
1 1 911 7
19 19 322 7
11 14 1266 3
11 11 1266 1
13 15 800 11
13 13 800 6
17 17 421 11
6 6 1067 7
15 17 1291 12
15 15 1291 2
10 10 905 4
16 15 362 2
16 16 362 1
17 17 199 3
5 14 1266 6
5 5 1266 9
13 0 204 13
13 13 204 1
11 1 545 9
11 11 545 5
7 7 1232 4
10 1 1140 6
10 10 1140 3
14 5 660 3
14 14 660 3
3 13 133 1
3 3 133 19
8 3 1337 13
8 8 1337 7
5 17 831 2
5 5 831 7
9 9 1332 10
12 12 77 3
14 16 519 12
14 14 519 1
0 0 1233 17
14 12 1122 7
14 14 1122 8
14 14 950 1
2 2 966 1
14 14 1037 4
16 16 822 3
14 14 801 5
19 19 1401 3
2 16 889 9
2 2 889 3
11 17 1005 5
11 11 1005 2
17 14 1128 8
17 17 1128 1
15 17 1005 13
15 15 1005 1
0 0 346 14
3 12 577 1
3 3 577 2
8 18 885 13
8 8 885 3
6 6 800 4
12 1 401 1
12 12 401 9
17 17 1273 11
2 2 667 1
7 8 142 9
7 7 142 2
12 12 608 6
15 15 643 9
7 7 799 1
11 12 344 12
11 11 344 3
7 1 940 9
7 7 940 2
8 9 689 7
8 8 689 5
15 9 470 12
15 15 470 2
8 11 256 3
8 8 256 1
15 14 71 10
15 15 71 4
0 4 932 3
0 0 932 4
7 15 739 2
7 7 739 4
15 3 244 9
15 15 244 3
4 3 123 4
4 4 123 23
3 3 1352 9
1 1 1003 4
8 0 205 14
8 8 205 12
14 12 342 8
14 14 342 4
2 5 358 14
2 2 358 4
10 10 941 4
13 17 38 2
13 13 38 1
14 0 705 14
14 14 705 5
4 4 447 1
15 9 1037 8
15 15 1037 9
14 8 624 7
14 14 624 1
3 13 225 1
3 3 225 6
6 6 704 2
5 3 787 10
5 5 787 5
14 18 995 8
14 14 995 5
0 15 1213 6
0 0 1213 4
19 19 907 6
5 18 1416 14
5 5 1416 1
10 12 542 13
10 10 542 4
11 11 811 14
14 14 1150 8
8 19 1075 6
8 8 1075 2
16 16 786 1
14 14 829 1
7 7 460 3
10 0 368 6
10 10 368 5
15 9 961 4
15 15 961 2
8 8 785 9
16 16 1292 6
12 12 437 5
0 0 469 3
2 16 639 4
2 2 639 4
0 16 68 5
0 0 68 2
4 4 628 2
7 13 771 8
7 7 771 1
15 15 276 4
3 3 1000 2
8 18 734 14
8 8 734 6
6 6 441 15
11 11 469 1
3 15 1145 8
3 3 1145 9
13 10 1424 1
13 13 1424 1
4 4 825 3
4 17 968 14
4 4 968 6
13 7 1394 3
13 13 1394 6
19 15 269 7
19 19 269 4
8 8 26 1
11 13 1197 8
11 11 1197 1
13 7 791 9
13 13 791 1
18 15 943 14
18 18 943 3
19 19 378 4
4 18 238 6
4 4 238 18
13 4 872 12
13 13 872 4
0 0 1373 2
19 19 491 5
1 3 1076 12
1 1 1076 1
17 17 254 1
1 4 657 4
1 1 657 5
18 18 849 23
7 0 1163 1
7 7 1163 1
13 13 74 3
14 14 733 4
4 19 403 4
4 4 403 3
0 0 1258 4
15 9 1174 7
15 15 1174 6
2 2 31 5
3 18 362 10
3 3 362 6
8 18 1088 6
8 8 1088 5
6 6 575 6
14 7 878 9
14 14 878 7
1 7 349 8
1 1 349 2
5 7 1405 7
5 5 1405 3
2 9 720 14
2 2 720 1
7 11 65 5
7 7 65 2
18 18 1094 20
2 6 579 2
2 2 579 7
9 15 421 8
9 9 421 16
16 16 683 1
2 7 1190 11
2 2 1190 5
6 6 10 2
9 9 310 14
14 6 1327 1
14 14 1327 1
8 18 762 9
8 8 762 11
12 18 782 10
12 12 782 5
15 11 409 4
15 15 409 6
18 7 463 12
18 18 463 8
4 5 654 12
4 4 654 1
8 8 329 12
18 18 350 4
0 0 1021 1
19 19 75 12
9 9 97 5
13 13 601 1
14 15 210 8
14 14 210 1
13 13 1285 1
4 4 51 1
17 2 440 3
17 17 440 4
5 5 663 1
8 16 133 11
8 8 133 18
11 1 1318 1
11 11 1318 8
8 8 1001 1
0 0 1337 1
2 2 443 6
5 5 1181 1
5 5 585 3
11 1 516 14
11 11 516 2
13 9 110 9
13 13 110 2
19 6 1041 10
19 19 1041 13
18 18 708 2
6 6 761 7
5 5 986 8
13 0 511 6
13 13 511 4
0 0 1270 17
5 3 875 8
5 5 875 1
14 10 1159 2
14 14 1159 2
15 14 1258 10
15 15 1258 7
14 14 987 2
2 8 995 4
2 2 995 7
8 8 1148 1
9 9 1273 6
16 0 203 12
16 16 203 3
6 6 938 4
11 19 960 6
11 11 960 1
1 1 42 5
2 18 773 11
2 2 773 12
8 4 858 8
8 8 858 3
7 7 20 2
10 13 264 10
10 10 264 4
11 16 81 4
11 11 81 1
15 5 569 2
15 15 569 1
0 0 494 4
11 17 174 13
11 11 174 1
17 17 1197 7
4 10 1257 11
4 4 1257 2
16 11 663 13
16 16 663 4
3 3 915 3
11 17 396 1
11 11 396 3
2 18 1085 2
2 2 1085 2
3 3 1056 1
9 9 163 11
0 0 810 38
4 4 866 12
18 18 322 2
3 3 1391 3
11 3 1124 13
11 11 1124 1
13 2 974 13
13 13 974 2
1 14 910 6
1 1 910 1
6 6 1177 11
0 12 662 11
0 0 662 1
11 11 1346 5
4 6 309 9
4 4 309 4
16 18 363 14
16 16 363 12
5 5 941 6
2 2 165 3
5 11 1026 13
5 5 1026 3
5 2 830 11
5 5 830 1
14 5 1264 13
14 14 1264 4
16 16 9 12
6 6 628 4
10 10 635 1
11 11 782 5
12 0 221 5
12 12 221 8
14 17 1190 14
14 14 1190 1
14 14 951 14
1 5 276 7
1 1 276 5
2 9 967 7
2 2 967 2
8 8 1048 1
9 9 1045 4
12 12 172 12
14 14 806 4
1 1 133 5
2 2 886 1
3 17 563 4
3 3 563 4
6 19 918 8
6 6 918 10
11 8 1004 7
11 11 1004 1
10 12 300 14
10 10 300 7
11 11 125 2
17 14 1272 7
17 17 1272 1
8 12 965 11
8 8 965 4
15 8 642 2
15 15 642 1
16 16 612 4
2 2 1279 1
7 7 798 1
11 14 347 1
11 11 347 11
2 8 1134 11
2 2 1134 8
4 4 544 1
7 0 943 9
7 7 943 2
16 17 1118 12
16 16 1118 28
15 5 416 13
15 15 416 8
18 16 388 10
18 18 388 1
4 4 838 8
8 13 257 1
8 8 257 3
15 15 70 1
18 9 166 8
18 18 166 6
4 16 981 11
4 4 981 13
8 19 400 14
8 8 400 3
13 15 1357 2
13 13 1357 1
3 3 500 8
14 14 53 4
13 13 835 4
0 0 1394 4
13 13 1358 1
9 9 740 6
16 16 312 5
17 17 17 7
19 19 575 1
1 6 1112 5
1 1 1112 21
10 10 1158 3
14 14 710 1
1 1 549 2
8 8 1351 4
6 6 1334 1
15 0 1036 14
15 15 1036 1
14 14 625 1
14 5 1228 8
14 14 1228 5
7 1 297 6
7 7 297 3
3 3 414 2
15 15 851 4
16 16 787 17
7 7 463 2
11 5 8 9
11 11 8 2
15 16 960 4
15 15 960 1
1 1 18 6
14 14 1288 6
18 15 1123 12
18 18 1123 40
6 12 156 9
6 6 156 5
15 14 742 1
15 15 742 5
16 2 576 14
16 16 576 10
12 12 660 6
4 9 1328 4
4 4 1328 1
9 7 251 14
9 9 251 3
8 2 317 6
8 8 317 5
14 3 102 11
14 14 102 3
18 18 29 5
8 16 27 12
8 8 27 4
11 11 1196 1
12 12 1342 9
17 6 108 11
17 17 108 15
4 4 382 5
9 9 512 2
4 10 269 12
4 4 269 9
5 10 596 14
5 5 596 5
10 10 1210 1
1 14 513 2
1 1 513 17
4 19 412 13
4 4 412 8
16 8 450 5
16 16 450 7
19 19 1125 2
18 14 624 1
18 18 624 1
3 1 220 8
3 3 220 5
5 5 886 5
9 17 1395 14
9 9 1395 11
13 13 299 2
1 18 291 5
1 1 291 2
12 8 229 1
12 12 229 15
11 0 935 12
11 11 935 2
1 8 205 12
1 1 205 5
7 11 51 13
7 7 51 8
10 3 277 9
10 10 277 1
14 1 1397 6
14 14 1397 2
2 14 1413 13
2 2 1413 1
2 7 721 10
2 2 721 6
17 8 1216 2
17 17 1216 2
3 3 809 3
7 3 209 4
7 7 209 1
15 4 35 7
15 15 35 2
16 16 684 22
0 0 33 8
8 8 620 6
4 0 1157 10
4 4 1157 2
9 9 309 1
4 4 760 8
6 6 410 1
16 16 1190 7
13 13 1058 2
4 1 655 9
4 4 655 5
3 16 1108 3
3 3 1108 7
6 6 309 4
7 14 516 9
7 7 516 3
15 13 9 9
15 15 9 2
0 4 1022 8
0 0 1022 4
5 19 99 6
5 5 99 20
13 13 600 1
14 19 211 5
14 14 211 5
15 13 190 8
15 15 190 2
3 3 1394 13
9 9 1009 13
1 1 1254 17
5 5 662 1
11 2 1369 5
11 11 1369 2
1 11 835 12
1 1 835 7
0 0 1338 3
5 8 551 11
5 5 551 1
9 9 572 2
7 13 1113 12
7 7 1113 2
13 9 28 1
13 13 28 4
16 16 415 2
2 9 222 5
2 2 222 3
9 9 1310 14
15 15 1092 3
19 19 853 11
3 6 312 3
3 3 312 2
13 12 335 9
13 13 335 16
14 14 984 1
1 19 271 4
1 1 271 5
8 4 1149 10
8 8 1149 11
14 2 1079 8
14 14 1079 4
15 15 794 2
19 17 1375 5
19 19 1375 12
18 0 1398 12
18 18 1398 2
2 12 915 6
2 2 915 2
12 12 280 8
7 11 23 8
7 7 23 1
11 19 80 7
11 11 80 1
16 16 1002 20
18 18 1048 2
2 11 693 10
2 2 693 12
3 0 756 9
3 3 756 3
8 2 810 8
8 8 810 14
15 6 1220 5
15 15 1220 1
12 2 638 5
12 12 638 1
15 3 1049 7
15 15 1049 11
12 12 717 23
15 15 734 2
11 13 399 9
11 11 399 14
2 15 1082 9
2 2 1082 3
6 6 390 20
17 17 607 3
18 18 304 8
6 14 273 14
6 6 273 26
9 0 51 7
9 9 51 1
4 17 1010 9
4 4 1010 20
3 7 1217 1
3 3 1217 5
14 12 175 9
14 14 175 1
1 15 1312 6
1 1 1312 5
4 1 897 4
4 4 897 1
5 2 488 9
5 5 488 2
4 8 16 10
4 4 16 1
14 7 457 8
14 14 457 10
17 3 411 3
17 17 411 1
0 0 663 4
13 18 175 6
13 13 175 10
17 6 52 13
17 17 52 24
5 5 539 6
17 17 197 2
18 1 662 4
18 18 662 8
19 19 659 10
5 6 1264 1
5 5 1264 2
6 6 1355 7
10 10 774 3
15 15 959 1
1 1 585 3
17 1 1356 13
17 17 1356 11
13 0 371 5
13 13 371 5
8 13 1049 5
8 8 1049 4
11 11 926 8
16 16 808 4
2 2 887 2
3 13 562 6
3 3 562 1
8 12 1256 4
8 8 1256 1
11 1 1007 5
11 11 1007 3
1 9 53 3
1 1 53 6
3 16 579 7
3 3 579 3
7 7 123 1
15 15 540 2
2 0 1357 10
2 2 1357 5
9 0 508 13
9 9 508 4
17 17 793 12
16 10 756 7
16 16 756 2
4 2 545 10
4 4 545 1
7 7 942 1
18 18 389 6
16 2 1262 7
16 16 1262 3
13 13 1130 11
19 19 21 6
12 9 1077 4
12 12 1077 30
0 12 597 1
0 0 597 3
19 17 243 8
19 19 243 2
5 5 460 7
9 9 777 8
7 7 1394 3
13 5 1009 12
13 13 1009 6
12 12 1156 2
17 17 502 5
1 10 1001 4
1 1 1001 2
19 19 352 3
9 7 666 11
9 9 666 5
14 17 421 11
14 14 421 15
1 1 794 6
10 10 984 1
19 19 574 1
7 15 1185 13
7 7 1185 9
14 14 711 14
2 2 279 4
5 5 1236 9
6 1 1335 12
6 6 1335 1
5 10 896 3
5 5 896 24
14 14 630 3
2 7 134 10
2 2 134 11
15 14 1212 14
15 15 1212 4
14 3 993 9
14 14 993 2
3 17 368 8
3 3 368 10
9 9 1191 4
15 15 813 3
8 6 1077 8
8 8 1077 9
14 14 771 3
2 2 859 4
12 12 288 11
15 4 963 2
15 15 963 2
0 0 312 11
7 12 95 6
7 7 95 4
17 11 1243 8
17 17 1243 3
3 5 716 4
3 3 716 6
8 5 994 2
8 8 994 1
4 5 1043 10
4 4 1043 9
0 0 70 2
4 12 630 8
4 4 630 1
0 0 245 12
3 3 1002 2
4 4 1329 3
15 18 391 4
15 15 391 3
18 1 489 6
18 18 489 4
4 14 660 3
4 4 660 1
12 10 1019 1
12 12 1019 5
13 0 1422 10
13 13 1422 2
0 0 787 1
9 9 75 7
7 6 688 14
7 7 688 5
17 17 688 5
8 2 397 13
8 8 397 1
11 5 1199 6
11 11 1199 2
13 13 789 2
17 16 466 6
17 17 466 5
11 11 1340 6
0 0 1375 6
1 1 1034 7
5 5 706 8
10 16 1020 2
10 10 1020 19
10 17 1320 11
10 10 1320 1
19 19 602 5
3 4 33 14
3 3 33 2
10 10 1211 13
16 9 436 1
16 16 436 3
14 2 675 11
14 14 675 11
1 13 512 6
1 1 512 1
2 2 251 4
19 19 715 4
5 5 996 25
10 16 734 11
10 10 734 3
15 13 1123 7
15 15 1123 4
14 14 594 4
18 18 625 4
2 12 106 4
2 2 106 8
11 15 760 6
11 11 760 2
15 0 1168 5
15 15 1168 1
18 18 1408 11
7 11 268 1
7 7 268 8
14 12 1112 10
14 14 1112 4
15 4 769 6
15 15 769 1
16 10 225 9
16 16 225 1
1 14 339 9
1 1 339 3
7 19 413 14
7 7 413 7
10 10 387 12
11 11 934 1
16 9 880 5
16 16 880 1
14 14 799 2
1 1 204 1
8 8 1184 5
12 16 452 10
12 12 452 1
2 2 686 7
8 8 783 2
4 10 1120 4
4 4 1120 4
7 7 67 1
12 12 603 5
16 8 542 10
16 16 542 4
2 11 1333 7
2 2 1333 19
8 8 926 5
7 19 208 10
7 7 208 1
12 12 554 1
3 2 953 13
3 3 953 7
7 2 865 10
7 7 865 3
6 6 411 3
9 13 133 4
9 9 133 3
7 12 1014 13
7 7 1014 2
17 17 626 5
7 7 519 6
8 8 474 3
1 10 928 13
1 1 928 4
8 8 56 3
18 2 913 11
18 18 913 5
1 3 1253 6
1 1 1253 1
4 4 339 6
16 2 257 6
16 16 257 11
19 19 630 9
11 14 518 5
11 11 518 2
13 13 108 2
5 5 984 2
15 16 1095 7
15 15 1095 4
18 15 597 6
18 18 597 3
19 19 852 1
13 2 334 11
13 13 334 1
14 5 985 9
14 14 985 2
19 19 1265 5
2 11 993 5
2 2 993 2
3 8 328 1
3 3 328 4
9 3 1279 11
9 9 1279 10
12 7 138 12
12 12 138 1
19 19 1374 1
8 8 1229 2
9 19 1096 10
9 9 1096 6
17 17 1409 8
0 11 369 5
0 0 369 3
1 13 40 1
1 1 40 2
3 3 614 2
7 3 22 6
7 7 22 1
3 4 759 1
3 3 759 12
11 6 160 6
11 11 160 2
12 12 639 5
15 15 680 4
2 2 549 6
4 12 1259 5
4 4 1259 2
9 9 877 8
4 4 590 3
12 12 861 2
13 15 1268 14
13 13 1268 10
5 7 164 10
5 5 164 3
9 13 161 5
9 9 161 2
12 13 1376 10
12 12 1376 8
19 19 105 4
9 18 899 14
9 9 899 1
17 7 376 6
17 17 376 5
15 15 157 12
1 1 1319 3
4 6 898 4
4 4 898 26
3 9 1361 1
3 3 1361 3
4 1 17 1
4 4 17 7
10 10 1422 3
17 17 410 1
0 6 1384 12
0 0 1384 10
9 9 718 12
17 17 43 2
18 18 772 6
0 14 1287 1
0 0 1287 1
2 2 436 3
5 6 538 13
5 5 538 1
10 12 1248 6
10 10 1248 13
5 15 1279 8
5 5 1279 2
7 11 1229 9
7 7 1229 3
10 10 1139 1
15 19 1115 12
15 15 1115 8
10 9 633 5
10 10 633 2
17 7 1347 3
17 17 1347 9
4 4 1225 2
5 7 1314 10
5 5 1314 4
9 9 1051 3
15 3 889 8
15 15 889 1
8 0 1257 10
8 8 1257 8
17 9 1133 9
17 17 1133 17
15 15 1006 3
1 1 52 1
8 17 888 5
8 8 888 7
6 6 807 1
11 5 127 11
11 11 127 1
4 19 1080 5
4 4 1080 2
11 14 204 1
11 11 204 2
15 17 652 9
15 15 652 3
2 17 256 8
2 2 256 7
8 15 598 13
8 8 598 2
6 6 65 5
12 12 754 2
2 12 1132 9
2 2 1132 2
4 13 546 12
4 4 546 14
4 11 1374 1
4 4 1374 10
7 7 937 1
13 13 701 4
12 12 976 8
15 15 467 2
18 15 277 3
18 18 277 13
5 15 41 13
5 5 41 7
9 9 46 5
15 17 64 12
15 15 64 3
3 3 1340 6
13 8 384 5
13 13 384 1
17 17 356 15
15 18 241 2
15 15 241 2
9 19 776 11
9 9 776 1
19 19 355 10
5 6 348 13
5 5 348 6
1 1 1069 7
10 10 985 14
9 9 746 6
13 9 210 2
13 13 210 7
18 18 872 7
16 16 472 2
5 17 1124 5
5 5 1124 6
12 0 108 3
12 12 108 2
1 1 453 10
2 9 54 8
2 2 54 10
10 4 541 1
10 10 541 1
9 9 1190 1
11 7 957 5
11 11 957 3
6 6 880 4
7 7 457 3
11 18 10 1
11 11 10 2
6 6 771 3
14 0 1294 10
14 14 1294 2
2 7 634 5
2 2 634 1
8 0 995 14
8 8 995 2
4 4 1052 14
12 12 519 11
17 17 875 5
15 9 736 4
15 15 736 5
2 12 1217 11
2 2 1217 5
4 4 631 1
8 15 626 9
8 8 626 2
4 4 518 2
8 9 705 2
8 8 705 4
9 9 360 7
11 11 470 4
3 3 1243 15
18 18 486 3
4 4 661 23
17 17 550 15
13 10 1421 10
13 13 1421 1
18 18 377 11
0 0 788 1
3 3 1163 3
14 12 245 5
14 14 245 4
3 5 1304 7
3 3 1304 2
8 7 398 11
8 8 398 2
9 9 987 1
15 15 213 5
11 11 1198 1
14 18 23 11
14 14 23 2
1 1 1012 9
15 15 243 1
9 6 518 2
9 9 518 17
10 10 1321 7
14 10 305 8
14 14 305 9
1 1 662 2
2 2 329 3
11 4 541 3
11 11 541 4
5 15 1079 13
5 5 1079 4
19 19 1127 1
18 18 622 2
5 5 1112 5
13 13 297 2
16 16 83 2
19 19 1236 2
0 9 1180 11
0 0 1180 10
19 19 936 7
16 8 226 2
16 16 226 6
19 19 1349 25
3 3 508 11
11 0 985 11
11 11 985 5
15 14 945 6
15 15 945 8
16 17 881 8
16 16 881 1
4 4 42 1
12 12 453 7
11 16 135 13
11 11 135 10
12 7 596 1
12 12 596 2
17 13 1222 9
17 17 1222 2
0 4 436 11
0 0 436 3
2 2 606 2
4 4 1264 9
10 11 117 8
10 10 117 3
12 12 555 3
2 2 1189 1
4 4 619 1
4 4 1159 19
13 13 1231 7
3 17 969 11
3 3 969 8
2 2 1377 11
13 16 1056 1
13 13 1056 2
6 6 299 4
9 9 21 8
15 15 11 10
0 18 1008 12
0 0 1008 1
9 4 102 4
9 9 102 6
1 1 935 6
19 6 298 5
19 19 298 12
1 9 1355 7
1 1 1355 10
4 4 62 5
13 13 824 5
1 5 976 8
1 1 976 11
19 19 411 3
5 7 660 10
5 5 660 2
11 19 1371 3
11 11 1371 1
13 13 137 4
0 18 1381 12
0 0 1381 3
9 16 546 9
9 9 546 17
7 8 1115 2
7 7 1115 6
3 17 28 6
3 3 28 5
18 18 707 1
0 3 1114 1
0 0 1114 1
11 17 662 1
11 11 662 6
3 16 314 8
3 3 314 14
9 14 1389 13
9 9 1389 6
15 16 1271 10
15 15 1271 4
6 6 542 9
12 12 139 12
16 2 206 9
16 16 206 3
7 18 384 5
7 7 384 2
17 4 1408 8
17 17 1408 1
15 14 917 9
15 15 917 1
1 1 47 5
8 8 861 3
11 7 82 9
11 11 82 2
15 8 570 3
15 15 570 2
0 0 481 4
1 1 88 8
16 16 1367 1
16 8 635 9
16 16 635 8
8 8 522 10
7 0 836 12
7 7 836 8
5 1 1233 6
5 5 1233 3
2 2 1080 2
5 10 163 13
5 5 163 1
6 6 388 2
9 5 160 4
9 9 160 1
13 6 1092 2
13 13 1092 6
8 10 360 13
8 8 360 1
5 10 470 9
5 5 470 6
17 17 264 7
1 1 899 2
17 17 409 1
4 4 161 13
11 11 1351 3
10 19 1310 12
10 10 1310 1
0 0 1304 4
19 19 548 7
1 1 1137 5
7 9 1215 11
7 7 1215 3
17 17 187 10
1 10 734 14
1 1 734 5
18 18 660 1
2 2 305 7
5 18 938 8
5 5 938 3
15 1 1077 13
15 15 1077 4
14 14 664 6
10 3 663 7
10 10 663 5
14 14 523 2
11 14 771 4
11 11 771 1
12 12 216 1
2 11 962 9
2 2 962 4
14 2 1041 3
14 14 1041 5
2 2 885 1
0 0 1202 1
11 15 993 1
11 11 993 1
14 14 1408 1
17 4 1132 14
17 17 1132 1
16 6 953 10
16 16 953 10
1 8 11 5
1 1 11 2
18 18 1259 9
2 16 740 12
2 2 740 17
6 6 804 3
7 11 117 2
7 7 117 6
15 0 542 9
15 15 542 11
5 7 448 9
5 5 448 3
3 4 722 4
3 3 722 2
7 10 138 5
7 7 138 4
13 6 377 13
13 13 377 5
11 14 207 9
11 11 207 2
17 17 1166 2
15 15 655 2
3 3 867 2
6 6 70 1
9 9 482 5
7 7 795 3
16 17 758 5
16 16 758 2
8 0 550 8
8 8 550 1
7 8 936 14
7 7 936 1
15 15 429 4
2 2 1052 15
7 7 569 16
13 13 700 1
8 2 260 14
8 8 260 6
9 9 45 1
9 9 900 7
17 16 714 8
17 17 714 2
15 4 67 8
15 15 67 3
0 0 952 8
19 9 132 13
19 19 132 6
5 5 441 7
8 6 403 11
8 8 403 1
7 4 735 2
7 7 735 1
13 18 1354 9
13 13 1354 3
18 18 52 9
19 6 245 13
19 19 245 4
1 1 1282 19
12 2 1158 6
12 12 1158 8
1 7 1007 3
1 1 1007 5
18 18 71 10
0 0 710 4
5 19 347 5
5 5 347 1
12 12 1301 8
1 1 792 2
18 5 982 4
18 18 982 9
14 6 346 7
14 14 346 2
19 19 576 3
13 0 34 7
13 13 34 4
16 16 330 6
10 19 824 12
10 10 824 7
11 7 577 8
11 11 577 3
10 1 1044 10
10 10 1044 8
9 9 789 5
19 19 1098 6
0 18 1026 2
0 0 1026 1
5 5 799 12
13 13 260 11
14 19 918 5
14 14 918 8
5 5 1285 5
14 14 769 2
11 7 13 7
11 11 13 1
6 6 768 1
17 14 1241 14
17 17 1241 2
2 19 635 9
2 2 635 3
11 1 376 14
11 11 376 2
17 17 1019 2
16 16 722 7
3 3 1004 2
9 9 367 8
7 7 908 2
9 16 248 6
9 9 248 3
16 9 1228 5
16 16 1228 7
15 15 54 3
0 0 789 2
5 9 12 7
5 5 12 5
8 8 288 1
3 3 1307 2
13 13 898 5
18 2 24 6
18 18 24 5
19 19 273 2
5 3 302 8
5 5 302 3
14 15 20 5
14 14 20 3
17 17 464 2
19 19 382 3
1 4 1183 7
1 1 1183 4
1 1 1032 2
10 10 1018 2
11 18 1423 12
11 11 1423 3
15 15 1359 8
16 16 295 9
3 12 35 4
3 3 35 12
13 9 70 12
13 13 70 4
18 18 732 1
0 0 1310 3
5 5 994 2
0 0 1262 1
5 1 1095 1
5 5 1095 1
6 6 672 4
10 10 687 4
0 10 89 9
0 0 89 7
11 12 762 9
11 11 762 8
15 5 1170 11
15 15 1170 4
11 12 843 8
11 11 843 4
17 16 1290 2
17 17 1290 7
1 17 337 7
1 1 337 2
5 5 1401 4
10 10 385 2
11 10 984 1
11 11 984 1
12 12 375 6
16 5 882 10
16 16 882 5
14 14 797 2
13 13 1166 8
16 16 528 2
2 18 1331 8
2 2 1331 2
8 8 896 6
7 7 210 9
4 8 596 6
4 4 596 12
16 18 1034 5
16 16 1034 16
2 11 1109 13
2 2 1109 3
7 13 1008 7
7 7 1008 2
17 18 624 7
17 17 624 2
15 15 485 3
4 10 650 6
4 4 650 3
12 12 921 18
17 10 513 2
17 17 513 19
0 0 1009 8
7 7 662 8
13 12 597 3
13 13 597 3
17 17 658 3
15 15 187 1
8 8 427 1
11 1 1148 7
11 11 1148 3
0 1 543 6
0 0 543 4
9 11 839 4
9 9 839 8
13 13 823 1
17 17 444 5
5 18 659 11
5 5 659 1
1 2 832 2
1 1 832 3
0 3 1341 11
0 0 1341 3
17 17 222 23
3 3 210 3
5 5 1177 4
0 0 1115 8
8 4 1282 10
8 8 1282 1
5 3 966 11
5 5 966 2
15 15 1089 1
1 12 403 14
1 1 403 7
2 6 1023 7
2 2 1023 4
10 15 466 1
10 10 466 7
11 15 887 6
11 11 887 2
8 8 1231 16
6 17 942 4
6 6 942 1
9 12 1102 13
9 9 1102 2
2 2 769 4
3 3 616 8
14 0 1364 1
14 14 1364 9
11 7 825 8
11 11 825 3
4 8 1094 1
4 4 1094 26
11 0 162 4
11 11 162 2
0 0 401 1
9 12 453 10
9 9 453 3
15 16 731 7
15 15 731 2
3 8 919 12
3 3 919 1
12 18 863 9
12 12 863 20
5 14 162 4
5 5 162 1
4 17 1291 6
4 4 1291 1
4 4 878 1
5 5 51 9
8 8 361 8
18 18 190 15
0 0 989 7
8 19 504 2
8 8 504 3
14 7 178 7
14 14 178 5
13 13 1317 12
18 18 209 5
19 19 216 2
1 4 1317 12
1 1 1317 2
8 0 71 1
8 8 71 1
13 17 970 11
13 13 970 4
17 0 271 9
17 17 271 6
14 11 1051 5
14 14 1051 11
19 19 329 5
5 19 358 7
5 5 358 14
11 17 1257 8
11 11 1257 9
1 1 819 4
1 1 1223 1
10 10 1311 3
14 11 383 13
14 14 383 1
14 14 106 5
13 19 61 8
13 13 61 4
18 19 661 8
18 18 661 1
5 5 1277 2
4 4 448 1
10 10 773 1
1 7 590 7
1 1 590 11
2 6 161 10
2 2 161 4
5 14 1038 12
5 5 1038 7
10 0 660 7
10 10 660 3
9 16 1343 8
9 9 1343 2
14 14 1268 1
14 14 520 3
19 19 882 10
3 19 281 8
3 3 281 1
8 8 1421 11
11 9 770 4
11 11 770 1
12 19 217 4
12 12 217 4
13 12 368 7
13 13 368 3
5 5 1312 2
9 17 1049 9
9 9 1049 2
14 14 1046 2
15 14 891 4
15 15 891 2
14 14 810 3
19 19 1404 6
3 11 567 4
3 3 567 3
14 14 1409 17
1 18 10 12
1 1 10 1
14 0 1328 9
14 14 1328 1
2 5 1352 12
2 2 1352 5
8 7 969 3
8 8 969 6
4 14 1082 14
4 4 1082 9
11 4 206 14
11 11 206 1
2 16 1275 8
2 2 1275 4
2 2 519 9
8 4 600 8
8 8 600 2
6 6 71 12
9 9 481 1
0 9 236 3
0 0 236 1
3 3 1011 2
8 13 551 7
8 8 551 1
6 12 470 2
6 6 470 6
15 15 428 1
8 1 694 13
8 8 694 1
6 6 353 5
14 8 419 9
14 14 419 2
15 15 477 5
4 4 834 2
7 7 585 8
13 7 524 6
13 13 524 9
8 8 404 9
12 12 1072 5
13 13 1353 1
6 6 1262 3
14 1 57 4
14 14 57 1
18 18 68 3
1 1 1202 3
9 12 671 13
9 9 671 1
0 14 1398 1
0 0 1398 12
19 19 466 18
15 8 1386 13
15 15 1386 11
1 18 648 5
1 1 648 4
19 19 579 11
2 2 274 1
3 3 87 12
8 12 1355 9
8 8 1355 1
4 17 420 1
4 4 420 16
16 12 474 12
16 16 474 3
0 0 1027 4
6 15 709 12
6 6 709 10
5 5 798 1
12 12 110 2
2 2 52 2
6 12 596 7
6 6 596 4
9 16 1188 13
9 9 1188 2
6 6 999 5
12 1 332 11
12 12 332 3
14 14 774 1
18 18 1213 5
11 17 12 12
11 11 12 1
2 0 713 2
2 2 713 6
6 6 769 2
11 7 157 14
11 11 157 3
16 17 1281 9
16 16 1281 2
12 7 434 10
12 12 434 2
2 15 1324 12
2 2 1324 7
8 8 997 1
11 3 234 7
11 11 234 9
2 2 1247 4
4 4 625 3
8 12 628 8
8 8 628 3
6 9 35 10
6 6 35 3
11 17 379 8
11 11 379 2
17 17 1018 1
13 6 1193 1
13 13 1193 11
0 7 200 10
0 0 200 15
11 11 456 2
16 16 1214 4
8 8 289 1
0 11 187 11
0 0 187 8
17 17 693 15
4 5 949 7
4 4 949 8
3 3 1306 1
13 6 897 13
13 13 897 1
12 16 1236 2
12 12 1236 1
1 0 1389 5
1 1 1389 3
6 6 1226 8
8 8 31 1
7 14 1363 13
7 7 1363 7
12 9 1195 3
12 12 1195 7
17 5 471 14
17 17 471 6
19 3 385 8
19 19 385 7
1 1 1182 1
9 6 699 5
9 9 699 3
10 14 1348 9
10 10 1348 4
1 1 891 3
9 9 1289 1
15 6 1358 4
15 15 1358 1
2 2 327 2
19 15 607 6
19 19 607 1
6 7 1415 10
7 19 1158 2
7 7 1158 5
16 14 439 5
16 16 439 5
18 16 733 3
18 18 733 7
8 14 1383 6
8 8 1383 2
6 3 1302 14
6 6 1302 1
14 7 1227 5
14 14 1227 1
1 9 438 6
1 1 438 2
0 2 1263 10
0 0 1263 1
15 11 1181 12
15 15 1181 9
16 16 85 4
19 19 1238 16
8 2 1093 12
8 8 1093 2
7 7 265 3
9 9 1216 10
17 17 1289 1
15 15 770 2
1 1 336 1
6 6 963 2
12 4 368 2
12 12 368 2
0 7 360 7
0 0 360 6
16 7 898 8
16 16 898 3
2 9 1409 4
2 2 1409 4
18 18 1072 12
12 12 598 1
15 6 593 13
15 15 593 10
12 7 549 2
12 12 549 5
2 2 1187 2
6 18 15 14
6 6 15 6
12 15 1118 9
12 12 1118 4
15 6 375 6
15 15 375 5
6 6 414 1
7 11 1011 12
7 7 1011 2
17 17 631 11
18 9 456 14
18 18 456 7
17 14 512 8
17 17 512 1
15 9 21 9
15 15 21 1
4 3 794 4
4 4 794 7
8 8 477 5
12 19 1129 10
12 12 1129 12
19 19 191 2
5 5 496 4
8 8 428 6
11 12 1151 7
11 11 1151 3
14 4 70 14
14 14 70 5
1 12 933 10
1 1 933 2
18 12 125 14
18 18 125 35
8 16 59 10
8 8 59 4
12 5 1359 11
12 12 1359 5
1 14 1274 10
1 1 1274 8
5 2 658 10
5 5 658 1
11 7 1373 3
11 11 1373 2
14 5 352 3
14 14 352 5
17 17 76 13
2 19 440 13
2 2 440 3
14 14 275 2
1 1 752 31
5 17 1176 8
5 5 1176 1
6 6 1379 17
5 5 948 4
11 11 571 3
7 7 1258 3
1 15 609 12
1 1 609 3
18 18 705 2
8 13 1283 6
8 8 1283 7
19 19 1157 3
1 1 402 1
10 10 576 6
11 16 793 11
11 11 793 10
17 17 1380 16
15 15 1265 2
19 19 966 11
8 14 1121 9
8 8 1121 6
14 1 1083 7
14 14 1083 5
16 16 192 3
6 6 943 8
7 0 386 1
7 7 386 2
16 3 863 6
16 16 863 4
0 0 372 2
10 10 309 4
11 0 84 1
11 11 84 15
16 16 1338 3
12 3 491 1
12 12 491 6
11 8 165 1
11 11 165 6
14 19 487 10
14 14 487 8
17 17 1184 11
0 8 402 2
0 0 402 16
7 5 817 5
7 7 817 13
10 2 23 8
10 10 23 1
17 17 817 3
3 3 918 1
18 0 413 5
18 18 413 8
0 7 176 9
0 0 176 3
4 4 728 2
8 2 667 1
8 8 667 7
4 2 879 8
4 4 879 3
7 4 612 7
7 7 612 9
17 16 381 6
17 17 381 6
8 6 72 11
8 8 72 4
9 17 785 2
9 9 785 4
7 6 1290 11
7 7 1290 6
14 3 406 10
14 14 406 2
1 1 1365 4
12 7 1395 12
12 12 1395 5
2 10 493 7
2 2 493 4
8 8 166 1
14 4 380 2
14 14 380 3
17 17 40 3
18 18 771 1
10 18 1263 10
10 10 1263 5
4 4 449 23
5 5 936 2
13 6 397 14
13 13 397 9
14 16 670 13
14 14 670 5
9 18 1342 4
9 9 1342 1
12 15 75 3
12 12 75 2
2 10 81 12
2 2 81 8
13 0 367 14
13 13 367 1
19 19 994 16
3 19 425 8
3 3 425 9
8 6 1053 6
8 8 1053 12
15 15 890 1
16 3 812 8
16 16 812 10
2 1 883 3
2 2 883 2
10 4 326 13
10 10 326 2
11 7 995 3
11 11 995 3
15 11 1003 1
15 15 1003 2
16 3 1318 9
16 16 1318 4
14 19 1329 1
14 14 1329 5
3 2 724 5
3 3 724 8
6 6 181 5
3 9 869 8
3 3 869 2
7 7 789 6
15 19 318 4
15 15 318 3
2 1 1131 11
2 2 1131 1
8 8 552 1
7 16 938 4
7 7 938 2
11 11 431 3
5 5 133 5
8 8 695 2
6 6 358 3
9 9 194 6
13 4 1126 2
13 13 1126 4
5 5 423 6
11 15 1078 11
11 11 1078 8
11 17 1159 10
11 11 1159 2
14 2 62 3
14 14 62 8
0 0 728 8
17 17 123 10
18 18 980 2
2 2 497 9
1 11 1058 9
1 1 1058 11
10 10 1328 10
15 15 1397 1
16 1 317 13
16 16 317 2
2 2 352 1
4 4 278 11
5 5 635 6
7 18 1181 12
7 7 1181 4
13 2 32 13
13 13 32 2
1 19 568 7
1 1 568 5
0 0 1429 3
19 19 691 2
8 8 1356 3
2 5 130 3
2 2 130 1
3 3 231 5
14 3 1233 10
14 14 1233 7
13 13 258 2
0 13 1203 1
0 0 1203 1
19 19 913 5
10 19 536 12
10 10 536 5
9 9 1195 3
14 14 1088 5
15 17 809 5
15 15 809 1
14 3 916 9
14 14 916 2
19 19 1322 3
18 18 1323 14
2 3 932 8
2 2 932 29
19 19 1022 11
14 18 775 3
14 14 775 1
1 1 228 4
18 18 1210 3
8 14 1160 1
8 8 1160 5
10 10 378 7
6 6 774 12
7 7 91 4
5 1 4 11
5 5 4 6
15 11 636 7
15 15 636 3
8 12 998 12
8 8 998 1
17 3 872 7
17 17 872 3
3 3 833 15
9 5 284 8
9 9 284 10
11 4 378 9
11 11 378 1
12 18 657 3
12 12 657 1
3 18 1006 13
3 3 1006 5
7 3 910 14
7 7 910 6
17 17 906 16
15 13 387 7
15 15 387 4
9 15 254 10
9 9 254 5
12 0 1015 4
12 12 1015 4
18 18 372 5
0 13 791 7
0 0 791 6
5 5 10 2
8 8 290 10
7 10 684 13
7 7 684 4
3 3 1309 1
12 17 1237 6
12 12 1237 1
13 13 1388 6
18 18 22 1
19 12 275 5
19 19 275 3
11 11 1112 10
0 10 676 6
0 0 676 4
1 1 1181 1
5 0 701 9
5 5 701 5
17 4 103 2
17 17 103 5
18 18 824 16
0 1 1363 2
0 0 1363 2
19 19 497 9
15 15 1353 2
2 2 324 3
5 4 1187 13
5 5 1187 11
4 4 266 3
19 19 719 2
6 6 1303 11
10 13 730 9
10 10 730 4
13 12 469 1
13 13 469 8
14 14 598 4
19 1 1128 9
19 19 1128 7
2 10 102 10
2 2 102 4
6 6 678 18
14 11 58 10
14 14 58 4
14 14 1197 3
13 4 294 13
13 13 294 3
2 9 25 4
2 2 25 5
3 3 336 15
14 6 1116 7
14 14 1116 6
1 1 343 2
18 15 1295 3
18 18 1295 9
3 17 481 1
3 3 481 5
7 7 409 4
10 4 399 11
10 10 399 8
9 2 1104 8
9 9 1104 29
2 13 827 14
2 2 827 7
14 5 12 14
14 14 12 2
0 0 280 24
1 12 113 4
1 1 113 4
2 16 682 2
2 2 682 1
10 10 225 7
12 9 599 14
12 12 599 1
17 9 1211 5
17 17 1211 5
16 8 530 14
16 16 530 1
0 0 439 2
3 3 812 8
10 10 112 5
17 12 852 1
17 17 852 6
6 16 12 9
6 6 12 3
7 3 861 6
7 7 861 1
11 19 358 7
11 11 358 16
17 17 997 13
15 4 374 13
15 15 374 1
6 15 415 13
6 6 415 7
7 7 1010 1
12 11 772 10
12 12 772 3
4 4 884 10
3 3 1115 1
13 12 706 11
13 13 706 8
7 8 656 3
7 7 656 6
19 19 190 1
1 1 932 1
0 0 529 2
11 19 1231 7
11 11 1231 2
14 14 502 2
6 6 1094 8
5 8 657 2
5 5 657 1
11 2 1372 5
11 11 1372 1
13 13 134 3
5 14 546 1
5 5 546 5
7 6 1108 7
7 7 1108 2
10 3 1224 13
10 10 1224 11
17 1 220 12
17 17 220 2
5 5 947 1
10 1 1066 3
10 10 1066 11
15 15 1091 1
1 19 401 10
1 1 401 1
14 14 1161 4
14 14 989 4
3 3 332 4
7 15 364 11
7 7 364 3
2 4 876 2
2 2 876 4
8 8 1265 1
11 18 966 14
11 11 966 3
15 5 918 7
15 15 918 2
2 5 654 8
2 2 654 2
6 2 206 9
6 6 206 15
11 19 164 6
11 11 164 1
2 4 1301 5
2 2 1301 11
3 14 776 2
3 3 776 13
8 17 958 1
8 8 958 4
7 16 816 6
7 7 816 1
11 14 309 5
11 11 309 13
13 11 1183 13
13 13 1183 7
16 16 653 3
7 7 833 3
13 8 1264 1
13 13 1264 4
2 14 1079 9
2 2 1079 1
7 7 982 3
13 14 1089 8
13 13 1089 3
15 15 325 20
9 4 54 8
9 9 54 2
15 19 104 10
15 15 104 3
19 15 109 3
19 19 109 3
1 8 1418 3
1 1 1418 2
11 9 1037 14
11 11 1037 1
13 14 631 2
13 13 631 8
14 8 176 1
14 14 176 2
19 19 218 3
5 7 467 4
5 5 467 3
11 1 1178 4
11 11 1178 2
1 16 896 6
1 1 896 3
0 0 765 1
10 10 1418 4
12 3 1388 6
12 12 1388 7
8 6 167 14
8 8 167 10
2 2 413 8
1 1 1142 4
4 4 307 2
5 5 518 4
13 0 59 11
13 13 59 2
5 5 1275 2
11 11 550 2
7 3 1225 8
7 7 1225 1
13 19 396 8
13 13 396 1
1 1 588 2
13 15 285 1
13 13 285 4
11 5 772 9
11 11 772 6
14 0 1191 11
14 14 1191 6
2 16 961 2
2 2 961 1
10 10 500 1
12 11 170 5
12 12 170 2
1 16 159 3
1 1 159 1
2 2 880 3
11 10 994 5
11 11 994 1
1 14 8 11
1 1 8 2
3 3 582 13
10 11 214 8
10 10 214 11
14 14 1334 1
9 17 406 4
9 9 406 11
11 5 192 4
11 11 192 6
16 16 602 4
2 2 1273 2
8 8 602 1
4 13 1227 12
4 4 1227 23
9 9 487 4
7 9 788 9
7 7 788 1
10 14 8 3
10 10 8 13
11 11 337 1
12 12 750 4
16 16 745 2
0 0 238 7
3 3 1013 10
8 8 553 4
11 12 430 4
11 11 430 1
17 17 941 5
13 6 697 12
13 13 697 3
13 13 1125 1
9 12 82 9
9 9 82 6
18 2 160 11
18 18 160 6
5 2 422 14
5 5 422 1
17 17 344 12
18 18 51 1
6 4 1260 4
6 6 1260 2
12 12 1153 1
14 11 1134 7
14 14 1134 2
8 3 244 2
8 8 244 6
13 4 893 5
13 13 893 4
15 15 247 8
7 7 1039 6
2 18 353 4
2 2 353 5
10 0 852 5
10 10 852 7
9 9 639 9
17 7 164 12
17 17 164 7
18 3 759 12
18 18 759 10
2 2 131 3
19 19 803 7
5 5 796 2
11 13 723 3
11 11 723 8
13 18 257 10
13 13 257 1
1 10 473 3
1 1 473 3
0 0 1204 1
7 15 295 13
7 7 295 2
15 6 808 1
15 15 808 1
19 19 1325 5
1 1 330 3
3 17 388 13
3 3 388 5
7 0 436 5
7 7 436 8
1 9 251 9
1 1 251 3
6 6 884 1
11 16 14 12
11 11 14 4
2 4 711 2
2 2 711 2
16 16 1283 8
17 17 1246 10
15 17 639 6
15 15 639 3
2 2 630 1
8 8 999 2
2 13 1416 9
2 2 1416 6
7 18 235 8
7 7 235 5
10 10 93 5
4 4 1199 1
9 9 259 1
10 11 44 6
10 10 44 7
11 19 381 1
11 11 381 12
16 8 1057 8
16 16 1057 2
12 12 658 1
3 3 977 10
8 7 709 8
8 8 709 10
6 1 432 10
6 6 432 9
11 7 458 5
11 11 458 2
9 9 702 4
0 16 472 7
0 0 472 5
13 13 558 8
14 14 249 5
8 3 434 12
8 8 434 7
12 2 1238 5
12 12 1238 1
17 17 324 20
18 4 23 2
18 18 23 1
0 5 566 6
0 0 566 10
12 12 1189 6
18 12 934 11
18 18 934 1
6 6 1115 2
11 3 1331 9
11 11 1331 1
17 17 102 1
19 19 496 1
7 17 1139 11
7 7 1139 10
18 18 840 9
13 13 67 3
5 2 1075 13
5 5 1075 4
8 5 1385 10
8 8 1385 1
4 4 410 2
19 19 831 3
10 10 682 5
1 1 293 5
8 5 1095 1
8 8 1095 16
6 16 566 5
6 6 566 3
15 18 780 11
15 15 780 3
1 6 342 1
1 1 342 1
2 11 905 5
2 2 905 10
12 7 370 8
12 12 370 1
15 15 957 2
18 14 1183 14
18 18 1183 10
8 17 1189 6
8 8 1189 6
7 5 41 10
7 7 41 10
1 7 112 13
1 1 112 1
2 13 683 13
2 2 683 3
3 3 670 9
16 19 1391 13
16 16 1391 1
16 16 531 1
18 18 1089 5
7 7 207 1
15 15 364 10
9 19 136 2
9 9 136 5
6 6 303 6
13 18 705 3
13 13 705 1
18 19 345 1
18 18 345 5
3 3 1259 4
13 4 594 14
13 13 594 3
17 17 663 9
19 7 193 14
19 19 193 1
11 11 1137 1
12 12 1274 13
13 12 820 9
13 13 820 3
11 11 1375 12
5 11 545 5
5 5 545 1
14 19 273 5
14 14 273 2
3 6 0 3
3 3 0 16
10 2 876 9
10 10 876 8
16 16 405 1
2 6 216 12
2 2 216 1
10 16 767 13
10 10 767 6
15 1 1090 3
15 15 1090 1
16 16 36 1
15 8 1267 10
15 15 1267 4
7 7 367 8
13 13 1376 7
1 1 178 26
5 5 1370 17
8 3 1266 12
8 8 1266 11
11 16 1017 6
11 11 1017 3
16 12 849 12
16 16 849 1
0 0 374 2
2 7 796 2
2 2 796 4
7 7 13 7
10 15 307 14
10 10 307 2
15 3 518 1
15 15 518 4
16 16 992 2
0 7 485 14
0 0 485 2
9 9 458 3
10 8 21 3
10 10 21 2
15 12 292 7
15 15 292 1
3 4 920 4
3 3 920 4
4 4 730 1
3 18 1065 2
3 3 1065 5
6 6 376 4
7 11 977 1
7 7 977 5
5 14 48 5
5 5 48 3
15 18 107 13
15 15 107 5
5 18 65 6
5 5 65 9
8 8 507 10
17 17 371 5
0 0 591 6
19 6 221 10
19 19 221 6
3 16 1364 8
3 3 1364 13
12 12 1182 1
0 0 766 3
5 5 355 3
8 8 217 7
13 16 856 11
13 13 856 16
14 9 467 4
14 14 467 6
6 6 1059 3
9 6 753 8
9 9 753 3
1 5 673 14
1 1 673 17
18 18 769 2
0 0 1308 2
4 0 316 7
4 4 316 6
10 10 945 23
7 3 1211 1
7 7 1211 4
10 10 1261 2
14 14 749 20
2 2 269 5
11 8 601 4
11 11 601 2
7 6 1224 10
7 7 1224 1
5 5 1035 3
10 10 659 1
15 0 1190 14
15 15 1190 2
16 7 0 13
16 16 0 9
3 8 282 5
3 3 282 3
10 18 610 2
10 10 610 1
14 1 1130 3
14 14 1130 2
13 12 365 6
13 13 365 2
2 2 990 3
5 5 1325 10
7 18 339 11
7 7 339 10
10 19 501 7
10 10 501 4
9 2 1054 13
9 9 1054 5
18 18 1364 11
7 9 480 11
7 7 480 13
12 12 314 10
0 0 338 8
1 1 15 3
2 18 736 4
2 2 736 1
12 0 393 8
12 12 393 8
17 17 1265 6
15 6 538 4
15 15 538 2
6 6 171 3
9 1 405 12
9 9 405 1
2 5 514 8
2 2 514 5
3 2 871 9
3 3 871 8
8 3 603 13
8 8 603 2
17 17 787 2
9 9 375 2
7 7 932 4
8 11 697 6
8 8 697 6
13 10 696 13
13 13 696 1
19 19 27 9
5 5 20 6
13 2 521 7
13 13 521 3
14 8 226 2
14 14 226 8
15 17 79 13
15 15 79 5
7 7 731 4
13 10 1350 13
13 13 1350 3
19 19 249 8
12 12 1154 2
17 18 488 8
17 17 488 14
12 0 1297 11
12 12 1297 4
2 2 463 17
13 16 205 13
13 13 205 5
16 16 319 2
1 14 653 11
1 1 653 4
5 8 633 7
5 5 633 2
9 9 638 1
1 3 574 5
1 1 574 11
19 13 693 8
19 19 693 5
5 1 1246 8
5 5 1246 3
10 10 1040 4
16 16 477 2
1 1 431 7
2 14 128 1
2 2 128 2
6 6 696 6
11 11 722 1
18 18 1430 5
0 0 1205 3
6 13 587 13
6 6 587 2
11 17 803 2
11 11 803 8
15 15 811 2
5 5 1281 4
6 6 986 2
10 17 489 13
10 10 489 10
9 5 1082 13
9 9 1082 13
12 12 335 9
1 1 250 1
6 11 885 10
6 6 885 14
14 14 1376 1
16 9 921 8
16 16 921 16
1 5 107 12
1 1 107 4
0 0 31 2
14 16 1299 8
14 14 1299 8
18 18 1114 1
2 11 631 1
2 2 631 3
15 2 751 13
15 15 751 5
4 17 636 6
4 4 636 3
8 8 631 4
6 6 38 12
12 6 659 13
12 12 659 1
13 2 1190 5
13 13 1190 3
2 0 1101 9
2 2 1101 4
4 7 515 4
4 4 515 3
16 16 1201 2
0 16 890 12
0 0 890 3
3 19 1121 4
3 3 1121 16
8 15 341 4
8 8 341 8
17 19 537 1
17 17 537 6
13 17 1416 14
13 13 1416 5
4 0 801 1
4 4 801 20
3 5 1166 6
3 3 1166 7
13 13 557 1
14 19 254 3
14 14 254 6
0 7 920 12
0 0 920 1
3 3 1311 5
12 6 1239 14
12 12 1239 5
13 5 1386 7
13 13 1386 2
6 6 1225 1
5 16 298 6
5 5 298 4
9 9 815 3
13 5 783 13
13 13 783 6
18 18 935 8
4 4 214 4
11 11 1330 1
14 5 395 9
14 14 395 2
17 7 101 10
17 17 101 1
1 0 888 5
1 1 888 3
18 18 822 1
0 0 1365 2
15 18 1355 6
15 15 1355 3
14 14 314 1
2 12 322 13
2 2 322 1
19 9 608 4
19 19 608 22
7 17 1155 13
7 7 1155 3
10 6 1189 7
10 10 1189 9
13 6 66 4
13 13 66 1
14 17 1269 2
14 14 1269 3
19 11 721 1
19 19 721 38
8 13 1386 2
8 8 1386 1
6 6 1301 1
15 4 1129 9
15 15 1129 6
0 15 1250 6
0 0 1250 8
6 1 676 14
6 6 676 2
14 18 1203 10
14 14 1203 2
0 12 1169 13
0 0 1169 1
19 5 943 4
19 19 943 11
11 11 847 2
15 17 783 6
15 15 783 3
2 12 902 7
2 2 902 3
12 19 371 7
12 12 371 4
18 18 1180 3
3 3 624 5
16 12 901 12
16 16 901 1
2 11 680 5
2 2 680 2
7 7 185 15
10 15 239 8
10 10 239 3
16 18 532 13
16 16 532 2
0 17 393 7
0 0 393 3
7 12 206 2
7 7 206 1
0 0 215 1
7 7 1004 4
3 0 1117 6
3 3 1117 4
8 19 369 7
8 8 369 5
15 3 22 6
15 15 22 3
3 18 1258 10
3 3 1258 1
14 14 218 3
13 13 1341 9
18 0 233 12
18 18 233 10
15 9 129 2
15 15 129 8
11 16 1136 10
11 11 1136 1
18 18 120 5
0 0 531 3
6 10 1205 6
6 6 1205 6
3 3 1416 8
12 12 1027 5
17 17 432 8
19 19 414 9
4 4 202 12
11 11 937 2
18 18 794 1
2 11 439 4
2 2 439 1
4 2 345 13
4 4 345 9
7 5 1110 7
7 7 1110 3
10 10 1270 2
5 3 1157 6
5 5 1157 3
16 15 406 9
16 16 406 5
14 17 641 13
14 14 641 9
2 17 217 5
2 2 217 3
6 6 753 6
10 10 1064 2
13 11 503 2
13 13 503 1
16 15 37 7
16 16 37 2
2 19 72 3
2 2 72 1
14 5 931 5
14 14 931 3
16 18 195 14
16 16 195 1
18 18 1393 5
16 15 850 1
16 16 850 2
8 12 834 6
8 8 834 6
16 11 1341 10
16 16 1341 1
12 12 486 5
18 18 1043 5
16 16 1356 2
15 13 694 6
15 15 694 6
9 8 457 4
9 9 457 1
0 13 4 9
0 0 4 4
4 11 564 10
4 4 564 10
0 15 179 1
0 0 179 2
4 16 731 6
4 4 731 6
13 9 659 13
13 13 659 18
12 10 810 6
12 12 810 13
0 0 802 3
9 7 52 9
9 9 52 2
5 5 64 1
11 11 1039 3
7 7 758 7
12 3 1032 2
12 12 1032 13
15 1 155 5
15 15 155 2
18 18 205 4
0 4 576 6
0 0 576 6
11 11 1180 3
14 1 33 6
14 14 33 4
5 5 354 1
9 9 871 6
17 8 412 3
17 17 412 7
1 9 823 14
1 1 823 2
4 19 174 9
4 4 174 28
9 7 752 6
9 9 752 1
15 15 1298 10
14 4 323 9
14 14 323 2
17 17 45 3
19 19 555 2
1 16 721 12
1 1 721 13
3 15 127 10
3 3 127 1
6 6 1346 3
13 14 394 8
13 13 394 2
16 16 498 30
6 6 733 3
10 10 656 3
12 12 70 5
3 2 285 7
3 3 285 1
10 8 611 9
10 10 611 5
9 14 1164 14
9 9 1164 16
15 10 1238 8
15 15 1238 4
16 16 144 4
14 14 1050 1
6 6 910 8
10 5 325 7
10 10 325 1
2 12 737 7
2 2 737 3
10 7 212 14
10 10 212 2
15 15 613 1
2 0 656 13
2 2 656 11
10 18 167 5
10 10 167 9
0 17 237 8
0 0 237 1
12 12 744 6
16 16 747 5
15 19 424 4
15 15 424 4
2 1 1049 5
2 2 1049 3
13 13 695 1
15 15 473 4
4 16 846 6
4 4 846 1
3 9 1173 7
3 3 1173 39
15 15 78 1
19 19 139 10
9 9 929 9
15 9 255 4
15 15 255 1
8 18 103 13
8 8 103 2
9 9 818 5
15 12 1398 11
15 15 1398 18
16 16 304 1
1 1 652 1
5 16 632 13
5 5 632 1
1 1 573 1
2 9 238 2
2 2 238 1
5 11 1245 3
5 5 1245 1
8 8 1359 5
6 7 1326 4
6 6 1326 1
11 15 580 8
11 11 580 3
14 14 633 8
1 1 430 1
0 0 1031 2
5 14 794 3
5 5 794 2
14 14 1000 7
19 19 1214 5
15 15 810 1
15 12 1169 2
15 15 1169 1
9 15 1081 2
9 9 1081 1
16 1 779 7
16 16 779 1
14 14 778 1
14 14 1377 3
17 10 1091 2
17 17 1091 3
8 8 794 1
11 1 145 1
11 11 145 12
14 14 1296 3
18 18 1115 8
12 11 1325 5
12 12 1325 2
12 9 573 8
12 12 573 5
2 2 1243 4
16 16 1059 2
11 9 460 1
11 11 460 7
13 10 1078 10
13 13 1078 11
6 11 321 1
6 6 321 22
9 9 227 12
13 18 731 1
13 13 731 6
12 12 1010 5
5 5 119 4
13 13 556 1
17 9 681 9
17 17 681 7
0 0 921 11
3 3 1310 1
11 11 1111 1
13 12 1385 2
13 13 1385 1
14 19 25 11
14 14 25 8
1 15 895 3
1 1 895 1
18 18 823 1
10 10 999 2
10 5 1235 1
10 10 1235 11
14 14 315 3
17 17 245 6
2 2 323 1
7 7 1154 1
13 1 65 11
13 13 65 1
8 3 1387 4
8 8 1387 7
11 11 608 16
10 10 1077 5
1 5 394 10
1 1 394 7
11 16 753 14
11 11 753 1
14 15 1200 3
14 14 1200 3
16 4 73 3
16 16 73 6
0 7 1170 5
0 0 1170 3
14 14 887 8
11 11 1242 3
16 19 887 5
16 16 887 11
17 17 1071 14
16 16 902 15
18 18 1068 1
11 11 189 3
12 12 594 2
10 16 127 13
10 10 127 9
0 0 57 1
4 18 593 7
4 4 593 3
8 6 532 3
8 8 532 7
6 6 3 1
7 7 862 3
16 8 1182 2
16 16 1182 4
12 12 775 6
3 3 1116 1
9 16 31 8
9 9 31 1
2 7 1371 8
2 2 1371 1
17 17 661 2
13 13 1340 1
12 16 1268 13
12 12 1268 3
6 6 1194 2
8 5 63 12
8 8 63 1
0 12 643 11
0 0 643 6
15 7 1337 12
15 15 1337 8
18 19 795 8
18 18 795 12
0 1 1330 6
0 0 1330 2
7 18 1105 10
7 7 1105 3
13 16 20 7
13 13 20 8
14 14 279 2
2 2 295 10
19 12 639 5
19 19 639 5
5 10 1156 14
5 5 1156 1
7 18 1254 14
7 7 1254 4
5 2 1045 7
5 5 1045 3
10 9 765 12
10 10 765 2
2 2 73 8
13 13 327 7
19 10 1270 14
19 19 1270 8
5 18 1335 11
5 5 1335 4
7 9 361 14
7 7 361 3
10 10 479 10
11 17 874 1
11 11 874 2
16 17 196 3
16 16 196 6
2 2 875 1
9 15 1137 2
9 9 1137 3
16 15 1342 11
16 16 1342 8
15 19 512 1
15 15 512 6
16 11 994 4
16 16 994 5
0 0 487 7
1 16 82 1
1 1 82 6
4 15 1091 8
4 4 1091 3
12 6 630 2
12 12 630 6
2 3 1296 11
2 2 1296 1
6 19 92 3
6 6 92 9
9 9 456 1
2 10 275 3
2 2 275 4
6 6 495 16
17 7 966 11
17 17 966 10
2 2 1074 5
6 0 382 14
6 6 382 6
16 13 1274 12
16 16 1274 2
15 11 452 4
15 15 452 5
18 18 296 8
5 9 62 13
5 5 62 2
9 5 59 5
9 9 59 3
7 15 608 6
7 7 608 4
13 12 739 1
13 13 739 19
15 15 117 4
5 5 79 1
11 18 1038 10
11 11 1038 1
13 3 628 5
13 13 628 3
14 14 183 3
15 18 154 12
15 15 154 1
1 1 1336 11
8 3 76 11
8 8 76 5
11 16 1183 14
11 11 1183 7
1 1 901 3
0 0 752 13
4 16 24 12
4 4 24 1
19 19 445 8
11 3 1405 11
11 11 1405 7
7 5 1060 12
7 7 1060 17
2 5 408 3
2 2 408 2
2 3 267 5
2 2 267 2
8 16 1364 4
8 8 1364 3
11 11 603 3
7 2 1226 13
7 7 1226 3
18 18 545 13
8 12 1315 5
8 8 1315 4
14 0 525 6
14 14 525 6
2 2 45 7
9 9 1203 13
13 2 363 12
13 13 363 2
10 10 499 1
12 6 165 4
12 12 165 5
2 2 847 2
3 19 570 4
3 3 570 5
9 11 1133 4
9 9 1133 4
15 12 1015 9
15 15 1015 6
1 16 13 11
1 1 13 2
2 14 766 10
2 2 766 3
11 19 778 1
11 11 778 3
8 8 895 1
16 9 1306 4
16 16 1306 1
17 17 1271 1
6 6 169 2
13 5 376 8
13 13 376 1
17 13 1152 14
17 17 1152 6
8 8 605 4
10 18 55 13
10 10 55 2
11 8 338 14
11 11 338 4
17 17 785 2
16 16 1111 7
13 19 1041 13
13 13 1041 13
4 4 696 9
15 12 472 1
15 15 472 1
4 10 847 14
4 4 847 3
8 8 266 9
11 12 1025 2
11 11 1025 2
14 14 224 2
17 4 716 8
17 17 716 13
19 19 138 1
5 5 419 3
1 17 1205 13
1 1 1205 5
13 6 890 9
13 13 890 3
5 5 500 5
1 1 786 6
2 12 461 2
2 2 461 2
5 5 726 5
13 12 203 13
13 13 203 1
16 13 305 9
16 16 305 7
14 14 348 1
10 10 1167 3
13 13 92 16
17 17 153 3
2 16 239 6
2 2 239 12
6 6 1327 1
11 9 583 6
11 11 583 4
16 16 479 10
19 19 1104 2
6 2 702 9
6 6 702 2
9 0 1374 10
9 9 1374 15
18 3 1428 3
18 18 1428 2
10 4 516 2
10 10 516 6
12 12 250 12
2 1 928 7
2 2 928 4
3 3 393 21
10 6 407 3
10 10 407 1
16 16 780 6
14 14 779 1
12 12 472 1
0 9 304 6
0 0 304 8
2 1 706 2
2 2 706 5
3 3 679 2
8 8 795 7
7 7 87 4
12 12 431 3
16 19 554 1
16 16 554 1
2 16 1321 11
2 2 1321 3
2 18 629 8
2 2 629 1
3 3 820 6
8 8 1002 2
17 19 1021 1
17 17 1021 8
15 15 286 6
9 17 145 14
9 9 145 9
7 7 906 2
16 18 1203 7
16 16 1203 4
18 2 481 2
18 18 481 5
7 3 539 11
7 7 539 9
6 6 1218 1
16 8 1218 13
16 16 1218 2
17 17 543 3
15 15 173 5
9 9 988 8
14 1 111 6
14 14 111 9
0 17 521 11
0 0 521 6
9 4 813 12
9 9 813 2
11 14 1332 3
11 11 1332 4
15 18 1316 7
15 15 1316 2
1 8 894 8
1 1 894 1
0 7 1367 5
0 0 1367 4
13 13 166 9
5 9 714 4
5 5 714 6
12 3 1414 10
12 12 1414 6
1 1 751 1
17 17 133 15
5 5 1072 3
10 4 710 10
10 10 710 20
14 7 602 5
14 14 602 2
18 5 617 1
18 18 617 5
13 13 290 4
14 17 965 11
14 14 965 14
6 18 565 5
6 6 565 1
12 12 158 1
16 7 217 2
16 16 217 1
7 5 405 12
7 7 405 4
11 6 990 9
11 11 990 3
6 6 855 15
10 10 282 1
1 1 117 5
18 5 1069 14
18 18 1069 3
4 4 1128 1
16 16 534 8
2 14 601 3
2 2 601 5
8 1 902 9
8 8 902 9
6 6 113 4
7 4 200 14
7 7 200 6
11 11 269 13
15 8 717 10
15 15 717 4
0 0 58 7
12 12 689 28
0 0 169 7
4 4 737 1
8 8 740 5
9 3 141 11
9 9 141 4
9 9 30 1
7 7 639 2
17 17 763 5
4 4 775 7
13 4 392 7
13 13 392 2
14 2 216 4
14 14 216 1
13 11 1339 7
13 13 1339 1
19 19 194 2
8 8 81 3
11 9 1138 14
11 11 1138 3
14 8 75 9
14 14 75 1
18 18 118 1
8 3 32 3
8 8 32 8
1 1 809 3
11 1 660 2
11 11 660 2
9 9 730 2
15 15 1336 1
14 19 357 8
14 14 357 15
18 18 792 2
1 10 1134 5
1 1 1134 3
10 10 1268 2
13 8 19 12
13 13 19 1
16 16 377 2
2 2 292 3
5 5 1155 1
11 11 574 3
1 1 612 5
18 18 570 1
2 2 215 1
6 6 759 1
10 14 762 7
10 10 762 1
11 11 655 4
16 2 39 2
16 16 39 1
19 19 1160 28
15 0 469 12
15 15 469 1
3 3 291 2
3 11 1090 3
3 3 1090 1
14 14 1165 4
13 18 326 9
13 13 326 1
2 0 1017 14
2 2 1017 6
10 10 476 1
15 5 877 14
15 15 877 2
14 10 848 11
14 14 848 5
2 2 872 3
3 3 449 9
6 6 928 6
16 16 852 3
1 1 32 7
2 5 795 3
2 2 795 1
14 15 1374 1
14 14 1374 2
16 16 1358 9
2 9 1297 5
2 2 1297 4
17 17 820 13
3 3 925 2
12 12 853 8
0 0 181 1
8 8 640 4
17 1 598 14
17 17 598 9
9 16 58 11
9 9 58 1
0 14 979 8
0 0 979 1
9 9 907 9
13 18 627 5
13 13 627 1
5 5 411 6
4 4 25 14
13 7 853 9
13 13 853 3
12 12 1384 2
19 19 444 1
6 6 1062 5
15 10 1308 6
15 15 1308 8
17 12 35 7
17 17 35 5
19 19 557 2
16 17 357 14
16 16 357 1
10 10 783 11
15 15 1074 3
13 7 308 5
13 13 308 6
19 19 779 1
19 4 1188 11
19 19 1188 9
7 9 319 12
7 7 319 3
10 10 609 1
14 3 1048 13
14 14 1048 2
19 19 1410 6
18 18 1363 1
2 13 844 12
2 2 844 3
6 6 908 2
11 11 998 6
8 1 864 1
8 8 864 3
10 10 210 2
11 11 119 6
16 16 1307 11
0 1 452 11
0 0 452 3
8 9 975 12
8 8 975 5
6 6 174 7
16 14 606 10
16 16 606 6
2 2 1269 4
9 15 491 12
9 9 491 4
10 0 52 5
10 10 52 3
0 5 226 14
0 0 226 10
8 8 557 5
6 6 456 5
16 17 1096 13
16 16 1096 5
6 6 347 6
7 7 566 3
13 10 1121 9
13 13 1121 4
5 5 17 3
13 13 518 3
3 3 1316 3
11 15 1069 5
11 11 1069 4
10 10 152 8
0 0 558 8
1 1 1307 5
4 15 110 7
4 4 110 4
8 14 105 1
8 8 105 12
11 18 1291 4
11 11 1291 21
13 9 889 11
13 13 889 1
12 12 1292 5
14 2 349 3
14 14 349 3
17 19 15 12
17 17 15 2
0 8 1288 4
0 0 1288 9
7 1 1176 5
7 7 1176 5
13 13 91 1
16 16 321 1
0 11 1130 1
0 0 1130 2
10 14 803 3
10 10 803 6
10 10 1055 3
15 15 1046 3
5 12 792 9
5 5 792 2
15 18 1159 5
15 15 1159 3
16 18 111 5
16 16 111 4
6 17 590 6
6 6 590 6
7 14 291 8
7 7 291 4
9 10 1198 8
9 9 1198 2
14 13 1093 10
14 14 1093 3
16 16 254 1
8 8 1086 2
12 12 330 2
15 19 933 3
15 15 933 4
14 14 776 2
8 8 1165 5
6 6 872 8
12 12 473 2
7 19 86 2
7 7 86 1
15 15 635 1
16 16 555 16
2 9 1241 5
2 2 1241 2
4 4 639 1
16 16 1061 12
12 12 654 3
2 6 1096 12
2 2 1096 5
13 13 1076 2
0 0 893 22
13 19 1413 14
13 13 1413 3
13 13 1383 2
19 19 278 4
5 11 279 9
5 5 279 1
8 19 5 5
8 8 5 1
11 17 1190 7
11 11 1190 3
6 5 1119 11
6 6 1119 4
15 15 1135 4
17 17 90 2
11 2 1412 10
11 11 1412 11
7 4 1135 13
7 7 1135 4
1 13 750 8
1 1 750 1
5 15 1198 9
5 5 1198 2
10 11 884 12
10 10 884 5
11 11 533 8
16 11 429 2
16 16 429 3
19 19 1135 4
18 18 614 3
5 5 892 4
10 8 598 11
10 10 598 2
13 13 289 1
9 9 1226 3
12 11 159 13
12 12 159 6
15 14 776 3
15 15 776 2
16 16 218 2
14 5 885 1
14 14 885 2
6 6 965 15
15 15 1180 1
15 15 953 4
0 0 366 1
3 0 629 4
3 3 629 3
6 6 852 3
10 10 283 8
11 10 46 5
11 11 46 3
12 12 509 10
8 4 824 10
8 8 824 2
4 19 1129 6
4 4 1129 2
10 10 234 5
15 18 607 7
15 15 607 3
0 0 396 5
2 10 598 11
2 2 598 3
11 17 268 9
11 11 268 1
11 6 413 9
11 11 413 17
15 19 381 11
15 15 381 6
4 1 738 14
4 4 738 20
3 2 1073 7
3 3 1073 13
15 5 482 11
15 15 482 3
0 0 857 18
9 9 29 1
4 8 768 9
4 4 768 7
3 10 1263 7
3 3 1263 15
9 9 110 9
5 5 418 1
14 13 217 3
14 14 217 1
0 6 615 13
0 0 615 18
5 5 506 12
11 11 1141 7
13 8 991 10
13 13 991 1
1 1 959 4
18 18 119 1
0 10 534 12
0 0 534 4
1 1 1347 3
13 17 816 4
13 13 816 4
2 19 434 10
2 2 434 2
1 9 1133 14
1 1 1133 1
13 12 18 7
13 13 18 1
14 10 277 5
14 14 277 2
4 5 491 5
4 4 491 14
18 18 571 26
9 1 1147 9
9 9 1147 5
10 10 763 2
15 11 1102 10
15 15 1102 8
16 16 24 2
0 18 1217 6
0 0 1217 6
3 9 290 4
3 3 290 1
12 1 44 3
12 12 44 1
13 12 325 5
13 13 325 1
16 6 183 3
16 16 183 2
14 18 934 12
14 14 934 1
2 3 1014 9
2 2 1014 3
8 8 1127 1
10 10 477 2
11 11 876 2
14 2 1429 4
14 14 1429 8
1 1 39 1
7 2 9 2
7 7 9 1
12 12 481 5
2 17 651 7
2 2 651 3
8 8 980 1
7 1 158 5
7 7 158 13
12 10 624 2
12 12 624 6
15 19 691 7
15 15 691 3
0 15 104 3
0 0 104 7
8 8 931 2
7 2 815 3
7 7 815 1
17 17 811 3
13 13 1178 5
2 2 1153 11
3 3 924 1
8 8 562 1
0 9 182 12
0 0 182 5
6 6 1108 7
6 9 380 1
6 6 380 1
16 2 1276 3
16 16 1276 2
0 18 805 2
0 0 805 5
12 13 442 11
12 12 442 2
5 11 60 6
5 5 60 2
13 13 737 2
9 9 676 10
0 0 980 4
19 4 112 9
19 19 112 2
11 1 1024 8
11 11 1024 1
13 6 626 12
13 13 626 1
17 17 256 5
19 19 334 5
13 3 852 1
13 13 852 1
17 2 401 12
17 17 401 3
2 1 487 6
2 2 487 6
13 15 165 4
13 13 165 1
17 17 34 1
16 16 358 2
17 7 179 3
17 17 179 8
19 19 669 22
10 13 1144 3
10 10 1144 14
15 6 1085 1
15 15 1085 1
3 3 241 5
6 6 720 7
14 15 1279 7
14 14 1279 5
14 14 531 6
2 1 43 9
2 2 43 2
3 3 286 4
10 10 622 4
12 12 208 8
11 11 904 6
15 6 832 8
15 15 832 15
14 18 813 11
14 14 813 9
1 4 146 3
1 1 146 13
8 18 1170 10
8 8 1170 2
15 0 1009 12
15 15 1009 6
2 7 764 5
2 2 764 2
14 14 1339 5
15 15 614 7
2 17 623 3
2 2 623 2
17 5 1158 10
17 17 1158 8
4 5 1200 3
4 4 1200 1
2 14 1125 7
2 2 1125 6
7 7 928 4
12 8 890 6
12 12 890 6
2 2 1044 1
18 14 266 9
18 18 266 1
0 10 769 4
0 0 769 1
13 14 517 6
13 13 517 1
15 6 75 12
15 15 75 3
5 5 417 1
13 13 918 22
12 4 1071 3
12 12 1071 1
9 9 823 1
10 5 1338 1
10 10 1338 10
2 7 378 14
2 2 378 7
16 16 322 3
17 17 159 5
18 18 752 7
8 6 1394 10
8 8 1394 3
10 7 800 4
10 10 800 3
10 12 1052 11
10 10 1052 3
19 19 1106 19
0 0 1050 1
10 0 691 11
10 10 691 6
12 12 101 2
14 3 1007 4
14 14 1007 11
19 0 1219 14
19 19 1219 2
1 13 476 1
1 1 476 10
3 0 378 11
3 3 378 10
14 1 1098 14
14 14 1098 12
16 16 255 2
14 11 926 11
14 14 926 1
1 19 333 7
1 1 333 3
11 6 948 4
11 11 948 5
1 1 254 12
2 6 849 3
2 2 849 10
7 19 448 9
7 7 448 9
14 3 1380 6
14 14 1380 6
1 6 111 2
1 1 111 1
18 18 1223 36
3 3 681 1
6 13 248 12
6 6 248 4
15 15 634 1
2 17 627 4
2 2 627 2
8 8 1004 3
9 9 437 7
15 12 747 3
15 15 747 4
0 0 80 4
4 4 632 4
8 4 635 12
8 8 635 5
7 7 887 19
15 15 280 6
11 11 449 4
16 16 1220 8
7 12 682 7
7 7 682 2
12 5 1148 5
12 12 1148 5
17 17 319 5
4 16 67 12
4 4 67 5
3 3 1424 7
8 16 6 3
8 8 6 8
13 13 779 4
12 12 1186 3
1 6 963 2
1 1 963 13
0 0 698 4
1 5 1175 7
1 1 1175 6
15 15 1318 3
17 17 89 1
10 10 1246 2
15 16 1367 8
15 15 1367 2
14 19 318 11
14 14 318 5
1 6 749 11
1 1 749 1
6 6 1406 9
5 17 601 11
5 5 601 17
3 3 184 4
15 14 1141 2
15 15 1141 7
2 13 96 12
2 2 96 1
19 19 834 2
6 6 1234 12
5 17 891 12
5 5 891 1
11 2 754 3
11 11 754 6
0 12 1173 9
0 0 1173 7
14 10 1062 2
14 14 1062 1
0 0 367 2
2 2 821 6
7 2 36 1
7 7 36 5
14 5 1344 8
14 14 1344 8
9 9 837 2
18 18 1067 1
6 6 228 3
4 12 1273 1
4 4 1273 1
3 1 931 1
3 3 931 4
7 17 859 10
7 7 859 2
15 15 380 1
4 10 882 9
4 4 882 1
12 12 913 8
0 19 969 13
0 0 969 1
19 19 87 1
8 17 452 12
8 8 452 3
17 17 650 4
13 0 1337 1
13 13 1337 2
19 13 196 7
19 19 196 20
5 2 505 14
5 5 505 1
9 4 1022 12
9 9 1022 15
12 12 1271 3
18 18 116 2
4 11 39 10
4 4 39 3
9 3 847 4
9 9 847 1
14 3 504 4
14 14 504 8
8 8 177 11
0 13 1333 8
0 0 1333 4
5 8 556 1
5 5 556 6
16 10 379 8
16 16 379 5
5 5 1153 2
5 0 957 13
5 5 957 9
10 19 1093 5
10 10 1093 5
8 1 1290 14
8 8 1290 2
11 17 641 4
11 11 641 2
14 18 564 3
14 14 564 1
3 3 293 6
12 18 45 7
12 12 45 18
13 2 324 3
13 13 324 1
14 14 935 3
3 16 434 10
3 3 434 6
8 8 1128 11
6 6 535 3
15 15 879 1
2 15 870 9
2 2 870 1
6 7 934 8
6 6 934 4
7 7 507 9
11 19 1020 13
11 11 1020 3
18 18 1276 5
6 10 817 14
6 6 817 23
2 2 1404 5
18 18 1039 4
8 19 981 8
8 8 981 2
10 10 143 5
15 15 690 1
2 2 571 8
6 6 83 4
9 9 461 9
7 13 814 9
7 7 814 1
16 16 643 2
4 4 560 4
3 8 927 8
3 3 927 3
8 14 563 7
8 8 563 4
6 6 381 1
9 0 175 6
9 9 175 1
7 7 972 3
13 10 655 13
13 13 655 4
17 17 596 2
13 13 1147 19
4 8 854 7
4 4 854 8
9 9 56 2
1 13 1420 13
1 1 1420 8
3 9 1226 3
3 3 1226 4
11 0 1027 8
11 11 1027 3
7 7 754 4
14 19 186 5
14 14 186 3
13 18 1373 2
13 13 1373 3
4 11 116 12
4 4 116 5
9 9 794 3
13 9 962 12
13 13 962 8
14 8 37 13
14 14 37 4
12 5 1386 5
12 12 1386 1
17 17 400 1
18 18 1003 16
1 19 1247 13
1 1 1247 2
9 10 756 11
9 9 756 18
0 3 1297 4
0 0 1297 3
19 19 559 11
1 1 1096 16
4 16 313 12
4 4 313 3
9 4 581 9
9 9 581 8
15 16 1423 6
18 18 653 7
3 0 99 4
3 3 99 12
8 3 1367 10
8 8 1367 5
19 19 1081 4
5 5 1142 6
10 10 668 14
11 11 685 18
7 10 313 4
7 7 313 6
9 1 1200 2
9 9 1200 3
16 16 148 2
2 2 987 3
18 18 1361 2
2 4 842 8
2 2 842 2
3 13 575 3
3 3 575 2
17 17 1115 13
11 11 198 6
4 0 1201 7
4 4 1201 13
12 12 740 1
13 4 1038 14
13 13 1038 3
2 5 1045 10
2 2 1045 4
15 15 37 2
18 18 267 10
0 18 770 2
0 0 770 14
0 0 945 2
13 16 1329 3
13 13 1329 5
5 10 305 4
5 5 305 10
19 19 365 11
1 1 1162 13
8 17 250 4
8 8 250 1
14 14 139 12
5 13 723 14
5 5 723 3
0 0 1132 17
6 6 1314 12
11 11 632 9
18 10 512 3
18 18 512 20
0 0 1051 20
5 5 1130 7
5 8 774 2
5 5 774 7
14 14 1240 5
15 15 1153 1
19 19 918 5
7 6 285 14
7 7 285 2
10 10 515 1
17 7 1317 14
17 17 1317 14
14 4 927 5
14 14 927 4
5 5 1292 6
6 6 991 8
12 0 324 14
12 12 324 6
14 9 782 7
14 14 782 2
3 3 539 10
12 16 475 2
12 12 475 6
14 2 1393 8
14 14 1393 4
2 19 705 14
2 2 705 1
4 12 1143 5
4 4 1143 3
15 5 581 7
15 15 581 3
0 0 418 18
4 4 1030 4
2 2 1239 2
17 17 1010 8
4 4 520 14
12 3 799 3
12 12 799 2
15 2 57 14
15 15 57 7
7 7 677 5
13 7 1300 4
13 13 1300 17
4 4 957 3
3 3 1282 5
7 0 1338 13
7 7 1338 6
13 0 953 8
13 13 953 9
12 12 1228 8
15 15 223 10
4 4 76 7
7 15 1355 3
7 7 1355 8
6 6 1117 2
2 0 428 8
2 2 428 6
4 12 354 1
4 4 354 14
13 13 236 1
12 12 1409 5
7 6 1278 7
7 7 1278 4
10 1 1198 12
10 10 1198 8
14 10 686 11
14 14 686 5
2 2 206 9
6 12 1294 7
6 6 1294 7
10 10 709 1
15 7 1140 14
15 15 1140 1
18 18 612 2
2 18 97 12
2 2 97 3
13 16 351 7
13 13 351 12
10 13 551 6
10 10 551 4
2 0 1195 10
2 2 1195 6
12 3 153 12
12 12 153 5
15 15 778 2
16 6 220 8
16 16 220 5
3 3 486 5
16 10 875 14
16 16 875 1
15 15 293 4
2 2 818 1
8 15 1195 8
8 8 1195 7
10 16 281 14
10 10 281 1
11 17 32 11
11 11 32 5
18 18 1064 3
2 16 677 5
2 2 677 3
8 19 826 8
8 8 826 8
4 9 1131 9
4 4 1131 5
10 7 232 13
10 10 232 2
12 12 590 4
3 13 789 7
3 3 789 8
4 5 1274 7
4 4 1274 10
4 0 476 11
4 4 476 1
10 10 123 4
3 3 930 1
12 12 684 5
5 19 181 9
5 5 181 10
4 4 1304 2
12 12 771 1
18 18 448 8
4 4 883 1
3 3 1088 2
8 7 374 12
8 8 374 2
15 11 29 3
15 15 29 1
0 0 970 9
3 3 1233 4
9 6 108 9
9 9 108 2
0 0 633 2
8 2 84 5
8 8 84 19
12 12 1264 4
10 10 1425 6
12 13 1351 11
12 12 1351 8
5 5 666 8
11 8 1365 12
11 11 1365 2
15 10 1285 6
15 15 1285 1
1 2 863 9
1 1 863 2
18 18 791 1
17 0 213 9
17 17 213 7
5 5 956 1
16 14 395 8
16 16 395 1
14 0 650 13
14 14 650 2
18 18 569 1
9 13 1290 5
9 9 1290 1
14 5 1249 13
14 14 1249 3
16 16 26 1
14 19 565 5
14 14 565 3
1 10 490 9
1 1 490 3
5 5 862 13
7 7 357 4
10 15 475 2
10 10 475 1
11 3 878 14
11 11 878 2
19 19 1387 5
18 18 1386 7
2 18 871 8
2 2 871 1
9 13 1141 5
9 9 1141 1
17 17 1150 2
16 1 855 11
16 16 855 1
3 6 595 11
3 3 595 1
10 10 317 8
14 19 1373 14
14 14 1373 1
16 16 629 1
2 7 1260 4
2 2 1260 9
8 0 933 12
8 8 933 1
7 2 809 12
7 7 809 1
17 1 809 10
17 17 809 2
11 11 443 6
18 18 405 8
11 18 832 8
11 11 832 4
9 9 174 1
7 14 975 9
7 7 975 2
13 19 654 5
13 13 654 1
16 5 1278 7
16 16 1278 3
17 11 587 12
17 17 587 9
13 5 1146 9
13 13 1146 1
3 3 1212 5
12 6 950 1
12 12 950 14
19 19 114 13
4 2 998 4
4 4 998 12
5 5 75 4
19 19 227 7
5 8 476 1
5 5 476 4
7 4 1282 2
7 7 1282 8
9 5 938 10
9 9 938 11
17 17 262 2
4 13 4 11
4 4 4 4
11 11 1248 3
12 12 1387 1
18 18 1000 3
11 2 1393 11
11 11 1393 12
10 10 1284 7
1 1 699 7
2 4 404 3
2 2 404 4
7 7 1201 10
2 2 263 4
11 11 607 1
19 8 780 3
19 19 780 2
8 3 1319 1
8 8 1319 2
2 2 41 2
5 10 1414 4
5 5 1414 2
6 6 609 15
10 19 620 10
10 10 620 2
14 14 1132 2
1 8 359 2
1 1 359 11
8 9 1029 8
8 8 1029 9
16 16 804 1
8 8 1172 1
6 6 899 3
11 11 27 4
8 15 867 5
8 8 867 3
6 7 786 3
6 6 786 14
7 7 111 6
10 10 209 1
0 0 455 12
3 10 732 9
3 3 732 24
8 8 1010 1
10 13 160 6
10 10 160 7
15 5 657 9
15 15 657 7
2 2 540 9
10 10 51 1
11 11 342 2
12 12 741 3
17 17 789 4
16 16 736 1
14 4 1316 5
14 14 1316 2
9 12 377 4
9 9 377 4
2 15 1042 4
2 2 1042 2
8 14 703 8
8 8 703 2
17 17 567 16
6 6 231 17
13 10 515 12
13 13 515 2
8 14 413 4
8 8 413 2
14 8 151 4
14 14 151 7
18 18 42 9
1 1 1304 3
4 4 105 1
7 11 1382 5
7 7 1382 12
12 4 1318 14
12 12 1318 2
17 17 482 6
5 5 321 7
8 1 251 3
8 8 251 1
5 4 722 8
5 5 722 1
9 9 535 2
10 10 863 8
17 17 157 2
1 1 417 6
12 11 103 7
12 12 103 5
13 13 314 6
19 19 1221 1
1 0 466 1
1 1 466 7
6 9 589 10
6 6 589 1
14 14 1096 1
19 19 1330 19
6 19 988 6
6 6 988 1
14 11 1386 3
14 14 1386 1
17 17 1094 15
3 3 22 6
4 14 1136 14
4 4 1136 2
16 16 1402 12
15 0 580 11
15 15 580 1
2 16 625 4
2 2 625 2
9 19 260 13
9 9 260 6
16 16 1207 7
15 16 395 10
15 15 395 14
13 4 726 2
13 13 726 5
12 12 1007 3
9 9 119 3
15 15 169 1
19 19 170 10
8 12 441 12
8 8 441 1
11 10 1098 5
11 11 1098 3
18 10 14 10
18 18 14 8
1 1 1380 9
6 6 1219 6
9 3 849 7
9 9 849 5
14 6 482 3
14 14 482 5
19 19 392 6
6 6 1106 2
5 10 677 10
5 5 677 3
8 11 151 9
8 8 151 2
14 8 397 6
14 14 397 5
9 13 563 9
9 9 563 2
1 0 739 13
1 1 739 10
6 6 1404 2
0 0 1097 4
19 19 836 5
9 9 1406 7
14 0 1205 3
14 14 1205 3
9 9 1231 2
5 5 1391 2
6 6 952 11
7 6 401 10
7 7 401 4
11 11 978 6
16 8 876 4
16 16 876 4
1 6 216 5
1 1 216 6
2 18 819 3
2 2 819 2
17 17 1058 4
7 13 183 7
7 7 183 2
11 14 176 7
11 11 176 5
6 6 117 2
9 9 471 4
10 9 120 10
10 10 120 3
6 6 4 6
13 19 1220 1
13 13 1220 11
2 2 1067 7
7 9 1002 7
7 7 1002 2
3 3 1091 3
15 5 28 1
15 15 28 1
12 12 1122 7
3 3 1377 1
14 12 79 8
14 14 79 2
6 6 1086 8
9 9 734 6
13 13 190 6
18 18 788 3
13 13 15 3
5 5 955 1
7 17 1245 1
7 7 1245 9
16 5 396 2
16 16 396 2
8 8 1292 1
6 19 747 14
6 6 747 4
11 11 643 12
15 2 1099 2
15 15 1099 3
16 16 27 2
14 14 570 5
19 19 864 4
14 13 1169 5
14 14 1169 7
19 19 977 5
16 16 825 18
7 11 501 14
7 7 501 6
9 9 1140 1
8 8 840 10
7 18 10 14
7 7 10 3
16 16 1331 1
16 7 999 5
16 16 999 3
2 8 646 7
2 2 646 5
8 14 983 6
8 8 983 6
10 17 141 12
10 10 141 2
15 4 700 5
15 15 700 17
16 16 630 5
2 12 569 11
2 2 569 2
8 8 934 1
9 14 499 13
9 9 499 1
7 10 808 13
7 7 808 1
16 16 645 8
3 3 897 18
13 14 1256 7
13 13 1256 8
6 16 252 3
6 6 252 6
4 4 705 1
3 6 1070 9
3 3 1070 3
8 17 644 6
8 8 644 7
13 8 1145 3
13 13 1145 1
8 16 275 1
8 8 275 2
6 6 258 15
9 9 62 3
7 7 607 1
15 15 112 5
5 12 74 1
5 5 74 1
8 18 482 4
8 8 482 1
0 1 582 3
0 0 582 9
12 13 1173 5
12 12 1173 9
17 8 261 5
17 17 261 1
19 19 339 1
14 6 384 4
14 14 384 11
11 11 1251 4
4 8 148 6
4 4 148 1
11 19 1392 9
11 11 1392 1
7 14 1059 14
7 7 1059 1
14 5 325 12
14 14 325 3
0 0 1332 1
10 11 1172 11
10 10 1172 17
16 19 345 10
16 16 345 12
0 0 1410 4
11 13 606 13
11 11 606 1
15 0 1086 11
15 15 1086 3
6 6 727 6
19 19 892 15
2 12 1234 12
2 2 1234 1
11 2 828 8
11 11 828 4
17 9 1343 2
17 17 1343 4
16 19 150 5
16 16 150 12
5 0 1302 2
5 5 1302 7
16 17 805 12
16 16 805 3
8 6 1173 4
8 8 1173 2
7 5 473 7
7 7 473 2
16 4 948 9
16 16 948 5
15 4 611 14
15 15 611 2
16 16 963 1
2 0 1374 1
2 2 1374 3
2 4 618 10
2 2 618 5
8 8 1011 2
11 1 248 6
11 11 248 11
12 2 535 5
12 12 535 14
9 9 495 4
7 19 780 2
7 7 780 3
16 16 737 1
2 8 1120 8
2 2 1120 5
4 15 534 6
4 4 534 8
15 1 438 3
15 15 438 2
0 15 1149 13
0 0 1149 15
3 3 1034 7
7 8 562 6
7 7 562 4
12 12 964 12
15 17 39 9
15 15 39 4
5 5 29 12
12 12 1115 3
15 10 84 9
15 15 84 10
0 0 947 2
3 3 1320 7
7 15 720 14
7 7 720 2
12 12 1066 5
4 4 106 4
15 19 435 10
15 15 435 3
12 1 1209 14
12 12 1209 11
17 17 481 1
8 17 252 4
8 8 252 2
0 0 1344 1
6 6 1030 21
7 18 1031 12
7 7 1031 8
13 13 198 5
9 9 615 23
16 16 325 2
17 17 156 1
2 15 232 5
2 2 232 1
19 19 698 10
5 0 1223 10
5 5 1223 4
8 5 1397 11
8 8 1397 2
1 5 416 3
1 1 416 1
3 3 238 3
2 2 71 1
9 9 1345 9
18 19 1425 13
18 18 1425 3
0 0 1164 3
7 7 287 4
9 7 1234 9
9 9 1234 3
14 14 1097 1
15 1 816 10
15 15 816 8
18 16 1312 10
18 18 1312 11
5 16 1290 1
5 5 1290 2
6 12 989 9
6 6 989 2
9 13 1059 12
9 9 1059 22
14 12 780 13
14 14 780 2
7 7 61 4
14 6 1387 12
14 14 1387 2
18 1 1218 6
18 18 1218 5
2 9 735 11
2 2 735 1
3 15 682 2
3 3 682 6
10 10 242 12
17 4 1238 12
17 17 1238 3
2 10 1314 14
2 2 1314 7
2 2 590 3
3 3 827 6
8 7 1007 6
8 8 1007 3
7 1 227 14
7 7 227 8
11 19 228 7
11 11 228 3
15 14 756 13
15 15 756 5
12 12 793 2
15 17 394 10
15 15 394 1
0 2 881 13
0 0 881 5
5 3 224 12
5 5 224 13
6 6 315 3
13 0 1409 5
13 13 1409 4
14 16 193 9
14 14 193 9
8 3 442 7
8 8 442 2
11 0 1101 14
11 11 1101 10
13 8 951 11
13 13 951 2
19 15 282 11
19 19 282 5
1 1 1403 3
9 15 848 7
9 9 848 1
7 7 1349 1
12 14 1373 4
12 12 1373 3
14 14 402 1
2 7 426 4
2 2 426 2
5 15 565 13
5 5 565 6
16 19 417 10
16 16 417 12
2 3 204 6
2 2 204 2
5 3 1083 5
5 5 1083 12
10 17 707 1
10 10 707 2
10 17 1087 7
10 10 1087 1
14 4 607 13
14 14 607 9
19 19 1139 2
3 2 202 4
3 3 202 8
10 16 594 8
10 10 594 4
16 12 79 7
16 16 79 4
10 1 549 4
10 10 549 2
11 8 836 4
11 11 836 7
18 18 1284 11
12 0 362 10
12 12 362 6
3 3 633 5
6 6 840 12
15 18 554 11
15 15 554 8
14 14 1402 6
7 7 182 1
12 4 584 9
12 12 584 6
15 15 603 4
9 14 470 11
9 9 470 1
17 2 988 14
17 17 988 9
8 16 745 2
8 8 745 2
4 4 1306 15
9 9 176 18
12 12 829 11
15 0 494 4
15 15 494 3
18 18 318 4
5 8 196 3
5 5 196 7
8 10 376 9
8 8 376 2
7 7 634 5
19 19 88 6
8 8 455 6
14 1 221 14
14 14 221 3
13 3 1334 1
13 13 1334 3
0 0 635 8
7 13 1304 13
7 7 1304 16
14 14 76 3
0 12 746 8
0 0 746 1
19 19 310 6
6 6 1196 9
1 18 812 11
1 1 812 7
18 18 898 15
19 19 423 2
5 12 664 4
5 5 664 2
11 7 1367 12
11 11 1367 2
15 15 1287 4
2 17 398 11
2 2 398 3
5 18 553 5
5 5 553 3
14 19 281 11
14 14 281 3
17 17 203 10
10 5 1088 9
10 10 1088 5
15 2 1061 13
15 15 1061 1
19 19 1054 5
18 19 567 9
18 18 567 2
0 0 1110 1
5 5 1055 1
8 14 1293 3
8 8 1293 8
12 12 1183 3
14 9 1255 10
14 14 1255 2
11 17 787 6
11 11 787 3
15 15 1275 7
14 14 938 5
1 8 281 7
1 1 281 5
10 19 473 11
10 10 473 2
9 7 1258 10
9 9 1258 4
15 15 872 5
14 14 853 8
1 1 138 8
18 18 1384 2
16 0 360 9
16 16 360 2
1 6 59 12
1 1 59 2
16 6 1332 14
16 16 1332 6
14 5 1315 3
14 14 1315 1
10 8 138 13
10 10 138 3
12 8 620 8
12 12 620 4
3 3 883 1
8 6 935 8
8 8 935 1
13 13 1174 4
4 16 1391 11
4 4 1391 7
4 0 706 12
4 4 706 7
3 12 1041 4
3 3 1041 4
12 12 801 2
15 5 450 1
15 15 450 2
18 18 290 6
18 18 181 9
0 10 936 9
0 0 936 3
8 4 483 3
8 8 483 1
11 5 1173 4
11 11 1173 5
7 19 1404 6
7 7 1404 3
1 1 1187 15
2 2 483 4
4 4 149 1
10 10 982 2
6 6 1051 8
7 17 1058 13
7 7 1058 1
10 13 1282 3
10 10 1282 1
13 6 161 13
13 13 161 4
14 16 330 6
14 14 330 4
0 11 1300 12
0 0 1300 4
15 5 1416 5
15 15 1416 2
1 1 554 2
6 6 1349 6
10 10 1124 6
15 3 1081 5
15 15 1081 1
16 16 489 1
19 18 782 6
19 19 782 4
8 5 1321 4
8 8 1321 2
12 19 125 14
12 12 125 13
15 15 1198 5
2 2 39 2
14 5 1138 4
14 14 1138 4
14 11 902 2
14 14 902 6
2 2 841 1
15 2 1021 6
15 15 1021 2
2 17 760 8
2 2 760 4
5 11 453 2
5 5 453 7
7 7 105 6
15 15 610 1
16 16 964 2
16 16 595 7
0 5 72 7
0 0 72 5
3 3 879 4
6 6 50 13
7 17 783 2
7 7 783 5
15 0 256 1
15 15 256 3
16 1 738 13
16 16 738 7
6 8 461 13
6 6 461 9
16 6 1101 5
16 16 1101 1
15 8 433 11
15 15 433 2
9 14 200 5
9 9 200 6
13 9 688 14
13 13 688 7
17 19 565 14
17 17 565 2
4 13 821 3
4 4 821 1
14 15 234 9
14 14 234 2
5 5 429 10
8 8 415 12
11 11 1056 4
13 7 914 14
13 13 914 4
13 12 1406 14
13 13 1406 3
0 2 547 9
0 0 547 4
19 19 257 12
6 6 1253 7
11 6 1201 11
11 11 1201 3
7 7 1376 3
14 13 4 9
14 14 4 5
0 11 1345 11
0 0 1345 1
5 5 720 2
5 5 1205 6
10 10 861 2
7 7 1175 1
10 10 1161 6
1 1 566 2
18 18 748 4
2 0 233 5
2 2 233 5
1 12 423 14
1 1 423 7
2 8 152 1
2 2 152 9
19 19 810 21
5 16 771 8
5 5 771 3
15 10 1154 4
15 15 1154 5
2 6 11 10
2 2 11 14
19 19 923 3
9 9 1233 1
11 19 1204 10
11 11 1204 1
14 7 866 9
14 14 866 8
8 16 1202 5
8 8 1202 4
12 12 470 2
2 0 732 8
2 2 732 1
4 4 1138 5
14 10 1307 14
14 14 1307 8
3 3 826 1
7 9 226 14
7 7 226 1
11 13 231 5
11 11 231 3
0 0 84 1
9 14 266 9
9 9 266 4
16 16 1050 5
0 9 195 11
0 0 195 5
11 5 453 7
11 11 453 2
13 13 1071 5
18 18 475 6
8 3 349 2
8 8 349 2
8 6 300 13
8 8 300 2
13 13 549 7
12 2 1144 9
12 12 1144 1
13 18 1297 7
13 13 1297 3
3 17 1287 11
3 3 1287 2
7 7 1335 3
0 18 527 5
0 0 527 2
1 9 1402 4
1 1 1402 1
5 14 274 5
5 5 274 5
11 11 1245 2
14 13 480 8
14 14 480 1
0 0 702 8
8 8 153 1
9 9 672 4
13 17 152 4
13 13 152 9
14 14 403 1
1 3 880 9
1 1 880 5
6 10 150 2
6 6 150 3
7 0 1130 2
7 7 1130 5
3 3 47 10
11 0 520 9
11 11 520 5
13 13 122 12
1 1 530 16
3 4 188 14
3 3 188 14
4 18 387 8
4 4 387 5
5 9 982 6
5 5 982 2
14 14 604 3
1 7 387 1
1 1 387 3
14 12 1211 9
14 14 1211 12
6 7 559 7
6 6 559 6
10 10 546 3
9 9 1229 2
2 6 926 8
2 2 926 2
3 7 491 3
3 3 491 1
8 18 1247 12
8 8 1247 9
1 14 222 2
1 1 222 5
3 7 632 2
3 3 632 1
11 1 37 5
11 11 37 9
15 2 565 6
15 15 565 1
0 0 274 1
16 16 1368 2
0 0 385 2
11 11 259 9
16 16 667 1
3 6 935 3
3 3 935 5
8 8 539 5
9 9 294 7
5
9 15 495
13 15 333
4 0 576
11 14 358
4 14 245
