20 7479
12 15 791 5
12 12 791 6
1 1 620 3
0 0 532 9
4 4 1361 15
3 2 170 10
3 3 170 21
18 18 1202 4
8 8 853 12
11 4 1126 2
11 11 1126 1
11 1 90 3
11 11 90 10
19 14 1414 8
19 19 1414 3
9 9 796 3
13 3 1107 11
13 13 1107 3
1 16 810 5
1 1 810 1
9 9 989 4
1 1 731 6
7 10 174 5
7 7 174 6
15 9 1221 6
15 15 1221 6
13 13 760 14
15 15 1337 5
15 10 30 14
15 15 30 1
0 12 408 4
0 0 408 5
18 18 795 2
4 4 1162 20
3 14 799 8
3 3 799 4
8 3 947 8
8 8 947 7
9 9 478 6
11 12 1051 2
11 11 1051 10
11 4 885 14
11 11 885 17
11 11 312 18
15 11 869 14
15 15 869 4
16 16 658 4
1 1 756 4
2 5 295 9
2 2 295 2
2 12 912 9
2 2 912 9
3 2 473 14
3 3 473 1
10 2 993 1
10 10 993 4
19 3 543 11
19 19 543 1
12 12 1113 1
2 2 573 5
15 14 671 5
15 15 671 1
0 0 369 8
1 9 613 10
1 1 613 2
1 8 40 1
1 1 40 1
18 18 1158 2
2 16 771 1
2 2 771 4
3 3 1085 9
8 8 657 10
11 11 652 4
1 1 1184 4
13 7 502 12
13 13 502 1
15 16 355 7
15 15 355 1
1 11 89 14
1 1 89 3
1 1 1271 8
5 5 204 23
0 0 308 4
8 16 181 6
8 8 181 1
5 18 157 5
5 5 157 3
13 7 753 1
13 13 753 7
13 1 188 8
13 13 188 3
16 16 634 8
19 19 535 3
2 10 549 5
2 2 549 1
8 11 1125 9
8 8 1125 1
5 5 93 5
7 15 361 6
7 7 361 11
7 7 820 3
19 14 1352 1
19 19 1352 2
15 4 802 2
15 15 802 2
12 6 129 3
12 12 129 17
14 14 165 3
14 17 286 11
14 14 286 1
0 0 14 9
18 0 677 6
18 18 677 1
18 18 1390 2
18 9 669 9
18 18 669 1
9 13 336 2
9 9 336 14
17 9 325 10
17 17 325 7
11 11 564 1
18 1 678 1
18 18 678 7
17 8 973 9
17 17 973 10
14 14 649 8
0 15 26 5
0 0 26 4
2 1 1083 11
2 2 1083 5
0 16 738 12
0 0 738 4
0 0 1111 1
2 18 794 3
2 2 794 3
8 18 233 11
8 8 233 8
6 6 818 4
17 5 1335 13
17 17 1335 8
2 2 1152 16
10 0 1415 5
10 10 1415 1
13 9 495 8
13 13 495 5
15 3 512 1
15 15 512 2
15 15 511 1
2 2 653 4
6 6 1079 2
5 5 53 2
14 8 812 5
14 14 812 3
18 7 280 4
18 18 280 3
10 10 631 7
9 9 709 5
11 11 786 7
11 3 217 12
11 11 217 9
16 18 1357 11
16 16 1357 1
12 12 630 7
17 17 1188 7
14 5 374 12
14 14 374 9
1 18 853 7
1 1 853 10
2 0 390 1
2 2 390 1
17 6 1371 1
17 17 1371 8
5 8 70 4
5 5 70 15
10 10 909 6
13 13 307 1
10 10 19 2
7 3 1095 14
7 7 1095 3
10 10 1273 20
11 2 355 13
11 11 355 9
13 4 6 9
13 13 6 2
15 18 875 4
15 15 875 5
14 18 737 10
14 14 737 3
0 16 5 6
0 0 5 9
0 0 586 1
2 2 313 2
1 3 1319 2
1 1 1319 4
5 4 1270 1
5 5 1270 9
3 3 455 13
8 8 560 6
5 7 930 3
5 5 930 3
10 10 796 3
9 10 1004 8
9 9 1004 4
12 2 271 3
12 12 271 11
15 18 1069 13
15 15 1069 2
12 12 1249 2
16 16 842 17
0 14 180 6
0 0 180 4
11 8 842 11
11 11 842 2
19 19 1026 3
5 5 819 6
13 13 658 1
13 13 861 2
13 16 488 12
13 13 488 6
6 6 892 3
0 11 1384 5
0 0 1384 3
17 14 64 12
17 17 64 3
4 4 875 21
3 3 741 2
8 8 985 1
4 4 1098 2
10 10 638 6
11 11 779 3
12 12 621 9
18 9 436 2
18 18 436 3
15 15 117 3
14 14 657 13
0 18 1287 1
0 0 1287 1
1 1 1423 2
1 14 1138 6
1 1 1138 1
3 4 447 4
3 3 447 4
3 3 882 1
8 11 936 4
8 8 936 6
10 10 948 3
7 13 753 7
7 7 753 1
9 2 1042 10
9 9 1042 24
11 17 303 1
11 11 303 9
8 19 1416 14
8 8 1416 9
15 15 880 1
14 14 744 2
16 16 647 5
2 7 1178 2
2 2 1178 21
2 10 893 3
2 2 893 16
5 14 1279 12
5 5 1279 3
18 18 1078 4
3 10 899 6
3 3 899 6
15 16 966 8
15 15 966 2
9 16 857 2
9 9 857 12
13 6 1254 5
13 13 1254 6
16 0 928 9
16 16 928 9
2 2 163 1
2 9 748 3
2 2 748 1
8 8 1340 3
6 14 731 13
6 6 731 19
8 7 646 13
8 8 646 6
18 18 956 3
16 16 11 10
14 14 522 29
1 1 822 2
5 10 1425 7
5 5 1425 5
8 7 960 12
8 8 960 12
8 17 170 4
8 8 170 11
13 14 540 11
13 13 540 3
17 17 1347 1
3 3 685 1
1 1 679 6
6 0 536 11
6 6 536 10
0 0 1310 3
19 15 554 3
19 19 554 4
3 14 891 1
3 3 891 4
1 1 653 5
8 6 484 3
8 8 484 1
7 18 803 10
7 7 803 5
7 14 750 7
7 7 750 3
11 15 913 8
11 11 913 9
13 13 1173 1
15 12 889 12
15 15 889 2
17 17 362 12
18 16 197 14
18 18 197 7
2 11 267 11
2 2 267 3
17 17 209 13
8 15 574 9
8 8 574 5
5 5 916 5
7 7 485 1
7 1 944 6
7 7 944 2
2 2 1201 3
16 16 1113 17
16 10 21 6
16 16 21 3
17 17 944 1
17 4 319 10
17 17 319 1
18 6 545 1
18 18 545 1
0 4 1084 14
0 0 1084 4
19 13 659 10
19 19 659 7
5 7 1033 6
5 5 1033 7
8 8 888 1
19 19 462 4
6 6 360 1
7 7 1420 4
15 16 1098 2
15 15 1098 2
13 13 847 12
12 8 985 1
12 12 985 5
12 14 1382 8
12 12 1382 3
13 15 1136 11
13 13 1136 1
19 19 1189 6
19 2 450 3
19 19 450 5
5 8 1375 7
5 5 1375 1
9 14 402 4
9 9 402 16
7 14 139 10
7 7 139 6
11 7 1394 2
11 11 1394 3
2 15 1130 2
2 2 1130 2
11 18 204 8
11 11 204 2
13 10 533 12
13 13 533 4
15 15 1306 1
7 10 516 5
7 7 516 4
0 0 123 3
0 0 1301 9
19 19 563 7
1 7 1100 6
1 1 1100 3
3 3 429 7
4 4 293 1
6 6 1020 5
4 4 1231 1
12 12 165 1
12 19 754 14
12 12 754 13
15 2 838 12
15 15 838 7
13 13 1362 5
2 2 1132 3
18 12 649 13
18 18 649 4
11 11 575 18
5 6 1249 12
5 5 1249 1
3 7 1348 6
3 3 1348 13
9 10 332 11
9 9 332 3
7 7 1396 5
12 12 308 8
12 10 1166 10
12 12 1166 7
16 4 959 14
16 16 959 14
0 12 340 9
0 0 340 7
1 1 602 8
2 2 1213 2
2 10 181 11
2 2 181 2
1 17 1211 10
1 1 1211 1
16 3 924 2
16 16 924 3
13 13 101 2
5 5 814 5
2 4 1295 2
2 2 1295 2
7 11 1413 5
7 7 1413 5
14 4 1216 2
14 14 1216 5
12 12 395 3
15 15 1193 1
16 16 974 9
0 11 776 3
0 0 776 3
2 16 507 7
2 2 507 1
18 18 1140 5
2 16 657 1
2 2 657 3
3 3 261 1
4 4 1063 35
11 11 830 1
13 1 887 1
13 13 887 1
17 17 1152 9
17 17 715 1
16 16 605 5
2 15 1268 12
2 2 1268 1
1 15 356 12
1 1 356 2
4 4 798 6
2 13 983 7
2 2 983 9
1 9 1093 7
1 1 1093 1
8 8 764 4
5 5 442 7
9 9 484 16
0 12 110 2
0 0 110 3
6 12 764 13
6 6 764 6
5 5 99 1
18 17 1176 12
18 18 1176 4
13 17 573 11
13 13 573 4
1 15 546 5
1 1 546 4
2 2 1256 7
1 1 225 13
15 5 1394 3
15 15 1394 1
8 12 97 10
8 8 97 2
7 7 475 10
6 6 758 2
18 2 1198 3
18 18 1198 2
17 17 605 5
17 3 930 8
17 17 930 3
15 10 404 14
15 15 404 1
1 13 1212 5
1 1 1212 4
4 4 696 8
8 3 870 12
8 8 870 16
5 3 348 9
5 5 348 4
10 3 220 14
10 10 220 19
11 17 678 4
11 11 678 1
11 11 267 2
14 14 1280 10
13 1 268 3
13 13 268 15
14 14 426 9
18 0 268 14
18 18 268 1
2 2 63 3
2 2 616 2
5 10 1420 14
5 5 1420 2
5 14 18 12
5 5 18 5
5 10 749 7
5 5 749 2
10 10 530 2
9 9 746 5
11 10 823 1
11 11 823 7
10 17 1333 14
10 10 1333 16
18 18 934 4
13 13 210 3
14 14 224 5
17 17 716 3
1 6 650 6
1 1 650 1
10 10 27 3
18 1 1333 14
18 18 1333 3
2 12 539 5
2 2 539 1
4 4 299 10
8 8 580 3
11 11 866 3
15 4 1100 3
15 15 1100 7
9 13 635 3
9 9 635 1
7 4 1184 3
7 7 1184 5
12 19 736 2
12 12 736 2
17 17 778 10
18 18 699 9
17 3 160 7
17 17 160 5
0 0 248 5
0 7 557 7
0 0 557 1
2 2 276 2
19 11 187 14
19 19 187 4
3 1 1023 13
3 3 1023 3
10 10 372 12
17 4 291 8
17 17 291 4
16 14 366 7
16 16 366 5
10 10 1047 10
12 12 298 3
12 9 887 12
12 12 887 1
15 19 965 8
15 15 965 1
18 15 500 10
18 18 500 1
0 4 151 12
0 0 151 1
0 15 732 7
0 0 732 2
1 1 1205 2
3 18 697 2
3 3 697 5
6 6 776 6
5 6 784 6
5 5 784 3
9 9 207 9
10 10 199 2
11 11 735 16
12 19 108 9
12 12 108 4
13 8 890 3
13 13 890 12
12 7 966 7
12 12 966 1
18 3 735 1
18 18 735 8
0 12 465 4
0 0 465 1
0 5 1355 12
0 0 1355 1
2 2 54 1
5 15 27 13
5 5 27 1
7 10 246 13
7 7 246 3
9 9 531 9
11 7 812 11
11 11 812 6
13 5 512 12
13 13 512 13
12 0 520 12
12 12 520 3
17 13 882 6
17 17 882 2
19 19 307 3
15 2 306 1
15 15 306 5
2 2 1222 1
19 0 582 4
19 19 582 3
3 3 384 2
17 0 158 7
17 17 158 2
5 5 615 7
9 10 636 2
9 9 636 7
7 18 1177 9
7 7 1177 1
12 12 1332 10
14 1 768 10
14 14 768 6
19 19 1430 1
5 0 1409 2
5 5 1409 9
0 4 1129 10
0 0 1129 3
5 5 938 5
0 0 1132 7
8 12 1157 6
8 8 1157 1
8 0 111 9
8 8 111 9
1 1 889 6
11 5 465 4
11 11 465 23
16 16 1093 7
16 16 479 21
12 12 50 9
0 3 878 10
0 0 878 8
18 1 517 3
18 18 517 5
2 2 158 4
2 10 715 12
2 2 715 5
3 3 702 1
3 1 1141 7
3 3 1141 5
6 1 340 9
6 6 340 5
7 2 94 8
7 7 94 12
11 3 155 10
11 11 155 11
12 14 107 11
12 12 107 1
15 13 627 10
15 15 627 3
17 17 112 1
1 1 875 1
2 2 452 1
8 8 312 11
9 9 398 4
10 10 516 1
10 4 1319 3
10 10 1319 11
5 0 114 9
5 5 114 2
12 18 519 3
12 12 519 1
17 17 875 7
15 15 736 3
18 2 145 13
18 18 145 13
16 4 797 1
16 16 797 18
3 4 50 2
3 3 50 19
3 3 633 4
5 5 405 9
5 18 608 7
5 5 608 2
11 11 15 12
9 9 978 3
10 10 32 3
9 9 119 2
12 12 662 6
14 14 726 9
15 15 204 2
0 3 1120 5
0 0 1120 1
6 6 1318 3
8 12 705 3
8 8 705 7
9 7 360 12
9 9 360 11
9 3 143 13
9 9 143 11
1 1 1192 13
8 13 954 6
8 8 954 3
13 14 422 13
13 13 422 2
18 18 879 1
0 0 161 4
18 14 636 3
18 18 636 8
11 8 671 9
11 11 671 6
19 19 1140 8
3 6 1146 3
3 3 1146 1
5 10 695 13
5 5 695 1
8 7 229 6
8 8 229 1
19 10 570 13
19 19 570 12
10 5 201 3
10 10 201 2
11 11 144 4
16 16 1286 1
19 15 1156 1
19 19 1156 3
17 17 1235 27
14 14 447 3
16 13 554 9
16 16 554 6
1 1 876 3
0 18 788 7
0 0 788 1
2 19 479 10
2 2 479 2
2 1 8 3
2 2 8 7
19 10 922 4
19 19 922 10
15 15 169 1
6 6 576 14
9 7 1232 10
9 9 1232 2
12 11 574 1
12 12 574 1
14 14 302 16
16 16 697 6
0 7 899 4
0 0 899 3
8 10 404 2
8 8 404 6
5 7 1213 5
5 5 1213 10
5 10 1288 5
5 5 1288 5
5 13 414 11
5 5 414 4
6 6 36 12
16 15 1060 11
16 16 1060 3
13 13 78 2
12 7 1242 8
12 12 1242 7
17 17 320 5
15 3 533 10
15 15 533 4
4 4 958 15
5 5 1230 6
3 12 543 11
3 3 543 3
3 12 978 13
3 3 978 3
8 16 712 12
8 8 712 2
8 10 1188 5
8 8 1188 1
13 9 480 4
13 13 480 8
7 13 1361 1
7 7 1361 15
11 11 463 1
13 13 788 3
8 8 612 4
15 12 399 8
15 15 399 4
18 1 481 7
18 18 481 19
18 18 938 2
0 8 673 11
0 0 673 2
6 7 19 11
6 6 19 1
1 10 1176 3
1 1 1176 6
3 3 217 4
17 7 951 7
17 17 951 22
4 4 1139 4
7 12 76 1
7 7 76 10
3 3 1117 1
18 19 790 4
18 18 790 5
16 16 1218 10
13 13 304 3
17 15 543 7
17 17 543 3
17 17 98 4
0 1 1157 14
0 0 1157 2
1 1 1033 3
14 6 820 6
14 14 820 15
7 7 278 2
7 11 1143 2
7 7 1143 6
13 8 555 11
13 13 555 1
12 12 565 4
14 14 252 13
15 1 173 12
15 15 173 1
2 13 1235 7
2 2 1235 1
13 13 952 5
5 15 1190 13
5 5 1190 1
6 6 243 23
6 6 970 3
9 12 265 1
9 9 265 1
7 17 1156 6
7 7 1156 1
10 10 1208 4
18 9 1424 1
18 18 1424 9
12 5 1233 5
12 12 1233 6
15 9 359 12
15 15 359 2
17 9 140 14
17 17 140 4
2 13 1090 13
2 2 1090 1
0 18 521 14
0 0 521 2
2 14 248 4
2 2 248 4
1 2 1376 10
1 1 1376 2
5 16 1079 14
5 5 1079 3
5 14 296 6
5 5 296 5
8 6 4 14
8 8 4 9
9 9 154 8
8 8 384 4
11 6 934 4
11 11 934 6
17 17 1272 3
15 15 1122 8
14 14 30 8
14 11 595 7
14 14 595 17
0 11 270 1
0 0 270 3
0 7 696 3
0 0 696 2
19 16 388 2
19 19 388 5
2 7 724 6
2 2 724 1
3 14 222 7
3 3 222 7
8 8 350 14
10 15 686 6
10 10 686 13
10 10 251 8
9 7 1393 3
9 9 1393 10
17 8 1348 11
17 17 1348 16
12 10 16 2
12 12 16 5
13 13 158 4
15 15 1171 7
1 13 289 14
1 1 289 10
2 2 1271 2
2 3 26 10
2 2 26 17
8 7 920 4
8 8 920 2
9 0 116 10
9 9 116 3
9 13 527 10
9 9 527 4
7 4 1132 11
7 7 1132 3
0 0 189 8
14 14 1113 4
15 1 767 5
15 15 767 6
15 15 170 3
0 2 44 10
0 0 44 4
2 2 909 3
12 3 618 12
12 12 618 2
19 6 318 1
19 19 318 6
6 6 973 7
5 5 603 1
10 5 384 8
10 10 384 1
9 9 1107 9
11 10 364 8
11 11 364 4
12 12 1159 4
14 14 118 3
16 16 710 14
2 6 828 7
2 2 828 1
5 5 1072 7
13 13 67 6
8 16 758 5
8 8 758 6
4 16 1327 9
4 4 1327 15
13 6 774 2
13 13 774 12
13 9 465 6
13 13 465 1
17 17 632 5
2 2 1411 11
1 1 124 4
19 4 397 12
19 19 397 12
3 3 199 1
8 8 1051 1
7 7 66 8
16 16 1387 12
1 4 332 10
1 1 332 8
0 9 1017 14
0 0 1017 2
4 16 1264 3
4 4 1264 3
10 10 568 5
9 9 1227 3
12 7 1415 5
12 12 1415 14
13 5 605 10
13 13 605 10
18 18 318 2
17 17 855 1
13 9 1289 14
13 13 1289 5
19 19 1354 2
1 6 171 6
1 1 171 1
11 11 912 1
5 3 580 10
5 5 580 3
7 12 405 4
7 7 405 3
11 18 1092 4
11 11 1092 2
7 9 1274 3
7 7 1274 1
19 19 831 15
14 14 121 28
15 8 373 11
15 15 373 1
18 4 443 3
18 18 443 3
1 1 196 3
3 3 191 5
3 13 969 14
3 3 969 9
5 3 981 7
5 5 981 11
13 13 1268 12
7 7 1009 6
11 2 664 2
11 11 664 2
8 8 781 4
12 12 777 1
17 17 762 9
1 3 991 3
1 1 991 4
0 6 833 2
0 0 833 3
1 12 117 4
1 1 117 2
18 18 1069 3
5 18 1098 7
5 5 1098 2
12 9 448 7
12 12 448 1
3 18 1110 5
3 3 1110 7
4 4 1128 11
9 6 21 8
9 9 21 6
9 13 239 4
9 9 239 13
13 17 709 7
13 13 709 1
15 17 1322 4
15 15 1322 7
13 13 347 6
16 16 534 6
0 7 1008 1
0 0 1008 3
8 8 1137 20
8 8 475 5
9 9 467 4
9 10 102 14
9 9 102 2
9 9 569 4
10 14 1218 12
10 10 1218 15
13 12 598 7
13 13 598 6
13 0 225 4
13 13 225 1
14 14 209 13
14 14 266 17
1 19 761 5
1 1 761 1
1 4 172 1
1 1 172 2
2 0 927 7
2 2 927 9
6 6 1279 1
3 18 929 9
3 3 929 9
2 18 61 2
2 2 61 1
9 12 316 1
9 9 316 8
11 11 1149 2
7 7 1316 7
11 12 983 7
11 11 983 2
12 9 356 4
12 12 356 39
15 15 586 8
15 3 370 7
15 15 370 3
1 16 253 2
1 1 253 4
5 2 1418 6
5 5 1418 2
2 2 197 2
2 15 782 3
2 2 782 2
4 4 395 14
8 15 740 5
8 8 740 1
8 6 57 11
8 8 57 8
7 7 35 1
19 19 666 10
9 7 1307 9
9 9 1307 6
19 0 1095 10
19 19 1095 3
13 7 451 9
13 13 451 10
17 15 618 6
17 17 618 14
0 6 275 10
0 0 275 7
0 19 1266 5
0 0 1266 1
19 7 846 5
19 19 846 1
13 19 181 14
13 13 181 7
4 13 205 5
4 4 205 11
8 11 136 8
8 8 136 2
8 8 1388 7
5 9 867 2
5 5 867 1
14 14 1155 10
10 9 120 2
10 10 120 12
1 4 208 8
1 1 208 2
19 16 959 14
19 19 959 11
18 6 1166 9
18 18 1166 7
8 5 909 7
8 8 909 11
5 19 549 14
5 5 549 4
10 10 554 2
18 18 1046 17
9 9 1269 8
16 16 500 11
19 19 291 12
17 17 833 8
17 4 660 6
17 17 660 10
15 15 129 1
0 6 614 14
0 0 614 6
19 2 105 9
19 19 105 1
5 0 1365 11
5 5 1365 2
1 5 925 8
1 1 925 16
4 1 1397 5
4 4 1397 1
7 1 1309 8
7 7 1309 7
15 15 908 3
13 13 1217 4
1 2 611 10
1 1 611 2
18 18 1164 1
2 1 777 7
2 2 777 2
4 4 37 1
3 6 1079 2
3 3 1079 3
6 6 394 3
9 4 182 12
9 9 182 5
12 13 189 2
12 12 189 4
14 14 1356 6
12 12 831 10
15 18 573 2
15 15 573 2
0 12 490 4
0 0 490 2
18 18 905 1
18 15 594 13
18 18 594 2
15 15 1071 6
8 15 378 8
8 8 378 5
11 13 170 6
11 11 170 2
9 9 899 13
13 6 130 11
13 13 130 6
13 0 333 14
13 13 333 5
15 15 674 9
16 16 516 7
19 10 1264 3
19 19 1264 4
17 13 232 4
17 17 232 3
9 9 912 28
10 16 110 6
10 10 110 6
16 16 377 13
15 15 723 3
17 17 208 1
13 19 635 10
13 13 635 1
12 12 195 2
5 16 1374 13
5 5 1374 1
15 1 1243 14
15 15 1243 9
8 12 515 13
8 8 515 2
2 9 1390 2
2 2 1390 4
15 2 501 3
15 15 501 7
9 9 993 7
17 5 821 8
17 17 821 6
12 4 282 10
12 12 282 1
15 15 917 3
16 5 861 4
16 16 861 4
8 8 339 3
18 18 113 7
0 16 748 10
0 0 748 7
0 11 1105 10
0 0 1105 6
5 5 186 2
6 6 397 7
11 16 82 6
11 11 82 1
16 16 1336 9
13 6 810 8
13 13 810 11
12 12 1347 12
16 15 983 1
16 16 983 1
2 0 1383 10
2 2 1383 3
18 18 184 13
5 9 583 13
5 5 583 1
4 4 870 1
3 12 1101 13
3 3 1101 3
5 8 646 6
5 5 646 7
8 2 182 1
8 8 182 1
7 7 621 10
14 13 1165 8
14 14 1165 2
15 18 1281 3
15 15 1281 11
12 12 901 5
15 15 683 4
19 19 1273 10
0 19 965 13
0 0 965 7
2 2 546 3
8 14 1126 14
8 8 1126 10
5 8 92 13
5 5 92 1
5 18 535 14
5 5 535 13
7 7 823 6
7 18 642 2
7 7 642 17
13 13 577 6
13 11 12 3
13 13 12 2
3 3 1361 4
14 14 287 2
13 12 1325 7
13 13 1325 6
2 8 319 4
2 2 319 2
1 7 1325 10
1 1 1325 3
19 19 393 4
5 5 493 12
2 4 863 7
2 2 863 4
11 19 1018 8
11 11 1018 33
5 6 47 6
5 5 47 1
17 17 1145 7
13 0 1267 5
13 13 1267 1
18 18 415 3
17 13 310 14
17 17 310 7
18 14 1278 2
18 18 1278 3
3 3 554 1
6 6 750 2
5 0 969 3
5 5 969 2
17 17 1195 4
11 11 644 8
12 2 91 3
12 12 91 6
13 13 494 1
15 15 672 2
15 15 510 1
0 0 504 11
15 7 356 3
15 15 356 3
1 4 1231 1
1 1 1231 2
3 6 767 3
3 3 767 19
5 0 52 9
5 5 52 1
5 5 655 1
11 11 1358 6
9 7 1183 10
9 9 1183 9
10 10 1303 16
13 5 745 10
13 13 745 4
1 1 271 4
15 2 688 6
15 15 688 4
2 0 1297 13
2 2 1297 4
2 1 391 7
2 2 391 7
2 3 1008 8
2 2 1008 21
19 19 978 13
8 12 1296 7
8 8 1296 1
4 4 329 13
19 11 527 9
19 19 527 3
10 10 455 4
9 13 1256 4
9 9 1256 9
17 17 820 1
13 13 1179 2
19 19 1391 2
0 2 587 11
0 0 587 4
2 14 867 8
2 2 867 12
5 5 1269 1
4 4 899 14
5 2 929 7
5 5 929 1
11 11 556 6
10 10 1097 7
16 16 1132 36
12 1 853 10
12 12 853 5
16 16 390 43
13 13 1260 6
0 13 762 12
0 0 762 8
2 2 786 2
5 19 1030 2
5 5 1030 2
3 11 599 10
3 3 599 8
5 5 172 2
17 6 923 14
17 17 923 4
9 0 169 11
9 9 169 9
11 4 701 4
11 11 701 9
15 2 520 2
15 15 520 5
15 15 455 1
19 11 1174 14
19 19 1174 2
19 19 874 7
8 8 986 6
15 5 1143 9
15 15 1143 4
11 11 209 1
14 19 1183 6
14 14 1183 5
16 16 927 1
15 8 697 3
15 15 697 3
1 9 685 9
1 1 685 21
0 3 979 2
0 0 979 4
2 18 414 5
2 2 414 3
1 1 1137 1
3 15 446 11
3 3 446 1
18 18 426 1
9 9 606 3
11 11 302 1
12 12 1034 1
13 1 1172 12
13 13 1172 1
5 5 323 3
18 18 660 9
2 2 305 2
3 3 499 8
5 5 1353 2
2 2 126 28
6 6 487 7
7 6 1228 4
7 7 1228 6
10 11 1136 13
10 10 1136 6
13 12 964 13
13 13 964 19
6 6 982 29
19 8 1198 9
19 19 1198 12
18 8 685 2
18 18 685 7
13 14 654 3
13 13 654 1
2 14 749 1
2 2 749 5
17 13 845 2
17 17 845 6
6 6 1175 4
4 4 219 16
5 6 352 9
5 5 352 6
8 6 220 14
8 8 220 3
9 9 869 16
15 15 833 5
12 11 803 9
12 12 803 15
14 16 470 3
14 14 470 17
13 13 1142 1
8 13 329 4
8 8 329 10
0 10 827 2
0 0 827 6
0 0 1376 8
19 19 866 5
12 1 443 2
12 12 443 1
13 18 1397 5
13 13 1397 1
8 14 278 5
8 8 278 8
10 10 179 4
10 10 1212 6
12 8 613 3
12 12 613 5
15 2 1227 9
15 15 1227 10
19 19 1292 7
12 12 323 9
19 19 118 7
14 14 984 2
3 17 890 5
3 3 890 1
8 8 485 7
19 17 1210 6
19 19 1210 1
9 9 324 1
14 17 1041 7
14 14 1041 1
13 4 55 3
13 13 55 12
15 15 311 5
19 19 1405 1
18 18 1368 18
1 1 1328 9
8 17 1372 12
8 8 1372 5
4 4 113 6
3 13 907 4
3 3 907 11
11 11 602 7
11 0 993 13
11 11 993 10
19 7 72 2
19 19 72 2
14 10 1408 13
14 14 1408 11
5 11 449 11
5 5 449 1
15 12 420 14
15 15 420 9
19 19 1079 5
2 5 1029 12
2 2 1029 6
1 1 11 1
5 5 1032 1
2 3 252 11
2 2 252 11
8 15 889 2
8 8 889 4
6 6 361 7
6 6 1206 14
9 13 1313 1
9 9 1313 1
12 1 64 10
12 12 64 8
17 17 395 6
2 14 1355 10
2 2 1355 8
0 1 818 4
0 0 818 4
2 2 481 1
9 9 1281 3
13 5 174 8
13 13 174 2
3 13 1193 11
3 3 1193 9
11 4 1397 3
11 11 1397 5
5 5 169 2
11 11 207 2
13 16 532 2
13 13 532 1
15 1 1381 2
15 15 1381 8
19 4 19 4
19 19 19 15
16 7 238 11
16 16 238 7
16 16 615 19
0 4 929 7
0 0 929 5
3 3 867 5
8 18 492 13
8 8 492 23
9 9 949 4
12 5 166 8
12 12 166 2
16 16 348 14
14 14 763 1
16 16 758 5
1 1 1289 5
3 13 573 13
3 3 573 15
8 8 550 3
9 9 371 7
3 3 1082 3
7 7 1218 2
14 4 1419 2
14 14 1419 3
17 17 1125 16
15 19 429 11
15 15 429 1
19 0 1084 6
19 19 1084 3
2 2 1052 25
1 17 12 5
1 1 12 7
0 2 1076 13
0 0 1076 8
19 15 1120 10
19 19 1120 5
4 4 15 8
8 17 202 6
8 8 202 2
9 9 1322 33
16 16 1307 14
12 12 977 4
9 9 844 2
13 18 1128 12
13 13 1128 1
18 18 274 4
2 2 504 3
13 12 286 12
13 13 286 17
1 18 1067 5
1 1 1067 3
3 3 260 1
13 13 1280 9
13 13 525 4
15 15 1378 3
17 6 340 5
17 17 340 14
14 10 900 9
14 14 900 14
0 5 115 11
0 0 115 4
17 18 794 11
17 17 794 1
1 1 1425 1
1 18 1092 14
1 1 1092 1
3 0 405 13
3 3 405 5
3 3 872 4
5 8 441 6
5 5 441 1
4 4 1197 14
7 15 784 8
7 7 784 1
9 9 625 4
12 12 349 7
15 6 846 7
15 15 846 6
17 17 174 11
2 16 1124 8
2 2 1124 2
19 5 680 13
19 19 680 26
3 3 546 8
3 19 1017 1
3 3 1017 6
4 4 1350 11
7 7 474 1
9 0 783 11
9 9 783 8
19 1 884 1
19 19 884 13
12 15 127 2
12 12 127 2
14 14 621 3
5 17 701 4
5 5 701 17
1 5 594 13
1 1 594 8
18 0 696 2
18 18 696 3
2 15 758 8
2 2 758 4
4 4 246 18
6 6 717 14
6 6 790 1
8 1 241 9
8 8 241 17
7 7 107 3
7 16 566 3
7 7 566 2
9 8 1363 14
9 9 1363 4
19 19 1431 3
16 16 113 3
17 19 389 4
17 17 389 4
18 18 805 4
1 10 451 1
1 1 451 6
6 6 919 18
19 19 902 4
3 3 269 6
5 13 17 10
5 5 17 1
8 2 267 11
8 8 267 6
0 13 452 10
0 0 452 5
9 9 86 7
10 10 172 2
11 8 253 5
11 11 253 9
12 12 197 15
12 0 1119 13
12 12 1119 1
17 17 707 6
5 7 664 13
5 5 664 2
0 10 959 7
0 0 959 3
11 16 527 13
11 11 527 6
5 5 1308 11
5 18 418 9
5 5 418 1
6 6 48 3
11 18 1069 9
11 11 1069 9
10 16 63 14
10 10 63 1
7 7 164 10
10 10 1157 4
19 13 897 5
19 19 897 3
17 6 167 14
17 17 167 7
18 18 47 2
0 8 558 2
0 0 558 3
0 3 1427 6
1 1 1307 5
3 3 555 6
8 0 1183 6
8 8 1183 5
8 8 105 2
7 7 467 2
12 12 1213 2
15 9 435 13
15 15 435 3
0 11 291 11
0 0 291 3
14 13 694 9
14 14 694 4
11 11 1015 3
19 19 798 2
3 19 229 9
3 3 229 3
19 19 1032 9
5 5 1376 7
11 19 101 10
11 11 101 2
12 14 442 5
12 12 442 1
12 12 967 10
14 14 999 2
0 0 466 15
19 6 37 14
19 19 37 5
2 19 55 13
2 2 55 4
2 14 608 13
2 2 608 4
3 3 713 2
5 8 725 11
5 5 725 2
7 13 298 6
7 7 298 2
2 1 1304 3
2 2 1304 2
15 18 448 3
15 15 448 7
14 2 38 5
14 14 38 7
17 6 1326 8
17 17 1326 3
15 11 229 7
15 15 229 5
16 16 588 17
19 19 1320 3
5 2 718 14
5 5 718 7
0 0 1288 3
1 1 1110 4
4 4 1189 8
10 10 38 6
11 11 956 8
12 9 1061 7
12 12 1061 4
2 12 1142 11
2 2 1142 10
5 14 1243 3
5 5 1243 6
6 6 1243 16
8 15 1158 13
8 8 1158 4
6 6 442 19
7 11 456 7
7 7 456 4
2 2 1269 2
11 17 464 12
11 11 464 1
15 17 800 4
15 15 800 2
17 17 1096 5
14 14 639 4
18 8 953 4
18 18 953 3
0 1 724 4
0 0 724 8
18 10 1231 2
18 18 1231 1
19 1 132 12
19 19 132 12
5 1 1132 5
5 5 1132 2
13 13 243 1
9 5 650 5
9 9 650 4
10 10 1365 4
18 13 950 14
18 18 950 2
2 16 513 3
2 2 513 9
12 10 1291 12
12 12 1291 6
15 15 755 4
0 7 425 7
0 0 425 4
18 11 968 5
18 18 968 28
0 1 1347 5
0 0 1347 2
14 14 1350 3
19 1 916 6
19 19 916 6
6 12 1029 5
6 6 1029 17
6 6 590 13
7 7 238 8
18 3 254 7
18 18 254 14
11 11 804 8
14 17 1093 13
14 14 1093 11
8 16 606 9
8 8 606 1
15 11 820 11
15 15 820 4
15 15 739 1
1 3 667 8
1 1 667 1
0 0 909 2
11 15 691 14
11 11 691 4
4 4 973 41
10 10 64 18
7 7 432 3
11 9 1115 11
11 11 1115 2
7 14 714 12
7 7 714 16
7 2 1169 7
7 7 1169 4
10 10 507 9
12 12 72 5
19 18 598 2
19 19 598 4
6 5 650 3
6 6 650 6
2 15 1137 2
2 2 1137 2
0 10 1121 13
0 0 1121 8
2 7 848 3
2 2 848 2
3 8 537 13
3 3 537 1
6 6 872 20
11 11 2 3
11 0 457 9
11 11 457 3
17 17 1089 1
15 14 970 14
15 15 970 9
18 18 676 1
19 19 1112 8
0 0 870 4
0 17 683 8
0 0 683 2
6 6 18 1
19 11 812 6
19 19 812 14
5 12 1109 6
5 5 1109 23
19 7 461 14
19 19 461 1
5 8 251 13
5 5 251 4
8 16 230 2
8 8 230 3
7 5 86 7
7 7 86 5
10 10 246 5
3 17 564 8
3 3 564 9
16 16 1228 7
13 13 310 1
2 11 1318 11
2 2 1318 7
0 19 789 11
0 0 789 3
18 18 1420 4
19 19 486 3
8 3 1110 7
8 8 1110 3
8 8 288 3
7 7 280 4
7 12 690 7
7 7 690 5
17 17 1304 3
8 8 520 3
15 7 744 2
15 15 744 1
9 16 684 13
9 9 684 5
2 12 1241 8
2 2 1241 14
7 14 425 1
7 7 425 3
7 7 707 4
17 2 649 11
17 17 649 3
10 10 1267 6
16 16 772 14
14 14 679 5
13 1 835 7
13 13 835 12
11 11 565 5
10 10 203 6
12 18 591 5
12 12 591 8
3 3 981 2
5 5 1017 1
18 13 1180 14
18 18 1180 5
18 10 17 2
18 18 17 9
14 14 1390 1
12 10 797 11
12 12 797 6
15 16 979 9
15 15 979 4
2 13 1422 2
2 2 1422 2
1 2 446 3
1 1 446 5
19 3 466 2
19 19 466 10
0 7 1047 2
0 0 1047 3
6 6 1124 13
3 11 1122 5
3 3 1122 3
8 8 1104 1
10 8 676 1
10 10 676 10
14 14 1188 1
12 6 423 1
12 12 423 11
13 13 303 1
19 5 1230 9
19 19 1230 4
18 15 826 7
18 18 826 5
18 18 1104 1
2 1 589 13
2 2 589 1
3 2 361 3
3 3 361 1
5 9 117 7
5 5 117 2
6 6 141 9
9 9 114 2
9 9 517 10
11 11 850 7
14 14 1329 21
5 1 277 4
5 5 277 6
14 14 875 17
18 1 128 12
18 18 128 14
2 9 326 5
2 2 326 5
14 12 949 9
14 14 949 15
5 5 1392 5
4 4 264 24
5 5 390 2
11 11 931 2
14 4 56 13
14 14 56 1
15 15 939 5
14 5 794 14
14 14 794 5
0 15 197 9
0 0 197 4
17 6 500 11
17 17 500 3
1 1 1383 1
8 10 1382 2
8 8 1382 4
9 9 471 7
11 11 1080 9
10 8 361 3
10 10 361 4
12 12 1185 5
19 17 369 5
19 19 369 1
9 4 573 8
9 9 573 3
17 19 719 3
17 17 719 20
19 19 826 2
5 10 1095 9
5 5 1095 1
5 10 237 2
5 5 237 14
5 16 696 1
5 5 696 2
7 7 1135 2
9 9 1392 1
18 18 821 5
17 17 463 4
0 12 1181 4
0 0 1181 2
1 0 1025 6
1 1 1025 8
5 5 126 7
6 6 132 9
10 10 997 14
6 6 1224 1
3 1 1030 8
3 3 1030 2
10 10 1233 4
0 0 886 2
12 19 557 13
12 12 557 3
15 15 766 1
17 16 235 10
17 17 235 14
9 15 576 10
9 9 576 10
2 16 321 11
2 2 321 1
4 4 621 26
15 0 132 5
15 15 132 28
4 4 503 8
3 19 1289 10
3 3 1289 1
9 18 305 3
9 9 305 11
10 10 385 1
11 12 533 7
11 11 533 3
12 13 34 10
12 12 34 16
13 9 948 5
13 13 948 4
12 11 700 14
12 12 700 5
15 17 944 1
15 15 944 5
16 16 882 7
13 13 1376 16
15 10 301 13
15 15 301 3
0 0 937 3
0 19 1142 6
0 0 1142 4
2 11 829 1
2 2 829 2
6 6 1223 1
3 3 963 2
9 14 285 4
9 9 285 4
15 15 1130 2
15 15 545 1
1 6 965 5
1 1 965 5
1 3 115 3
1 1 115 2
2 10 99 11
2 2 99 3
1 1 1257 3
3 15 669 5
3 3 669 6
3 3 1104 4
0 6 1221 2
0 0 1221 8
7 7 189 5
7 7 520 6
15 15 761 3
13 1 98 2
13 13 98 3
17 17 1221 14
16 16 75 2
11 13 1321 11
11 11 1321 1
18 0 355 5
18 18 355 7
0 15 1327 10
0 0 1327 2
16 6 1358 1
16 16 1358 15
19 19 944 5
0 1 1421 2
0 0 1421 6
8 8 469 6
9 9 425 13
9 9 124 19
7 13 1124 13
7 7 1124 8
11 5 279 12
11 11 279 6
13 17 604 1
13 13 604 1
14 14 1197 7
15 8 275 13
15 15 275 9
18 18 1288 5
6 6 1278 1
3 3 955 4
8 17 623 14
8 8 623 15
4 4 1152 10
11 11 522 5
1 1 523 14
19 6 1218 10
19 19 1218 2
17 17 999 6
1 1 941 9
1 13 219 3
1 1 219 6
1 10 1393 13
1 1 1393 2
4 4 1317 5
3 2 968 4
3 3 968 1
5 12 980 1
5 5 980 1
9 9 331 1
17 17 405 17
13 13 830 5
15 15 1139 1
13 13 1119 9
0 0 285 1
1 8 385 3
1 1 385 12
11 11 1223 1
3 3 642 3
6 6 658 18
2 15 25 1
2 2 25 1
7 7 186 3
13 11 321 9
13 13 321 3
12 3 870 7
12 12 870 2
8 0 792 1
8 8 792 7
12 0 7 7
12 12 7 8
12 2 588 2
12 12 588 3
12 12 921 17
15 15 607 2
15 15 10 5
1 12 847 11
1 1 847 6
0 17 1318 8
0 0 1318 5
2 12 1005 5
2 2 1005 1
2 3 598 9
2 2 598 7
4 4 342 15
4 4 1272 19
12 12 888 3
10 10 1330 3
15 15 1370 8
15 15 785 6
14 14 892 1
0 4 59 11
0 0 59 2
0 2 608 10
0 0 608 6
2 11 339 4
2 2 339 3
19 19 627 4
5 5 1168 5
4 4 936 22
6 6 956 2
19 19 34 3
9 7 1014 1
9 9 1014 6
11 11 515 5
7 14 1266 13
7 7 1266 2
13 1 934 7
13 13 934 14
12 2 690 14
12 12 690 7
14 0 698 4
14 14 698 13
0 1 170 4
0 0 170 1
2 8 194 10
2 2 194 3
3 3 167 3
3 3 1073 6
8 10 741 5
8 8 741 7
19 16 331 11
19 19 331 3
10 10 756 1
11 16 656 2
11 11 656 8
11 2 39 9
11 11 39 21
9 9 1314 5
16 16 1168 31
12 12 769 8
17 17 444 10
2 9 1426 1
18 18 600 12
0 1 1267 4
0 0 1267 2
2 3 702 11
2 2 702 2
3 3 1118 2
7 7 359 2
10 16 149 10
10 10 149 23
13 13 136 10
13 16 339 9
13 13 339 2
14 14 355 4
2 16 1285 8
2 2 1285 4
10 10 18 1
3 3 410 19
16 17 231 4
16 16 231 1
5 12 548 12
5 5 548 1
10 10 926 4
10 10 100 3
15 15 798 2
13 13 1338 2
2 4 1204 7
2 2 1204 4
8 5 410 4
8 8 410 25
4 19 602 10
4 4 602 19
5 12 949 14
5 5 949 13
7 18 849 12
7 7 849 2
6 6 1420 9
18 17 906 12
18 18 906 7
7 17 785 10
7 7 785 6
10 10 757 10
15 10 378 8
15 15 378 2
0 5 380 10
0 0 380 2
1 15 610 6
1 1 610 1
0 15 1115 1
0 0 1115 5
1 1 1347 1
4 5 38 12
4 4 38 7
8 6 748 12
8 8 748 10
11 19 1218 6
11 11 1218 5
11 11 330 13
8 14 618 6
8 8 618 5
17 17 610 5
15 3 1164 14
15 15 1164 7
17 17 290 1
2 11 76 12
2 2 76 1
3 3 317 13
8 8 1425 1
3 3 1095 6
6 9 282 13
6 6 282 3
9 9 729 11
13 10 129 9
13 13 129 1
5 12 656 6
5 5 656 2
2 2 434 1
19 4 1254 10
19 19 1254 6
3 3 330 2
9 9 438 10
18 3 847 9
18 18 847 8
5 5 865 2
9 9 1277 4
13 19 1427 7
13 13 1427 2
13 18 583 4
13 13 583 3
13 9 18 9
13 13 18 9
15 15 722 1
14 14 846 3
1 1 189 4
18 5 1397 1
18 18 1397 2
1 15 1323 9
1 1 1323 2
3 6 4 6
3 3 4 16
4 4 926 10
19 19 1224 6
11 11 964 9
12 8 283 3
12 12 283 4
15 11 852 14
15 15 852 7
17 17 285 2
0 12 184 13
0 0 184 3
19 19 750 3
4 4 45 7
10 3 983 13
10 10 983 10
6 6 825 1
17 17 1407 5
18 18 772 3
10 10 308 6
9 0 1284 4
9 9 1284 9
13 4 500 11
13 13 500 2
12 12 1404 2
1 19 801 9
1 1 801 1
0 0 668 3
2 4 688 8
2 2 688 1
4 4 871 4
7 7 1053 4
3 3 877 5
6 6 285 34
10 10 824 5
7 9 620 5
7 7 620 1
13 13 751 2
15 15 1280 1
17 17 1185 3
15 1 97 14
15 15 97 4
2 2 1303 1
0 19 1291 13
0 0 1291 8
18 7 816 4
18 18 816 5
4 4 1014 2
3 3 1245 2
5 15 534 11
5 5 534 1
10 10 896 4
6 18 1294 5
6 6 1294 5
2 17 1077 12
2 2 1077 4
17 17 818 1
14 14 849 26
18 0 558 12
18 18 558 5
0 13 629 7
0 0 629 6
2 2 316 1
5 5 1001 3
7 7 210 25
8 8 523 9
14 9 735 5
14 14 735 2
11 19 384 4
11 11 384 23
17 17 922 1
13 5 1266 3
13 13 1266 1
2 2 1081 1
1 1 39 1
0 3 1065 8
0 0 1065 2
1 15 1373 8
1 1 1373 3
4 4 735 18
3 19 593 9
3 3 593 6
8 11 837 13
8 8 837 9
18 10 501 6
18 18 501 1
4 4 1291 6
9 9 1293 8
11 11 74 4
12 12 84 7
12 11 481 7
12 12 481 10
16 16 342 1
15 12 514 3
15 15 514 1
14 14 300 2
0 4 814 11
0 0 814 4
1 5 80 5
1 1 80 4
2 2 94 5
18 9 1023 7
18 18 1023 5
8 14 980 6
8 8 980 2
15 15 1140 3
1 1 659 1
9 9 1182 1
17 17 637 12
17 17 749 10
15 19 110 8
15 15 110 2
18 18 779 6
5 5 524 10
19 19 542 1
2 8 570 1
2 2 570 3
15 12 603 9
15 15 603 4
10 10 452 3
10 10 966 17
11 11 869 4
13 4 1188 1
13 13 1188 6
13 8 1178 11
13 13 1178 1
13 13 1317 3
1 1 1317 2
3 3 114 4
14 4 842 6
14 14 842 4
6 16 1367 14
6 6 1367 4
5 5 469 7
19 6 706 1
19 19 706 5
10 10 794 1
10 10 343 6
9 9 1144 24
10 10 1142 3
13 7 405 3
13 13 405 17
12 10 1251 14
12 12 1251 12
15 15 337 1
12 5 317 13
12 12 317 6
19 13 198 8
19 19 198 3
5 5 171 1
5 14 358 5
5 5 358 12
7 7 973 2
11 11 700 1
18 5 87 14
18 18 87 2
13 12 859 9
13 13 859 2
15 15 1116 6
19 12 1177 13
19 19 1177 12
1 16 84 4
1 1 84 2
19 19 438 2
1 1 1223 8
3 19 743 7
3 3 743 2
5 10 60 4
5 5 60 4
0 11 1244 4
0 0 1244 15
6 6 1359 8
17 9 1264 5
17 17 1264 8
1 3 1218 10
1 1 1218 5
4 4 913 13
12 12 948 3
14 1 383 1
14 14 383 4
1 1 279 2
19 1 112 11
19 19 112 5
6 6 511 2
2 6 565 1
2 2 565 3
5 5 1319 19
18 3 1028 4
18 18 1028 8
1 1 885 3
2 2 1364 3
16 14 1203 9
16 16 1203 8
11 11 922 9
12 12 177 10
12 10 1035 11
12 12 1035 2
14 14 750 7
15 3 228 4
15 15 228 1
0 7 30 5
0 0 30 9
1 8 128 12
1 1 128 4
2 18 270 4
2 2 270 4
14 11 1001 2
14 14 1001 2
10 10 859 37
15 14 96 12
15 15 96 1
8 4 78 10
8 8 78 2
9 13 1121 7
9 9 1121 5
12 14 256 10
12 12 256 10
1 1 1216 2
5 15 450 5
5 5 450 1
10 10 138 7
2 10 1035 12
2 2 1035 17
18 2 1265 3
18 18 1265 11
14 14 968 16
14 17 1312 2
14 14 1312 4
3 3 607 23
12 11 676 3
12 12 676 14
15 10 1 13
15 15 1 8
16 16 1267 6
17 13 1275 5
17 17 1275 29
13 13 827 3
17 6 401 10
17 17 401 4
1 7 511 9
1 1 511 2
2 2 487 13
2 3 423 6
2 2 423 11
0 0 698 4
5 14 843 3
5 5 843 9
7 6 603 14
7 7 603 6
17 12 983 7
17 17 983 5
12 18 947 12
12 12 947 1
5 8 301 11
5 5 301 3
16 19 730 5
16 16 730 5
18 18 575 11
2 9 406 12
2 2 406 8
2 19 524 14
2 2 524 5
10 10 145 4
8 8 1052 10
15 3 477 9
15 15 477 3
4 4 1218 1
12 11 168 4
12 12 168 9
15 15 1420 18
15 15 891 2
17 3 360 5
17 17 360 2
13 19 1367 6
13 13 1367 3
19 19 111 1
3 3 96 8
4 4 463 33
18 4 1160 2
18 18 1160 4
7 3 946 5
7 7 946 7
7 7 1401 4
7 7 1220 4
13 15 1053 11
13 13 1053 8
14 14 1391 5
2 17 741 8
2 2 741 1
6 6 1167 5
3 11 1051 10
3 3 1051 6
2 2 1223 2
11 9 113 6
11 11 113 4
14 14 1279 1
5 1 64 8
5 5 64 6
15 15 537 1
13 10 1134 11
13 13 1134 2
2 2 1352 1
2 18 510 7
2 2 510 1
2 2 43 5
1 6 1233 10
1 1 1233 2
3 3 725 4
8 0 286 8
8 8 286 2
19 12 585 3
19 19 585 13
11 11 206 1
13 13 222 3
12 12 938 9
18 0 884 2
18 18 884 4
19 16 433 13
19 19 433 5
17 6 226 11
17 17 226 2
5 12 522 2
5 5 522 2
7 7 335 2
9 5 591 12
9 9 591 5
16 16 473 4
17 4 615 6
17 17 615 3
15 6 234 9
15 15 234 14
1 12 559 1
1 1 559 9
19 0 239 9
19 19 239 4
1 9 1288 5
1 1 1288 1
2 8 342 8
2 2 342 2
17 6 841 4
17 17 841 4
19 10 1159 2
19 19 1159 5
7 7 428 4
5 6 227 13
5 5 227 6
13 5 1013 4
13 13 1013 5
15 19 1406 11
15 15 1406 3
19 19 1087 3
4 4 1123 5
19 1 348 10
19 19 348 2
16 7 1263 5
16 16 1263 4
8 8 1324 4
8 8 865 5
7 8 568 12
7 7 568 2
9 19 1321 2
9 9 1321 1
16 6 1249 11
16 16 1249 14
0 0 523 1
19 10 1196 12
19 19 1196 2
1 0 457 7
1 1 457 6
13 2 1129 3
13 13 1129 2
2 10 623 8
2 2 623 4
3 3 263 1
4 4 159 4
5 7 23 13
5 5 23 2
11 11 1389 4
9 9 1210 4
6 6 643 6
10 10 538 7
12 11 532 6
12 12 532 5
16 16 1407 21
18 18 162 3
0 3 953 12
0 0 953 2
18 8 1336 4
18 18 1336 4
2 14 981 13
2 2 981 2
2 2 542 4
8 7 607 2
8 8 607 1
5 16 627 7
5 5 627 14
10 10 53 8
7 15 1189 4
7 7 1189 4
10 10 1179 4
13 14 40 5
13 13 40 4
13 1 1214 2
13 13 1214 3
16 16 750 8
1 6 1281 4
1 1 1281 5
8 8 1348 7
3 7 1016 13
3 3 1016 1
15 12 1334 13
15 15 1334 1
8 8 99 2
7 3 469 5
7 7 469 2
9 19 782 4
9 9 782 1
12 10 301 7
12 12 301 1
17 17 1117 8
14 14 57 19
18 12 507 13
18 18 507 10
18 18 1242 23
6 6 791 6
18 18 1105 1
7 16 106 7
7 7 106 1
7 7 561 3
1 1 257 2
12 12 444 1
17 16 1262 11
17 17 1262 2
17 17 561 10
17 17 388 1
2 4 1370 6
2 2 1370 8
0 7 1211 9
0 0 1211 1
17 7 251 6
17 17 251 8
3 3 268 1
3 3 1174 4
7 7 300 28
19 2 1268 3
19 19 1268 3
19 15 733 3
19 19 733 2
14 13 1144 2
14 14 1144 3
17 17 895 1
17 17 706 1
2 6 355 5
2 2 355 4
19 0 1014 7
19 19 1014 3
8 2 1073 8
8 8 1073 9
19 19 533 2
1 1 520 3
11 11 902 5
13 10 918 12
13 13 918 3
12 7 738 10
12 12 738 16
15 1 248 9
15 15 248 4
2 7 274 6
2 2 274 2
1 6 1306 12
1 1 1306 1
8 9 1355 12
8 8 1355 1
6 6 895 24
2 2 317 2
10 10 370 2
19 1 191 5
19 19 191 4
9 9 455 12
3 11 1241 5
3 3 1241 4
13 16 1032 5
13 13 1032 12
13 13 553 2
18 18 959 6
0 5 734 12
0 0 734 3
1 0 1163 6
1 1 1163 6
4 9 673 2
4 4 673 23
6 0 782 7
6 6 782 8
11 11 100 1
16 16 1247 2
19 5 1007 11
19 19 1007 3
14 14 435 10
1 1 784 17
0 10 792 2
0 0 792 1
13 14 669 1
13 13 669 2
6 6 368 3
4 4 141 18
5 6 25 11
5 5 25 2
9 11 395 12
9 9 395 3
15 15 1395 11
17 11 14 13
17 17 14 3
19 19 1323 20
17 10 441 14
17 17 441 3
3 3 386 19
6 6 1334 15
5 12 613 8
5 5 613 2
11 11 1061 8
13 13 911 4
16 16 322 10
16 0 791 4
16 16 791 6
14 14 774 1
16 15 786 8
16 16 786 5
15 3 37 8
15 15 37 2
15 19 1216 6
15 15 1216 5
15 15 1041 9
17 16 914 13
17 17 914 4
13 17 1025 3
13 13 1025 5
0 4 864 7
0 0 864 4
0 3 1050 12
0 0 1050 3
19 17 806 14
19 19 806 4
18 10 1392 1
18 18 1392 5
6 6 330 10
17 15 525 13
17 17 525 13
14 14 1243 3
12 12 434 8
15 15 1158 2
17 5 547 10
17 17 547 7
15 12 40 10
15 15 40 17
1 1 476 7
2 9 15 13
2 2 15 5
2 11 632 3
2 2 632 15
3 12 817 2
3 3 817 8
18 17 55 12
18 18 55 5
16 16 1235 7
19 12 881 7
19 19 881 1
18 7 538 3
18 18 538 2
16 16 255 11
18 17 856 4
18 18 856 4
4 4 1400 18
5 6 1293 6
5 5 1293 12
5 3 622 8
5 5 622 5
7 18 435 8
7 7 435 21
7 7 1168 1
15 12 932 6
15 15 932 3
12 8 1 1
12 12 1 6
15 15 206 3
0 0 1270 2
18 18 747 1
19 18 42 7
19 19 42 4
3 1 69 3
3 3 69 13
6 6 1259 1
15 5 935 3
15 15 935 3
10 15 811 8
10 10 811 3
11 15 5 5
11 11 5 10
13 13 793 4
15 4 1054 1
15 15 1054 1
13 11 1082 12
13 13 1082 8
1 12 1009 1
1 1 1009 5
5 5 395 10
1 1 111 1
19 19 376 5
2 2 704 10
3 10 1148 9
3 3 1148 10
5 5 693 2
5 0 768 14
5 5 768 6
7 11 540 3
7 7 540 1
8 19 996 7
8 8 996 6
1 13 304 6
1 1 304 7
14 13 445 3
14 14 445 2
13 0 1419 1
13 13 1419 5
1 11 866 3
1 1 866 1
2 2 477 1
19 19 489 11
2 2 627 1
9 9 1424 1
6 6 1302 16
10 10 517 4
13 13 560 3
17 12 866 2
17 17 866 4
15 15 367 1
17 17 67 19
0 2 80 7
0 0 80 4
2 6 953 5
2 2 953 19
18 7 422 6
18 18 422 4
8 18 1062 1
8 8 1062 11
5 16 599 6
5 5 599 4
17 17 336 4
17 15 11 4
17 17 11 3
7 12 1161 4
7 7 1161 7
11 11 368 10
8 9 905 7
8 8 905 4
13 6 1186 5
13 13 1186 2
2 16 1097 10
2 2 1097 4
0 6 564 12
0 0 564 2
19 19 711 11
5 4 1228 3
5 5 1228 2
3 3 513 13
6 6 864 8
18 2 880 8
18 18 880 4
13 13 786 2
17 8 1081 12
17 17 1081 3
17 7 701 4
17 17 701 4
1 2 970 7
1 1 970 14
1 1 445 1
0 11 675 10
0 0 675 4
1 1 1182 2
3 3 686 11
3 8 1125 12
3 3 1125 14
4 4 1149 3
5 2 777 11
5 5 777 6
11 11 1329 15
11 11 139 5
14 14 1189 5
2 2 114 6
16 16 94 19
1 2 302 14
1 1 302 2
13 0 1068 7
13 13 1068 14
0 6 1159 8
0 0 1159 10
5 17 116 8
5 5 116 1
4 4 1036 1
11 1 1422 4
7 7 1137 6
14 14 1108 5
13 13 244 24
15 14 773 1
15 15 773 1
16 16 211 8
1 1 660 7
1 14 351 1
1 1 351 5
19 0 168 3
19 19 168 4
5 5 1188 2
8 18 610 2
8 8 610 1
6 6 29 7
17 17 1045 1
7 7 876 16
11 19 543 3
11 11 543 7
7 18 1158 6
7 7 1158 2
15 6 938 2
15 15 938 1
15 15 353 2
2 11 1088 14
2 2 1088 1
1 13 200 13
1 1 200 8
17 9 713 1
17 17 713 2
6 2 1116 10
6 6 1116 8
4 7 1314 9
4 4 1314 3
11 11 1241 5
10 3 404 6
10 10 404 2
15 15 1132 5
15 15 406 14
19 6 1129 8
19 19 1129 7
0 15 671 12
0 0 671 2
2 15 105 12
2 2 105 1
13 13 1370 6
14 14 757 6
6 6 234 3
8 1 149 1
8 8 149 1
13 11 156 10
13 13 156 2
12 10 996 1
12 12 996 1
16 8 85 7
16 16 85 3
1 16 132 8
1 1 132 8
3 3 295 6
19 8 64 1
19 19 64 4
18 18 1096 6
8 14 1093 11
8 8 1093 11
8 8 922 13
8 12 1105 8
8 8 1105 5
9 9 122 2
4 4 1187 2
9 4 1216 2
9 9 1216 11
15 15 1367 3
12 4 1147 2
12 12 1147 6
12 4 1408 10
12 12 1408 2
13 2 1294 12
13 13 1294 5
19 4 1351 10
19 19 1351 1
2 14 350 9
2 2 350 1
19 19 612 10
5 2 1197 2
5 5 1197 13
3 8 510 13
3 3 510 3
5 0 861 9
5 5 861 4
6 6 20 2
11 11 1089 3
0 9 247 5
0 0 247 1
17 17 1005 12
17 17 304 6
0 5 360 10
0 0 360 3
1 18 193 11
1 1 193 3
18 5 1185 12
18 18 1185 1
1 17 1407 14
1 1 1407 5
5 5 1086 9
6 6 1220 3
8 18 13 13
8 8 13 1
10 10 708 6
11 11 1246 2
14 9 487 13
14 14 487 8
13 4 1061 2
13 13 1061 6
13 13 1221 5
18 18 615 21
18 18 1072 6
2 11 685 10
2 2 685 3
5 17 1103 14
5 5 1103 3
6 6 237 3
10 10 599 9
9 17 677 8
9 9 677 1
15 19 160 1
15 15 160 5
1 1 623 1
13 0 1181 3
13 13 1181 4
15 0 1178 1
15 15 1178 10
14 14 406 20
6 6 51 2
2 13 1328 10
2 2 1328 5
0 0 1019 1
2 9 422 3
2 2 422 1
19 1 508 3
19 19 508 19
17 15 903 8
17 17 903 11
5 1 561 12
5 5 561 3
17 13 1090 9
17 17 1090 6
9 11 99 1
9 9 99 3
19 19 738 12
11 11 278 1
12 12 152 2
15 7 779 12
15 15 779 6
16 18 219 11
16 16 219 10
1 7 742 11
1 1 742 2
17 11 1334 10
17 17 1334 1
4 4 511 27
5 0 578 13
5 5 578 2
9 11 972 13
9 9 972 6
7 7 1268 6
10 10 575 8
11 11 955 1
17 17 297 2
2 2 1106 16
18 18 719 16
0 14 1102 6
0 0 1102 3
6 9 1280 1
6 6 1280 5
6 6 853 11
8 9 52 12
8 8 52 5
7 7 36 12
18 0 159 2
18 18 159 3
11 11 666 5
19 6 777 14
19 19 777 9
18 12 226 9
18 18 226 4
8 8 959 1
4 4 23 6
0 4 286 4
0 0 286 2
1 1 384 1
6 6 94 2
2 18 123 3
2 2 123 1
5 17 1096 11
5 5 1096 2
3 3 645 11
5 6 868 4
5 5 868 13
9 9 27 1
17 17 860 6
10 10 1393 13
12 4 0 11
12 12 0 1
15 18 1332 10
15 15 1332 2
17 17 679 3
0 0 397 11
2 2 417 5
12 18 502 2
12 12 502 7
19 0 550 5
19 19 550 2
3 10 786 10
3 3 786 10
6 6 546 20
17 5 1060 10
17 17 1060 21
10 10 545 6
11 11 271 1
13 13 31 9
16 16 269 4
17 1 657 11
17 17 657 3
17 17 228 1
18 18 234 10
2 10 336 7
2 2 336 3
6 6 1384 15
7 3 859 8
7 7 859 12
15 5 380 6
15 15 380 6
18 18 125 1
0 17 1093 3
0 0 1093 3
3 3 249 2
19 14 1138 12
19 19 1138 2
3 3 637 5
5 5 182 1
16 13 652 6
16 16 652 5
4 4 496 7
4 4 1271 1
15 14 1147 8
15 15 1147 1
12 12 1359 3
7 7 541 12
19 4 1148 4
19 19 1148 5
13 13 1137 5
3 17 311 9
3 3 311 6
5 11 199 11
5 5 199 2
5 5 658 4
8 8 138 1
9 9 28 12
12 6 1069 10
12 12 1069 4
10 10 398 6
13 13 338 1
14 14 352 3
2 4 1282 9
2 2 1282 3
1 13 1131 11
1 1 1131 6
7 7 372 2
19 19 440 6
15 19 443 3
15 15 443 5
13 15 589 6
13 13 589 9
12 1 1120 9
12 12 1120 8
16 16 201 10
1 3 238 13
1 1 238 12
0 19 51 12
0 0 51 8
12 18 1032 14
12 12 1032 2
8 6 1225 3
8 8 1225 24
5 12 505 14
5 5 505 4
1 3 867 5
1 1 867 8
7 10 848 11
7 7 848 1
11 11 571 4
13 13 990 21
1 3 958 10
1 1 958 1
5 0 764 6
5 5 764 1
0 3 1370 3
0 0 1370 6
2 2 775 2
3 3 1365 7
18 18 446 5
5 9 965 13
5 5 965 3
10 10 266 13
10 10 1069 4
14 10 1362 1
14 14 1362 3
15 0 1088 5
15 15 1088 9
15 3 575 13
15 15 575 8
18 18 314 4
2 2 77 7
2 3 694 8
2 2 694 7
19 16 2 5
19 19 2 14
8 9 1426 5
3 2 1094 12
3 3 1094 1
18 18 269 2
9 9 5 16
11 11 793 9
11 11 172 4
17 17 151 7
17 2 1199 14
17 17 1199 2
14 14 363 7
15 15 27 3
18 18 333 11
1 12 259 7
1 1 259 6
2 12 435 9
2 2 435 10
19 10 531 7
19 19 531 2
3 5 527 8
3 3 527 10
18 18 291 7
10 6 1011 14
10 10 1011 1
8 13 459 9
8 8 459 10
7 7 1106 13
10 13 1266 2
10 10 1266 1
9 1 540 11
9 9 540 5
2 2 290 5
2 2 879 6
3 3 474 6
8 8 517 3
7 9 386 12
7 7 386 19
10 10 418 21
13 13 983 7
17 17 1414 7
14 14 645 4
18 4 418 13
18 18 418 1
1 10 634 10
1 1 634 16
19 7 125 11
19 19 125 7
15 1 1335 13
15 15 1335 2
12 17 575 12
12 12 575 13
1 10 47 14
1 1 47 25
8 8 41 5
16 4 288 6
16 16 288 34
9 17 108 4
9 9 108 6
14 14 1365 25
15 4 1097 3
15 15 1097 1
15 10 516 14
15 15 516 1
16 16 245 10
0 13 808 13
0 0 808 6
18 18 587 7
2 9 68 2
2 2 68 8
2 2 689 5
17 17 249 1
5 14 201 8
5 5 201 2
18 13 330 9
18 18 330 3
10 4 132 9
10 10 132 6
13 13 750 1
6 2 494 6
6 6 494 17
13 13 324 9
14 11 370 8
14 14 370 3
17 17 62 2
18 18 785 4
15 19 617 5
15 15 617 7
8 19 957 13
8 8 957 1
9 9 508 9
18 7 922 13
18 18 922 12
14 6 168 2
14 14 168 18
15 15 727 1
0 8 1 13
0 0 1 4
19 6 210 8
19 19 210 5
13 19 863 3
13 13 863 5
3 6 451 10
3 3 451 4
3 17 918 9
3 3 918 8
2 2 453 8
8 8 65 9
7 0 507 8
7 7 507 4
7 11 838 12
7 7 838 7
15 18 658 2
15 15 658 1
15 5 1057 2
15 15 1057 7
15 5 924 5
15 15 924 5
7 7 556 4
1 1 904 5
18 9 563 10
18 18 563 12
18 6 1276 2
18 18 1276 2
6 6 1179 6
5 15 380 9
5 5 380 6
9 5 263 11
9 9 263 2
9 9 64 1
15 15 525 2
13 17 1090 11
13 13 1090 9
13 13 1160 10
19 4 871 4
19 19 871 3
5 5 50 2
5 5 653 2
9 9 714 12
2 10 1135 7
2 2 1135 2
12 12 958 5
14 14 373 1
15 15 105 4
2 8 1263 3
2 2 1263 5
1 1 508 2
19 19 106 2
14 14 998 1
5 10 1341 13
5 5 1341 5
2 15 1367 3
2 2 1367 3
9 10 896 4
9 9 896 3
10 10 30 2
7 11 1088 1
7 7 1088 2
12 2 187 10
12 12 187 2
11 11 1143 2
12 12 1037 16
14 2 740 14
14 14 740 4
19 19 1393 6
2 8 461 14
2 2 461 11
4 4 868 2
5 18 1267 14
5 5 1267 1
17 7 287 13
17 17 287 3
5 9 468 10
5 5 468 1
5 6 943 13
5 5 943 3
10 11 795 9
10 10 795 1
10 10 340 3
7 15 1290 14
7 7 1290 2
11 11 440 3
12 12 266 1
0 1 1057 13
0 0 1057 1
2 17 784 6
2 2 784 1
19 17 88 10
19 19 88 4
8 6 1336 13
8 8 1336 1
10 10 746 10
7 7 972 1
10 10 1421 11
13 11 655 11
13 13 655 3
12 12 409 3
18 18 813 3
16 16 988 49
14 14 997 1
0 0 1387 2
0 10 1232 1
0 0 1232 2
3 3 275 20
4 4 163 10
3 3 1213 9
6 6 187 31
8 6 166 13
8 8 166 1
9 9 56 8
13 10 171 1
13 13 171 3
0 8 96 3
0 0 96 7
1 0 278 7
1 1 278 1
1 7 1420 11
1 1 1420 3
2 2 562 3
6 6 513 14
8 8 480 1
7 7 754 5
11 11 288 2
15 0 1012 8
15 15 1012 1
12 12 767 2
14 14 186 3
13 13 1170 2
17 17 185 20
2 2 888 5
3 6 561 14
3 3 561 3
8 1 1253 13
8 8 1253 9
19 13 547 11
19 19 547 3
11 5 433 9
11 11 433 7
16 8 511 6
16 16 511 3
14 14 670 6
1 1 922 3
0 11 142 6
0 0 142 1
0 5 755 11
0 0 755 1
19 0 772 7
19 19 772 1
15 9 528 3
15 15 528 5
8 5 1343 10
8 8 1343 5
5 0 825 12
5 5 825 4
7 13 1424 5
7 7 1424 7
11 15 123 7
11 11 123 1
13 0 648 11
13 13 648 6
15 15 1188 2
18 5 286 10
18 18 286 5
1 1 510 1
19 19 446 4
1 1 1247 7
3 3 1186 5
0 1 264 1
0 0 264 2
17 17 302 2
16 19 278 13
16 16 278 10
13 13 537 3
15 11 1237 3
15 15 1237 6
16 16 610 5
0 16 103 10
0 0 103 2
0 10 940 8
0 0 940 3
19 2 559 3
19 19 559 4
8 19 594 4
8 8 594 12
4 4 1219 8
7 7 337 1
15 18 224 10
15 15 224 4
19 11 1356 2
19 19 1356 4
13 18 53 14
13 13 53 2
14 14 189 3
15 19 305 2
15 15 305 1
2 13 1168 11
2 2 1168 1
18 16 653 4
18 18 653 7
14 14 562 11
8 8 1367 5
1 11 814 7
1 1 814 3
7 4 486 10
7 7 486 4
10 10 1145 10
13 9 1175 7
13 13 1175 3
18 5 540 9
18 18 540 5
17 14 1389 2
17 17 1389 5
16 16 645 2
3 10 1050 7
3 3 1050 1
7 8 874 12
7 7 874 2
7 7 119 17
11 11 685 6
11 11 112 1
2 16 885 4
2 2 885 2
1 1 140 4
2 12 1353 9
2 2 1353 2
2 17 511 6
2 2 511 2
19 9 455 12
19 19 455 2
5 7 45 6
5 5 45 2
6 6 181 6
1 1 769 3
9 3 1200 13
9 9 1200 7
17 5 771 12
17 17 771 2
11 11 1094 8
17 9 1164 7
17 17 1164 20
0 0 126 3
18 18 1342 24
16 13 24 3
16 16 24 9
19 19 1003 4
4 4 288 2
6 6 1011 6
6 6 68 23
19 17 847 9
19 19 847 19
11 15 907 1
11 11 907 2
1 17 558 13
1 1 558 1
18 18 644 4
19 19 238 1
2 17 842 13
2 2 842 4
3 3 104 2
1 1 1235 2
16 16 1107 2
15 15 1029 12
18 18 535 3
1 7 1208 10
1 1 1208 3
5 18 1151 7
5 5 1151 1
3 3 588 2
5 5 133 24
6 15 797 1
6 6 797 21
8 8 204 16
9 11 194 12
9 9 194 13
3 3 996 20
9 14 1320 9
9 9 1320 1
12 12 121 6
15 15 1194 5
15 8 609 3
15 15 609 1
0 13 779 7
0 0 779 3
2 1 502 8
2 2 502 2
0 16 1189 10
0 0 1189 2
3 4 262 2
3 3 262 1
2 10 200 9
2 2 200 11
8 8 1009 7
1 1 706 19
7 7 253 4
7 17 584 8
7 7 584 10
9 12 1209 4
9 9 1209 1
13 17 353 9
13 13 353 6
15 6 77 14
15 15 77 2
19 15 1308 13
19 19 1308 2
2 7 361 13
2 2 361 3
2 2 978 3
1 10 1114 7
1 1 1114 15
1 1 760 1
11 5 1078 8
11 11 1078 2
11 11 343 12
17 17 790 3
15 3 263 6
15 15 263 12
2 6 1122 2
2 2 1122 2
18 4 767 10
18 18 767 2
4 4 777 18
5 5 1239 4
4 4 446 5
9 9 378 12
5 1 1181 1
5 5 1181 3
12 0 302 6
12 12 302 4
12 11 891 11
12 12 891 3
17 17 935 9
13 13 176 5
18 1 504 4
18 18 504 1
19 10 795 4
19 19 795 3
17 17 1025 3
3 3 1032 15
6 6 345 9
7 5 560 7
7 7 560 1
9 17 1361 3
9 9 1361 2
12 13 112 3
12 12 112 9
12 12 445 3
15 15 1203 1
12 12 1303 28
14 14 994 3
0 0 770 6
8 17 1328 1
8 8 1328 3
0 6 1212 8
0 0 1212 2
8 3 1016 10
8 8 1016 1
5 5 746 2
10 10 964 2
9 9 751 31
19 19 804 2
12 12 524 4
7 4 1119 3
7 7 1119 5
17 17 705 1
0 1 76 8
0 0 76 2
19 19 1017 1
8 6 583 7
8 8 583 11
10 10 480 26
10 10 61 2
7 14 1181 8
7 7 1181 3
10 12 1155 4
10 10 1155 2
16 18 332 1
16 16 332 10
17 5 165 6
17 17 165 2
1 1 568 5
18 19 758 1
18 18 758 9
19 16 1360 13
19 19 1360 13
2 15 860 13
2 2 860 3
8 15 1356 11
8 8 1356 3
0 18 1277 9
0 0 1277 7
8 8 107 4
9 9 355 5
7 7 705 2
12 17 332 4
12 12 332 5
16 16 1089 4
14 14 467 3
12 13 1215 6
12 12 1215 16
14 14 634 5
0 16 874 8
0 0 874 3
18 18 1234 8
19 19 800 4
6 6 1137 12
8 8 677 1
7 7 553 3
11 11 103 9
13 13 684 4
14 14 1290 1
17 8 124 14
17 17 124 15
0 0 793 1
18 0 60 3
18 18 60 3
0 0 1203 8
3 6 715 2
3 3 715 10
2 3 84 12
2 2 84 3
9 9 93 3
7 7 1029 10
11 11 244 9
12 6 254 14
12 12 254 2
12 16 523 7
12 12 523 1
14 17 238 11
14 14 238 8
15 9 740 6
15 15 740 4
2 8 379 4
2 2 379 3
15 15 1064 5
2 6 529 1
2 2 529 6
3 3 856 11
5 15 425 5
5 5 425 16
5 5 612 1
9 4 283 10
9 9 283 2
9 9 609 14
7 7 1178 2
14 14 108 4
15 17 862 13
15 15 862 7
13 6 707 6
13 13 707 2
14 11 775 11
14 14 775 3
2 5 1140 12
2 2 1140 2
2 4 234 12
2 2 234 14
4 4 538 21
8 1 1395 4
8 8 1395 3
9 9 1025 5
7 7 1250 10
11 11 1205 12
2 18 1091 13
2 2 1091 6
15 2 442 10
15 15 442 1
19 19 370 6
3 3 675 1
8 8 684 1
5 17 774 4
5 5 774 3
7 9 91 11
7 7 91 3
11 11 1282 4
10 10 1363 2
13 17 677 2
13 13 677 5
13 18 315 3
13 13 315 6
17 7 546 7
17 17 546 1
2 1 1325 3
2 2 1325 3
0 14 1349 1
0 0 1349 6
0 0 542 5
6 6 1228 4
3 3 816 1
1 1 950 8
4 4 1055 4
9 9 70 16
7 0 695 3
7 7 695 4
9 13 65 9
9 9 65 5
13 17 566 11
13 13 566 6
17 17 691 10
14 14 76 3
0 14 911 3
0 0 911 1
18 18 320 6
8 17 394 11
8 8 394 2
11 17 1117 8
11 11 1117 9
1 1 959 1
11 11 378 6
12 19 657 9
12 12 657 5
17 17 1017 7
17 17 332 4
13 13 1395 2
0 19 201 9
0 0 201 2
0 9 574 12
0 0 574 9
19 19 266 2
2 0 814 8
2 2 814 5
6 6 1232 11
5 5 291 5
5 12 1022 6
5 5 1022 5
10 10 808 3
17 12 554 11
17 17 554 7
3 7 1057 10
3 3 1057 5
13 4 792 3
13 13 792 1
12 12 864 3
14 14 580 7
1 1 1008 1
0 15 888 7
0 0 888 11
0 0 685 11
15 16 341 2
15 15 341 5
9 9 1126 2
18 18 1402 4
4 4 1143 6
5 19 783 12
5 5 783 1
10 13 699 10
10 10 699 5
9 9 689 5
2 2 765 6
15 15 984 2
13 3 308 9
13 13 308 2
16 16 88 6
0 0 418 2
1 2 468 13
1 1 468 8
1 1 100 2
3 3 825 18
6 6 1401 6
4 4 1030 6
7 15 684 3
7 7 684 3
11 11 226 7
12 1 569 4
12 12 569 5
13 13 1307 7
1 1 658 1
0 1 902 2
0 0 902 7
2 7 333 5
2 2 333 3
2 9 950 14
2 2 950 3
5 14 1210 11
5 5 1210 3
14 14 893 7
3 13 1309 8
3 3 1309 6
9 9 1427 4
7 13 1160 10
7 7 1160 1
2 9 725 4
2 2 725 3
16 16 1063 13
16 16 433 13
13 5 1185 11
13 13 1185 1
1 14 515 7
1 1 515 5
0 7 1146 8
0 0 1146 11
5 18 1227 7
5 5 1227 1
8 8 1377 5
3 3 983 5
7 7 903 11
18 4 863 5
18 18 863 5
10 15 1039 11
10 10 1039 7
7 15 892 1
7 7 892 11
13 2 476 1
13 13 476 4
0 10 266 13
0 0 266 4
2 13 111 4
2 2 111 3
2 1 728 13
2 2 728 4
0 0 417 1
3 1 657 1
3 3 657 12
6 6 240 3
10 10 1349 5
14 9 1194 13
14 14 1194 3
15 5 610 2
15 15 610 6
15 13 57 10
15 15 57 20
0 0 1006 2
0 0 1363 1
18 0 1102 10
18 18 1102 2
1 1 1038 19
4 4 1037 18
18 2 271 5
18 18 271 3
7 7 677 7
19 11 253 14
19 19 253 4
12 12 235 12
12 12 560 5
17 17 1028 17
17 17 685 6
15 15 174 8
1 1 747 9
19 11 606 6
19 19 606 6
3 3 847 5
8 2 611 5
8 8 611 1
5 5 607 1
7 2 416 1
7 7 416 9
11 16 933 4
11 11 933 1
17 10 29 3
17 17 29 5
19 4 900 13
19 19 900 2
15 3 949 14
15 15 949 6
13 13 1242 4
2 2 1089 1
0 1 524 13
0 0 524 6
4 4 759 18
18 1 1206 1
18 18 1206 15
3 8 988 4
3 3 988 6
3 6 1427 2
3 3 1427 1
5 5 992 4
9 8 325 14
9 9 325 6
10 10 279 14
19 8 1090 14
19 19 1090 5
14 14 1117 23
12 17 790 3
12 12 790 1
15 9 986 3
15 15 986 25
13 12 1067 8
13 13 1067 1
18 19 1127 13
18 18 1127 10
16 7 865 11
16 16 865 17
2 2 102 3
1 17 1174 11
1 1 1174 2
5 7 235 3
5 5 235 2
19 19 500 7
9 9 675 2
11 2 764 1
11 11 764 13
0 0 171 1
16 16 1399 8
19 9 939 1
19 19 939 4
12 6 997 14
12 12 997 11
0 3 1183 3
0 0 1183 1
2 16 578 10
2 2 578 1
19 10 1153 8
19 19 1153 3
5 15 124 6
5 5 124 2
5 5 567 11
8 15 1415 2
8 8 1415 1
9 9 121 1
12 0 867 11
12 12 867 1
11 11 272 6
13 13 236 4
17 5 851 1
17 17 851 4
16 16 229 2
12 12 872 15
2 9 351 4
2 2 351 4
5 14 1196 1
5 5 1196 1
5 5 1383 1
6 6 1407 1
3 12 1291 7
3 3 1291 2
8 8 447 2
15 6 361 7
15 15 361 6
0 0 515 6
0 4 1096 11
0 0 1096 3
14 2 1147 5
14 14 1147 1
3 6 526 8
3 3 526 1
3 3 965 3
8 8 14 1
9 5 179 7
9 9 179 3
11 11 612 4
10 10 1073 15
8 3 958 1
8 8 958 1
13 13 462 3
10 10 259 7
18 18 549 1
1 1 398 33
18 18 612 3
3 3 200 3
15 10 1364 1
15 15 1364 3
8 7 328 13
8 8 328 1
8 8 886 2
14 6 1204 2
14 14 1204 4
12 16 599 11
12 12 599 5
10 10 608 5
16 16 77 8
16 16 530 3
15 11 515 7
15 15 515 1
0 0 1020 1
0 4 1313 12
0 0 1313 5
18 16 1088 1
18 18 1088 8
2 8 605 2
2 2 605 3
9 9 953 7
5 5 101 7
4 4 1267 4
7 7 257 4
10 10 551 3
19 12 92 5
19 19 92 5
15 2 778 7
15 15 778 1
15 15 705 17
15 14 188 4
15 15 188 2
1 13 741 9
1 1 741 1
18 18 1286 2
5 5 1173 8
3 3 486 13
6 6 12 6
18 6 743 9
18 18 743 4
11 11 1145 4
9 9 1414 3
11 11 27 12
10 10 1193 9
8 12 150 2
8 8 150 16
15 1 955 5
15 15 955 1
15 3 374 10
15 15 374 4
1 1 1399 3
8 8 736 4
4 4 1297 8
15 17 1190 5
15 15 1190 3
9 9 1303 4
12 12 511 6
8 8 616 2
14 13 495 10
14 14 495 24
15 15 487 14
0 4 836 7
0 0 836 1
1 1 74 6
2 2 120 3
6 6 656 2
5 2 680 9
5 5 680 6
1 1 777 1
7 14 180 9
7 7 180 3
10 19 1375 11
10 10 1375 9
9 3 1376 6
9 9 1376 9
10 9 1406 11
10 10 1406 9
16 16 1381 6
9 9 964 8
18 18 344 11
0 4 1011 3
0 0 1011 5
4 4 795 3
5 5 110 4
13 5 311 12
13 13 311 4
9 9 1265 4
12 4 733 2
12 12 733 3
15 3 632 1
15 15 632 11
14 14 265 1
0 0 61 2
18 18 692 1
18 18 1281 2
3 12 1401 3
3 3 1401 7
9 3 289 6
9 9 289 6
7 4 1260 7
7 7 1260 6
10 10 1104 17
14 1 815 9
14 14 815 5
3 3 82 14
0 10 172 2
0 0 172 6
1 1 210 9
19 19 303 4
1 0 1352 11
1 1 1352 17
5 5 1071 1
6 6 760 4
6 6 845 8
9 17 178 7
9 9 178 1
7 8 1003 3
7 7 1003 6
11 8 89 2
11 11 89 1
13 17 821 12
13 13 821 4
13 13 448 3
13 6 1110 6
13 13 1110 9
2 2 1424 2
4 4 804 21
0 3 1269 10
0 0 1269 1
8 5 801 7
8 8 801 8
8 6 139 11
8 8 139 1
9 3 726 3
9 9 726 3
9 19 1385 6
9 9 1385 7
16 16 7 4
8 8 1002 4
0 0 113 2
16 16 187 14
14 14 986 8
19 19 1260 4
1 1 265 6
0 8 1343 5
0 0 1343 1
2 2 994 7
13 5 162 7
13 13 162 6
9 9 1068 18
7 16 194 7
7 7 194 15
9 9 551 18
15 15 792 1
14 10 325 14
14 14 325 27
15 15 130 2
19 19 1373 13
4 4 409 22
18 18 1400 2
3 3 468 2
3 3 939 12
5 9 947 2
5 5 947 2
7 7 851 8
11 13 570 7
11 11 570 1
15 0 905 4
15 15 905 3
14 16 643 4
14 14 643 2
0 3 382 4
0 0 382 2
1 14 43 14
1 1 43 4
0 0 1299 1
8 11 442 1
8 8 442 5
9 19 187 14
9 9 187 6
9 9 846 11
5 15 160 10
5 5 160 9
13 13 505 5
13 6 1103 1
13 13 1103 4
0 0 493 11
11 11 777 2
1 1 1266 5
17 3 250 10
17 17 250 1
6 6 1081 23
5 14 666 13
5 5 666 14
13 3 191 12
13 13 191 1
15 15 687 1
15 15 26 1
1 0 863 5
1 1 863 3
0 12 1334 8
0 0 1334 5
19 0 530 12
19 19 530 1
2 11 550 14
2 2 550 12
3 18 332 12
3 3 332 9
11 15 873 7
11 11 873 10
19 6 757 1
19 19 757 2
16 0 1330 9
16 16 1330 6
14 14 283 3
16 16 662 35
18 4 221 14
18 18 221 3
10 10 14 4
19 1 204 6
19 19 204 6
19 8 643 14
19 19 643 2
5 5 1152 5
13 4 1337 13
13 13 1337 1
6 6 1371 1
6 6 940 16
8 8 91 1
10 19 790 8
10 10 790 3
11 9 1132 12
11 11 1132 2
9 9 1100 7
17 18 538 12
17 17 538 5
12 7 1263 12
12 12 1263 28
11 10 1289 7
11 11 1289 6
18 18 419 3
19 19 722 7
5 5 1041 6
6 6 1185 6
4 4 216 3
5 5 370 10
11 17 640 12
11 11 640 4
10 10 1432 2
17 15 1046 5
17 17 1046 2
12 12 1406 2
2 7 1378 14
2 2 1378 5
1 0 490 2
1 1 490 18
1 1 93 7
19 17 426 11
19 19 426 1
8 3 815 1
8 8 815 2
17 18 760 12
17 17 760 2
10 10 598 1
13 10 749 8
13 13 749 1
12 13 1297 10
12 12 1297 1
15 15 692 5
1 1 158 9
2 3 1301 4
2 2 1301 2
4 4 1100 3
3 2 1247 9
3 3 1247 32
7 9 1098 9
7 7 1098 8
8 8 982 3
13 13 638 7
12 2 714 6
12 12 714 1
16 0 371 13
16 16 371 6
18 18 212 8
18 8 1386 2
18 18 1386 4
0 0 1356 7
17 6 1394 7
17 17 1394 10
5 5 1348 5
17 16 139 7
17 17 139 1
5 5 933 5
7 2 1292 11
7 7 1292 17
7 7 935 9
12 12 268 3
16 16 446 22
8 13 547 13
8 8 547 3
11 11 940 15
15 17 1149 3
15 15 1149 8
0 0 742 3
0 12 1067 6
0 0 1067 8
2 14 790 11
2 2 790 4
3 3 156 6
3 3 1062 11
6 8 822 6
6 6 822 3
3 3 1178 1
1 1 824 1
1 0 483 7
1 1 483 1
1 6 86 8
1 1 86 3
18 17 1036 9
18 18 1036 10
3 18 301 13
3 3 301 10
8 8 1409 6
18 18 427 9
4 4 1103 4
6 6 266 2
7 1 152 6
7 7 152 5
10 10 1298 5
16 16 1345 12
17 1 739 8
17 17 739 10
19 0 1283 1
19 19 1283 9
0 3 1284 6
0 0 1284 3
2 9 975 6
2 2 975 2
2 9 568 1
2 2 568 2
8 15 1040 1
8 8 1040 11
6 6 527 3
10 10 905 4
12 6 1164 8
12 12 1164 1
12 1 705 1
12 12 705 3
16 16 362 4
12 12 194 1
0 5 25 3
0 0 25 1
13 11 791 2
13 13 791 1
3 3 926 3
7 16 263 6
7 7 263 6
19 1 544 6
19 19 544 1
7 7 958 13
18 17 283 7
18 18 283 2
11 18 443 3
11 11 443 2
12 12 267 1
12 19 234 12
12 12 234 1
19 11 1066 14
19 19 1066 13
17 18 896 9
17 17 896 7
17 9 1404 10
17 17 1404 3
2 16 164 3
2 2 164 3
19 19 766 2
5 5 1027 3
8 8 1337 3
8 14 846 3
8 8 846 7
19 18 172 12
19 19 172 9
5 16 831 9
5 5 831 12
7 6 975 7
7 7 975 19
2 2 736 5
12 12 77 7
14 14 1316 13
17 4 1024 12
17 17 1024 1
17 17 587 1
14 15 519 8
14 14 519 3
1 3 817 8
1 1 817 5
1 5 484 9
1 1 484 4
17 2 827 4
17 17 827 3
2 2 87 3
19 10 144 1
19 19 144 9
17 9 788 8
17 17 788 2
3 4 745 14
3 3 745 22
15 9 728 13
15 15 728 1
8 1 167 5
8 8 167 3
7 7 145 7
10 10 183 9
7 7 1067 2
11 11 210 7
13 2 543 3
13 13 543 1
15 10 1296 2
15 15 1296 8
1 14 1104 9
1 1 1104 2
16 16 167 20
2 4 1255 12
2 2 1255 1
15 0 405 8
15 15 405 1
5 15 518 7
5 5 518 4
7 11 749 2
7 7 749 1
15 12 1409 6
15 15 1409 8
14 14 801 6
2 19 1174 3
2 2 1174 2
6 6 53 8
2 14 344 11
2 2 344 5
6 6 1321 13
8 8 571 3
0 0 492 1
19 8 427 8
19 19 427 6
11 13 550 3
11 11 550 4
7 15 1225 12
7 7 1225 3
0 2 143 11
0 0 143 8
0 0 756 6
2 10 191 8
2 2 191 3
3 11 138 1
3 3 138 13
13 13 1315 2
8 14 223 1
8 8 223 6
11 11 1248 34
11 11 695 5
5 5 392 3
17 17 588 4
15 15 457 2
0 12 457 13
0 0 457 1
2 0 667 1
2 2 667 5
18 1 648 12
18 18 648 1
5 5 766 2
4 4 1418 3
10 10 613 18
11 11 1393 1
19 6 1399 8
19 19 1399 6
15 15 1305 1
17 17 1162 2
15 1 643 10
15 15 643 15
0 0 120 1
2 2 404 2
19 1 558 10
19 19 558 1
1 0 1103 8
1 1 1103 1
3 3 895 4
6 13 1017 13
6 6 1017 3
19 17 457 6
19 19 457 4
10 10 955 9
7 7 746 2
1 1 573 21
13 11 52 8
13 13 52 1
17 17 795 1
15 2 304 13
15 15 304 1
2 0 1169 12
2 2 1169 5
2 12 263 5
2 2 263 4
9 9 1171 11
5 13 453 8
5 5 453 13
9 9 335 1
15 13 1389 3
15 15 1389 5
9 5 1128 6
9 9 1128 16
13 9 1018 7
13 13 1018 4
6 6 424 18
11 11 83 5
18 14 454 13
18 18 454 5
8 19 1319 1
8 8 1319 5
9 9 216 23
11 11 684 1
12 12 981 4
18 11 278 10
18 18 278 2
2 6 508 5
2 2 508 2
0 18 1199 3
0 0 1199 4
11 17 1298 9
11 11 1298 19
6 6 170 7
7 5 594 10
7 7 594 9
7 7 1049 4
16 6 1043 11
16 16 1043 12
13 19 529 6
13 13 529 3
12 12 543 1
13 0 359 10
13 13 359 6
2 6 1273 6
2 2 1273 9
0 13 1333 7
0 0 1333 1
4 5 1227 3
4 4 1227 4
10 10 930 18
12 10 1083 5
12 12 1083 2
1 13 144 2
1 1 144 6
2 4 286 2
2 2 286 1
1 5 1294 14
1 1 1294 12
6 19 1269 4
6 6 1269 9
0 0 1058 7
8 10 553 9
8 8 553 7
5 17 921 14
5 5 921 5
7 7 933 2
7 7 1392 4
2 2 785 1
10 10 1121 13
13 17 1011 14
13 13 1011 1
15 11 1011 4
15 15 1011 1
15 15 430 5
1 13 1003 9
1 1 1003 5
9 9 1413 1
17 17 480 2
19 9 350 1
19 19 350 14
2 18 762 13
2 2 762 3
4 4 29 8
3 5 1026 1
3 3 1026 2
18 18 1145 13
10 10 644 9
10 10 209 6
11 14 677 7
11 11 677 1
18 11 1221 2
18 18 1221 7
2 7 1345 2
2 2 1345 7
1 1 463 5
0 0 1393 9
12 0 509 14
12 12 509 2
1 5 1064 7
1 1 1064 3
19 7 366 8
19 19 366 3
4 10 1059 10
4 4 1059 4
12 11 778 8
12 12 778 6
7 7 577 7
8 8 817 5
11 11 818 3
13 13 213 9
16 16 140 6
17 4 18 11
17 17 18 11
5 5 1134 17
1 10 376 9
1 1 376 6
2 16 540 10
2 2 540 2
8 18 1036 10
8 8 1036 4
18 17 459 8
18 18 459 2
18 18 916 2
16 16 1321 9
13 16 1212 6
13 13 1212 2
8 8 680 4
0 0 229 3
9 10 588 11
9 9 588 3
19 19 246 7
5 5 1238 1
4 3 98 6
4 4 98 15
7 4 1193 4
7 7 1193 7
8 7 101 6
8 8 101 4
7 2 471 11
7 7 471 3
1 1 737 4
18 1 220 5
18 18 220 1
11 15 1151 9
11 11 1151 4
19 14 1195 13
19 19 1195 1
3 16 1281 2
3 3 1281 8
12 12 1153 6
16 16 938 21
18 18 505 2
18 4 66 3
18 18 66 1
13 13 1146 14
2 12 757 12
2 2 757 1
4 4 241 5
18 10 952 12
18 18 952 1
5 9 787 4
5 5 787 7
19 16 640 2
19 19 640 3
11 13 730 7
11 11 730 5
9 9 350 1
13 15 690 10
13 13 690 13
16 16 1242 5
16 16 116 10
16 16 569 19
2 2 1306 12
2 2 59 2
1 16 1057 6
1 1 1057 7
4 4 843 3
9 9 678 6
8 1 1017 4
8 8 1017 19
9 12 1066 2
9 9 1066 2
17 19 433 5
17 17 433 4
15 15 1157 1
7 7 1039 10
19 1 479 10
19 19 479 7
14 14 1150 5
13 13 206 4
12 12 1114 1
14 14 914 21
2 11 1227 14
2 2 1227 8
18 12 868 4
18 18 868 11
17 18 113 12
17 17 113 3
2 19 535 7
2 2 535 3
5 11 1305 13
5 5 1305 3
3 3 1321 19
9 9 300 5
7 7 1180 1
12 17 668 14
12 12 668 8
12 16 1065 11
12 12 1065 3
4 4 559 11
15 15 550 1
4 17 704 3
4 4 704 1
5 5 304 6
18 4 1120 3
18 18 1120 6
7 7 460 3
18 12 502 9
18 18 502 2
17 11 927 4
17 17 927 3
13 13 1030 2
0 0 294 4
1 10 19 11
1 1 19 5
19 11 364 4
19 19 364 2
19 2 1025 4
19 19 1025 1
8 3 785 11
8 8 785 7
8 11 678 6
8 8 678 2
10 3 195 5
10 10 195 4
14 14 1291 18
15 4 1211 8
15 15 1211 1
15 12 630 12
15 15 630 2
16 17 560 1
16 16 560 9
2 13 1363 7
2 2 1363 1
0 0 794 1
19 16 79 9
19 19 79 9
6 6 1025 4
8 8 992 4
5 18 1422 11
5 5 1422 3
10 18 82 10
10 10 82 18
18 2 111 9
18 18 111 2
13 7 572 5
13 13 572 1
13 7 199 11
13 13 199 7
15 14 808 2
15 15 808 11
15 18 82 7
15 15 82 2
1 15 330 7
1 1 330 2
5 18 1282 1
5 5 1282 6
8 19 1082 5
8 8 1082 11
8 8 388 6
7 3 1173 1
7 7 1173 2
13 11 439 6
13 13 439 9
17 11 775 2
17 17 775 3
17 0 503 1
17 17 503 14
12 0 1388 1
12 12 1388 1
13 13 888 2
8 0 734 8
8 8 734 2
10 10 814 10
11 11 635 5
13 13 425 14
15 17 389 6
15 15 389 10
15 2 295 2
15 15 295 6
2 2 154 4
12 12 540 3
5 14 255 10
5 5 255 5
8 10 685 1
8 8 685 2
17 18 1084 3
17 17 1084 5
16 16 1283 3
12 6 1184 1
12 12 1184 1
18 18 861 2
13 13 1424 3
1 18 879 9
1 1 879 2
8 15 481 6
8 8 481 3
4 4 825 13
4 4 11 2
3 7 1158 10
3 3 1158 16
6 6 150 20
7 7 284 3
7 7 235 3
11 17 857 13
11 11 857 7
11 11 236 3
13 10 565 10
13 13 565 1
13 13 192 5
12 16 1096 13
12 12 1096 11
12 5 1429 1
15 13 91 10
15 15 91 5
0 5 91 9
0 0 91 5
1 1 123 1
19 4 156 3
19 19 156 2
12 4 491 12
12 12 491 3
17 11 229 11
17 17 229 3
7 15 711 11
7 7 711 3
1 5 1169 4
1 1 1169 2
13 13 902 9
18 17 694 12
18 18 694 2
2 16 226 3
2 2 226 6
1 13 1386 9
1 1 1386 7
18 18 1283 1
3 1 538 1
3 3 538 5
5 4 290 2
5 5 290 1
4 4 1342 8
12 10 468 12
12 12 468 1
15 2 983 9
15 15 983 1
15 15 386 2
1 6 1015 5
1 1 1015 6
0 16 1043 12
0 0 1043 4
2 10 734 10
2 2 734 2
5 16 1106 1
5 5 1106 3
16 16 763 9
8 8 799 2
0 7 1218 6
0 0 1218 3
6 7 323 14
6 6 323 7
12 5 398 7
12 12 398 4
9 8 1355 12
9 9 1355 6
11 11 148 7
8 4 534 4
8 8 534 13
14 10 387 11
14 14 387 19
16 19 477 9
16 16 477 2
1 1 299 3
18 18 1419 1
18 14 996 2
18 18 996 7
3 3 357 4
8 11 1113 4
8 8 1113 11
8 8 1006 3
8 8 291 19
7 1 277 2
7 7 277 1
5 5 1398 11
7 9 687 2
7 7 687 2
17 8 773 12
17 17 773 2
13 13 558 2
16 16 232 6
13 11 1306 11
13 13 1306 1
2 2 1236 5
9 9 1417 3
12 12 605 7
14 2 778 8
14 14 778 15
17 9 599 10
17 17 599 6
9 2 1116 13
9 9 1116 5
8 8 1182 1
11 11 536 2
7 7 249 4
13 13 74 4
5 8 476 4
5 5 476 12
15 3 209 8
15 15 209 2
0 14 566 14
0 0 566 1
4 4 70 18
8 8 1207 6
13 13 113 2
8 11 1 1
8 8 1 1
10 4 365 10
10 10 365 5
7 3 1357 8
7 7 1357 4
11 11 60 2
14 14 588 7
5 14 751 12
5 5 751 4
1 19 102 4
1 1 102 6
18 9 1084 2
18 18 1084 3
10 10 44 9
3 6 221 12
3 3 221 1
3 0 656 12
3 3 656 1
17 5 1184 13
17 17 1184 1
11 14 710 3
11 11 710 4
12 12 21 10
11 18 909 7
11 11 909 3
17 13 102 11
17 17 102 10
2 10 1340 9
2 2 1340 5
0 6 1364 7
0 0 1364 6
14 14 935 14
3 10 362 8
3 3 362 3
6 6 575 1
10 10 562 6
11 2 1408 3
11 11 1408 10
10 10 1237 28
13 11 551 14
13 13 551 2
14 14 192 6
13 4 1299 6
13 13 1299 6
2 2 1199 2
1 1 349 2
3 3 36 9
3 10 507 9
3 3 507 3
5 1 387 10
5 5 387 3
5 10 606 7
5 5 606 1
9 8 960 12
9 9 960 4
5 11 183 3
5 5 183 3
18 18 89 3
16 16 1055 5
12 4 640 7
12 12 640 2
17 17 317 2
14 14 793 1
1 1 539 7
1 1 842 1
15 9 79 14
15 15 79 3
19 2 336 3
19 19 336 3
7 7 48 3
19 19 1310 10
7 7 1354 3
14 11 1396 6
14 14 1396 12
13 13 468 8
13 1 548 11
13 13 548 2
2 3 720 5
2 2 720 1
4 4 647 19
6 6 679 3
7 7 65 1
8 8 348 2
15 9 1312 10
15 15 1312 9
6 6 960 10
12 12 1331 1
16 16 540 10
0 12 433 12
0 0 433 16
0 17 998 1
0 0 998 4
0 1 1323 14
0 0 1323 4
1 1 1001 2
2 14 579 9
2 2 579 10
6 6 566 9
4 4 297 2
10 14 573 14
10 10 573 2
11 9 844 2
11 11 844 6
19 19 810 2
13 11 544 12
13 13 544 4
16 16 273 5
12 1 1410 2
12 12 1410 5
15 15 182 6
3 3 45 5
3 0 480 13
3 3 480 6
3 3 951 4
3 3 1290 1
6 6 10 2
7 7 408 8
7 19 871 3
7 7 871 2
1 10 802 12
1 1 802 8
11 11 520 2
15 18 957 8
15 15 957 3
13 12 1234 5
13 13 1234 8
1 11 199 10
1 1 199 1
2 19 824 2
2 2 824 4
4 4 52 6
8 5 1189 2
8 8 1189 18
8 2 15 5
8 8 15 13
12 1 990 11
12 12 990 1
7 7 1347 7
12 18 449 10
12 12 449 19
13 13 461 1
15 9 546 5
15 15 546 4
19 7 1136 13
19 19 1136 2
1 1 397 1
1 11 112 5
1 1 112 3
0 0 1272 5
3 3 203 2
6 19 1109 3
6 6 1109 3
3 3 1109 1
5 11 686 14
5 5 686 7
1 1 778 6
11 12 756 11
11 11 756 8
16 16 343 5
15 15 1321 1
15 17 1252 12
15 15 1252 5
15 15 595 2
1 1 843 4
0 15 1021 8
0 0 1021 3
19 13 949 3
19 19 949 2
5 5 100 1
11 11 985 5
9 15 97 8
9 9 97 2
18 2 165 2
18 18 165 17
19 19 1423 7
12 12 154 11
13 5 228 5
13 13 228 8
17 17 670 6
11 11 1370 4
0 4 39 6
0 0 39 5
0 1 620 3
0 0 620 2
6 3 1399 9
6 6 1399 2
10 10 439 1
7 7 1323 2
12 6 59 2
12 12 59 5
16 16 1037 6
9 1 1000 8
9 9 1000 4
14 6 318 12
14 14 318 7
18 18 439 4
6 6 179 2
0 0 1088 2
2 15 819 5
2 2 819 5
3 3 630 3
3 3 1408 19
15 19 1257 3
15 15 1257 9
1 19 1073 6
1 1 1073 1
15 11 1148 7
15 15 1148 1
12 12 1362 13
0 6 595 8
0 0 595 10
0 0 837 1
4 4 194 1
6 6 218 15
7 19 183 8
7 7 183 3
11 10 1318 12
11 11 1318 3
11 15 176 6
11 11 176 10
14 13 1212 14
14 14 1212 4
17 17 1384 5
18 5 546 7
18 18 546 3
17 17 518 2
2 13 1289 10
2 2 1289 6
1 10 311 13
1 1 311 5
19 17 1406 1
19 19 1406 8
2 9 597 9
2 2 597 1
8 12 608 12
8 8 608 2
6 6 117 15
7 2 377 10
7 7 377 9
7 16 659 3
7 7 659 18
13 4 29 8
13 13 29 2
14 14 835 7
2 17 1208 8
2 2 1208 5
18 18 693 1
18 6 1406 14
18 18 1406 13
5 9 1004 4
5 5 1004 13
5 4 1384 14
5 5 1384 8
5 17 585 3
5 5 585 14
9 11 1089 3
9 9 1089 11
13 14 931 4
13 13 931 3
13 13 110 3
15 5 1309 10
15 15 1309 3
13 13 563 2
0 12 530 13
0 0 530 1
5 5 1070 1
4 4 58 11
1 8 995 14
1 1 995 6
4 4 1305 9
1 18 1412 8
1 1 1412 8
10 5 440 11
10 10 440 12
11 11 88 1
14 14 1353 3
2 2 522 2
8 6 667 12
8 8 667 3
17 10 1379 11
17 17 1379 3
0 12 860 4
0 0 860 4
0 18 641 12
0 0 641 11
11 16 1286 1
11 11 1286 3
2 14 701 10
2 2 701 1
15 11 165 7
15 15 165 4
4 4 1107 15
8 8 140 9
10 10 583 15
1 1 1207 1
16 16 1373 8
12 0 1375 12
12 12 1375 7
18 18 797 6
1 1 1129 2
5 16 86 8
5 5 86 6
7 7 374 3
7 12 829 2
7 7 829 9
11 11 883 2
11 11 262 5
13 11 587 6
13 13 587 2
11 10 233 13
11 11 233 3
15 16 726 9
15 15 726 1
8 18 672 4
8 8 672 5
1 1 185 4
2 2 297 8
10 9 506 2
10 10 506 1
4 4 581 21
17 14 222 14
17 17 222 4
3 3 938 1
6 6 938 2
5 8 946 13
5 5 946 1
9 9 1020 3
19 18 932 2
19 19 932 7
11 11 407 26
12 11 287 13
12 12 287 1
13 13 103 7
14 12 79 5
14 14 79 24
17 2 281 9
17 17 281 4
19 7 1046 11
19 19 1046 20
1 17 615 3
1 1 615 5
0 14 745 1
0 0 745 3
17 18 422 4
17 17 422 11
1 1 1344 3
5 0 1047 6
5 5 1047 12
6 6 752 6
1 13 825 5
1 1 825 5
10 10 767 23
7 5 995 6
7 7 995 8
12 12 494 8
12 12 1344 3
1 13 813 8
1 1 813 1
3 19 151 13
3 3 151 5
16 16 146 13
0 14 1229 14
0 0 1229 3
8 17 809 9
8 8 809 6
19 16 1221 14
19 19 1221 1
5 5 852 9
11 11 1364 6
0 10 23 12
0 0 23 2
18 1 1228 7
18 18 1228 3
12 11 637 7
12 12 637 1
12 0 906 13
12 12 906 2
15 0 101 7
15 15 101 4
0 0 413 4
0 15 962 6
0 0 962 3
4 4 1398 2
6 6 530 3
5 7 554 7
5 5 554 3
10 10 900 4
19 19 161 3
16 7 860 14
16 16 860 1
9 9 1023 2
17 19 830 1
17 17 830 3
12 17 15 3
12 12 15 1
2 0 288 10
2 2 288 2
8 8 1266 20
3 3 1382 19
8 8 92 5
19 9 1164 4
19 19 1164 10
11 4 562 8
11 11 562 2
13 16 1398 9
13 13 1398 9
17 12 1412 3
17 17 1412 2
16 11 74 9
16 16 74 1
15 13 332 6
15 15 332 5
11 11 1344 9
0 13 187 5
0 0 187 2
2 2 211 15
1 1 1369 4
5 8 1040 11
5 5 1040 1
17 17 584 3
19 19 117 1
2 13 813 14
2 2 813 1
5 10 29 9
5 5 29 5
12 5 818 1
12 12 818 1
15 1 509 14
15 15 509 1
18 5 307 3
18 18 307 1
1 1 489 1
1 10 92 8
1 1 92 1
2 8 66 12
2 2 66 1
4 4 866 2
5 7 55 10
5 5 55 5
5 6 642 14
5 5 642 4
8 8 186 16
10 10 1384 6
17 2 60 3
17 17 60 2
1 11 282 8
1 1 282 7
19 5 1098 2
19 19 1098 14
19 19 538 4
1 13 1147 13
1 1 1147 1
3 10 436 3
3 3 436 10
18 18 1165 1
6 6 533 1
4 4 1232 32
0 7 105 14
0 0 105 3
10 10 21 6
11 1 865 10
11 11 865 1
0 6 179 8
0 0 179 1
14 14 45 11
12 12 715 18
15 15 873 2
15 10 292 3
15 15 292 2
17 18 205 7
17 17 205 3
19 19 1386 5
18 11 670 7
18 18 670 6
2 17 315 2
2 2 315 1
4 4 896 3
7 16 971 3
7 7 971 1
19 7 545 11
19 19 545 1
12 12 1115 4
7 7 1242 2
12 12 858 6
16 16 840 2
0 1 178 11
0 0 178 1
19 14 760 4
19 19 760 6
19 6 16 6
19 19 16 3
8 12 1331 13
8 8 1331 5
19 9 345 5
19 19 345 3
6 6 376 18
10 10 314 10
12 12 412 11
15 15 527 1
14 18 573 2
14 14 573 7
18 2 298 7
18 18 298 6
0 3 1243 2
0 0 1243 1
5 17 48 14
5 5 48 2
8 8 364 14
7 5 1069 3
7 7 1069 19
13 15 741 14
13 13 741 4
17 17 1364 7
15 15 700 5
1 2 275 12
1 1 275 3
2 2 387 3
2 2 972 3
1 1 1148 4
4 4 1016 14
4 18 309 11
4 4 309 20
7 13 808 2
7 7 808 12
7 7 759 25
7 10 1090 7
7 7 1090 5
16 16 33 41
14 14 746 4
13 13 1314 1
18 18 204 3
0 0 591 4
17 17 437 4
13 9 3 2
13 13 3 3
5 16 466 2
5 5 466 2
8 8 74 4
10 10 793 1
9 9 791 5
8 11 769 13
8 8 769 12
17 17 1142 3
15 7 338 1
15 15 338 3
0 0 137 5
19 6 769 7
19 19 769 3
4 4 705 30
13 15 399 7
13 13 399 6
18 0 1295 4
18 18 1295 2
6 6 371 5
10 10 744 2
10 10 293 2
16 8 1106 7
16 16 1106 1
12 18 1389 1
12 12 1389 15
13 15 915 2
13 13 915 3
0 0 1389 4
0 16 1234 13
0 0 1234 9
4 4 848 8
4 4 173 21
6 6 628 15
5 8 756 8
5 5 756 8
17 17 374 14
11 10 782 11
11 11 782 4
5 3 193 6
5 5 193 6
10 15 395 4
10 10 395 3
12 6 951 9
12 12 951 2
16 16 126 14
15 2 112 14
15 15 112 3
14 14 713 7
0 8 983 2
0 0 983 15
0 19 1402 3
0 0 1402 9
19 14 552 1
19 19 552 2
19 14 991 8
19 19 991 12
3 3 1228 13
11 5 990 2
11 11 990 3
9 9 500 3
7 7 748 1
11 11 290 10
14 0 1042 12
14 14 1042 51
15 15 895 8
7 3 631 6
7 7 631 11
8 1 1362 7
8 8 1362 5
4 4 451 12
3 3 1373 9
7 7 491 16
10 18 349 13
10 10 349 12
7 18 1405 14
7 7 1405 3
7 7 1224 1
13 13 960 4
13 8 395 2
13 13 395 4
12 8 1173 9
12 12 1173 11
18 7 142 3
18 18 142 3
0 0 347 7
17 12 299 9
17 17 299 3
19 13 339 8
19 19 339 6
19 18 774 11
19 19 774 3
3 7 1047 6
3 3 1047 3
18 8 1310 14
18 18 1310 23
10 2 300 13
10 10 300 8
12 12 402 5
12 12 991 5
13 14 1143 5
13 13 1143 3
15 15 456 1
0 7 458 9
0 0 458 6
13 6 8 4
13 13 8 4
2 2 482 1
10 2 904 5
10 10 904 1
9 9 1207 2
5 6 34 14
5 5 34 8
5 1 765 12
5 5 765 1
7 8 1059 3
7 7 1059 8
17 5 1161 7
17 17 1161 1
12 12 212 22
15 15 1304 1
13 8 365 13
13 13 365 6
16 16 159 3
11 11 201 3
0 2 121 3
0 0 121 2
18 18 888 17
15 15 211 7
7 7 339 2
7 6 741 9
7 7 741 5
7 0 1200 3
7 7 1200 10
13 13 1226 8
15 9 1417 7
15 15 1417 3
12 0 1085 3
12 12 1085 11
0 11 232 12
0 0 232 15
0 2 605 7
0 0 605 1
15 11 218 8
15 15 218 6
8 2 1262 7
8 8 1262 4
5 19 452 14
5 5 452 1
8 9 120 1
8 8 120 8
10 10 324 4
17 6 520 7
17 17 520 5
15 14 960 8
15 15 960 5
15 15 1013 16
14 19 615 12
14 14 615 6
17 17 1101 5
2 7 183 3
2 2 183 3
1 1 1189 3
8 8 893 12
1 1 668 4
10 9 215 1
10 10 215 5
17 17 870 5
14 13 222 4
14 14 222 2
13 13 703 4
15 2 1199 9
15 15 1199 4
15 15 538 7
13 3 1131 8
13 13 1131 3
0 3 449 6
0 0 449 1
0 0 822 5
0 0 1184 5
4 4 838 5
13 10 1209 3
13 13 1209 3
8 8 972 8
5 1 742 14
5 5 742 4
9 8 40 6
9 9 40 12
17 1 1343 1
17 17 1343 4
10 10 295 5
19 13 1305 10
19 19 1305 3
1 1 358 18
2 2 364 4
4 4 290 2
7 8 328 14
7 7 328 7
7 8 791 8
7 7 791 2
7 2 738 4
7 7 738 3
9 9 1031 11
10 5 1183 2
10 10 1183 10
13 13 44 8
15 1 845 2
15 15 845 1
17 17 652 5
2 2 1129 1
2 1 287 12
2 2 287 1
3 8 106 1
3 3 106 8
13 3 1331 10
13 13 1331 1
8 7 273 5
8 8 273 5
6 6 1408 12
10 10 1134 2
16 16 1109 4
12 4 894 2
12 12 894 7
12 12 1163 1
11 0 1295 6
11 11 1295 3
0 18 707 12
0 0 707 17
19 1 788 13
19 19 788 6
3 3 251 9
3 3 590 3
5 14 881 12
5 5 881 22
19 5 1176 12
19 19 1176 1
7 1 110 14
7 7 110 9
7 7 1408 5
17 2 796 8
17 17 796 8
14 14 1221 9
17 17 476 4
15 0 1204 12
15 15 1204 7
13 13 682 2
2 2 500 2
0 11 1191 14
0 0 1191 8
2 2 618 3
3 6 264 2
3 3 264 4
8 8 264 3
10 15 532 5
10 10 532 6
9 9 740 1
11 11 821 2
14 14 1140 4
17 17 17 1
0 8 119 9
0 0 119 1
18 18 1082 2
2 15 359 14
2 2 359 2
6 6 22 7
19 18 1010 13
19 19 1010 4
3 15 876 5
3 3 876 1
3 14 1315 1
3 3 1315 6
6 6 61 7
9 6 629 14
9 9 629 6
12 12 1075 8
14 14 1208 4
15 11 252 10
15 15 252 3
13 13 1246 1
0 10 555 13
0 0 555 2
2 8 278 13
2 2 278 1
1 19 1286 6
1 1 1286 2
5 8 1237 12
5 5 1237 1
6 6 1261 8
6 6 268 14
5 5 310 10
10 10 829 30
16 16 1100 6
17 17 1106 1
17 17 933 2
15 11 438 2
15 15 438 4
0 17 288 14
0 0 288 3
18 11 67 11
18 18 67 20
2 2 754 1
14 15 720 7
14 14 720 6
5 1 327 1
5 5 327 3
4 4 235 6
9 9 1367 9
13 12 689 8
13 13 689 1
15 15 616 1
15 18 39 8
15 15 39 1
5 5 1018 4
0 16 1214 14
0 0 1214 2
19 9 906 6
19 19 906 10
3 19 369 1
3 3 369 8
3 13 1179 7
3 3 1179 7
15 11 517 3
15 15 517 3
17 0 354 14
17 17 354 6
12 15 193 11
12 12 193 1
14 14 229 7
15 3 84 12
15 15 84 7
0 8 78 14
0 0 78 2
2 4 382 13
2 2 382 1
19 5 1019 13
19 19 1019 6
9 13 272 14
9 9 272 7
18 3 182 9
18 18 182 2
5 5 1397 1
1 1 1348 4
9 9 940 9
16 16 1076 13
18 2 771 13
18 18 771 1
13 13 1204 5
13 15 1407 13
13 13 1407 12
0 10 253 13
0 0 253 1
13 8 1044 8
13 13 1044 9
12 12 517 2
3 3 994 2
7 8 463 6
7 7 463 2
7 15 1377 1
7 7 1377 15
12 7 1209 1
12 12 1209 4
14 3 632 13
14 14 632 2
1 17 431 13
1 1 431 14
18 16 1232 10
18 18 1232 2
3 3 1139 2
5 5 320 3
5 11 795 7
5 5 795 13
10 10 192 3
11 11 269 2
16 16 1293 14
14 1 25 14
14 14 25 5
12 12 963 3
14 14 1003 31
0 0 795 7
0 0 1344 3
19 17 476 4
19 19 476 3
18 9 1399 14
18 18 1399 1
8 9 310 14
8 8 310 1
9 9 392 3
19 19 1417 6
6 6 713 4
17 17 1314 12
14 14 236 2
14 14 289 5
18 18 860 1
18 6 1293 9
18 18 1293 2
0 9 1260 5
0 0 1260 6
5 7 610 11
5 5 610 2
8 8 700 5
9 9 193 1
14 1 450 13
14 14 450 4
7 2 570 3
7 7 570 7
16 16 735 15
1 1 250 3
2 17 232 3
2 2 232 2
5 1 1223 14
5 5 1223 4
8 18 1162 3
8 8 1162 20
18 18 308 6
9 4 829 9
9 9 829 15
12 12 1028 4
13 3 797 6
13 13 797 13
13 16 424 9
13 13 424 1
16 16 468 1
15 0 388 6
15 15 388 1
1 1 1021 4
18 18 586 1
0 0 1053 1
8 3 935 4
8 8 935 1
9 9 1086 3
3 6 677 5
3 3 677 8
9 9 654 21
14 14 1246 12
4 4 294 3
0 6 429 13
0 0 429 1
19 19 46 8
1 3 1074 11
1 1 1074 18
4 4 375 20
7 7 287 11
7 18 689 3
7 7 689 1
9 18 1234 8
9 9 1234 22
11 7 239 14
11 11 239 1
12 12 247 7
17 17 1307 7
15 1 729 8
15 15 729 7
17 12 144 10
17 17 144 7
13 1 1197 8
13 13 1197 7
18 0 855 13
18 18 855 1
2 11 368 10
2 2 368 11
18 9 382 13
18 18 382 33
8 0 183 6
8 8 183 3
8 0 396 1
8 8 396 1
5 5 748 1
9 9 981 8
3 3 234 15
2 2 621 2
13 17 80 6
13 13 80 18
15 15 929 3
15 15 284 8
0 11 203 4
0 0 203 14
19 19 268 21
1 16 1385 14
1 1 1385 1
4 4 88 10
1 1 895 9
11 3 1196 6
11 11 1196 9
15 11 903 9
15 15 903 2
12 12 469 1
15 15 1051 3
18 19 1297 13
18 18 1297 2
17 17 467 9
1 0 1014 5
1 1 1014 1
18 17 940 4
18 18 940 10
1 3 108 6
1 1 108 3
19 5 381 14
19 19 381 3
6 6 682 25
15 0 793 9
15 15 793 1
9 9 252 5
15 16 1279 7
15 15 1279 1
12 16 31 2
12 12 31 3
15 15 1160 4
12 19 1342 12
12 12 1342 2
0 2 420 14
0 0 420 5
18 18 831 16
2 1 472 4
2 2 472 5
2 2 590 7
18 7 1173 5
18 18 1173 3
7 12 276 12
7 7 276 1
11 11 1418 4
14 14 1104 4
17 17 682 3
13 9 1305 9
13 13 1305 1
2 17 331 1
2 2 331 2
17 17 1329 5
6 1 980 4
6 6 980 2
8 8 435 7
6 6 1285 9
15 15 15 2
13 16 73 2
13 13 73 1
12 12 1239 3
13 15 1247 10
13 13 1247 7
1 9 513 4
1 1 513 2
0 11 567 4
0 0 567 3
1 5 1378 5
1 1 1378 5
6 6 1225 3
5 8 997 5
5 5 997 4
11 11 616 10
6 6 534 2
15 15 583 3
0 4 955 3
0 0 955 4
19 8 1125 1
19 19 1125 4
6 6 91 3
0 4 1259 13
0 0 1259 1
1 1 1171 3
6 6 1112 4
5 9 699 10
5 5 699 2
11 11 1102 9
14 1 1309 3
14 14 1309 3
16 10 550 1
16 16 550 4
1 1 888 1
16 11 266 6
16 16 266 3
1 4 1036 1
1 1 1036 2
3 6 365 11
3 3 365 4
4 4 357 18
7 3 269 6
7 7 269 7
19 13 1346 10
19 19 1346 1
11 14 285 2
11 11 285 3
13 14 550 12
13 13 550 1
15 13 774 14
15 15 774 4
15 10 765 2
15 15 765 1
1 4 745 8
1 1 745 2
2 3 322 8
2 2 322 4
5 5 1185 3
5 5 386 1
4 14 1182 6
4 4 1182 5
7 2 873 6
7 7 873 1
14 18 112 1
14 14 112 6
0 17 217 11
0 0 217 11
0 0 1139 3
4 4 753 6
8 18 1386 14
8 8 1386 1
8 8 1215 10
3 13 1429 6
3 3 1429 4
4 4 1325 2
7 7 51 14
11 11 609 3
16 16 1199 4
12 12 784 1
1 10 182 1
1 1 182 3
1 1 960 5
2 15 721 2
2 2 721 3
5 4 233 8
5 5 233 2
8 8 323 5
10 10 1354 9
18 19 1003 14
18 18 1003 20
17 1 1216 7
17 17 1216 5
15 10 597 11
15 15 597 6
1 8 881 7
1 1 881 4
0 0 1169 10
19 10 943 12
19 19 943 1
5 7 565 3
5 5 565 2
0 3 228 4
0 0 228 1
7 4 209 10
7 7 209 1
1 1 550 1
2 2 666 1
14 15 200 11
14 14 200 9
17 11 676 1
17 17 676 3
18 10 247 4
18 18 247 7
2 6 349 5
2 2 349 1
6 6 1372 12
15 7 920 8
15 15 920 1
14 14 1034 7
19 18 1220 14
19 19 1220 1
7 12 1325 6
7 7 1325 10
6 6 617 11
8 7 46 2
8 8 46 6
15 12 956 11
15 15 956 1
14 14 684 10
0 16 363 14
0 0 363 5
2 2 449 3
1 8 1404 5
1 1 1404 3
6 6 1260 1
8 17 1297 7
8 8 1297 7
14 14 799 2
7 13 1015 8
7 7 1015 14
2 2 804 9
15 15 557 16
17 4 454 9
17 17 454 5
0 0 282 3
1 11 119 5
1 1 119 4
5 5 1100 3
7 7 1057 2
3 3 1108 1
8 8 2 2
10 10 239 7
2 2 831 11
11 11 186 15
13 13 146 6
15 13 594 11
15 15 594 1
15 12 9 12
15 15 9 1
0 6 393 4
0 0 393 1
19 11 74 6
19 19 74 5
2 15 1006 7
2 2 1006 2
3 16 347 1
3 3 347 10
10 10 1012 27
9 9 96 1
12 12 612 1
9 10 1230 7
9 9 1230 2
18 17 207 2
18 18 207 5
12 12 544 10
5 5 274 3
15 12 190 5
15 15 190 14
1 1 174 8
18 18 1284 2
19 19 622 5
3 3 959 4
17 17 1107 10
19 19 759 1
15 15 368 2
0 4 354 3
0 0 354 1
14 14 624 8
2 12 199 13
2 2 199 1
19 19 735 3
3 12 162 3
3 3 162 3
8 15 1304 2
8 8 1304 15
18 9 107 7
18 18 107 4
10 10 714 13
11 17 1224 11
11 11 1224 3
9 9 1301 2
17 7 1057 2
17 17 1057 3
0 7 273 14
0 0 273 2
0 3 838 5
0 0 838 22
1 1 72 2
19 5 409 10
19 19 409 17
1 7 1254 14
1 1 1254 3
5 2 968 10
5 5 968 1
4 10 195 8
4 4 195 10
8 8 828 9
5 15 662 10
5 5 662 2
13 7 466 1
13 13 466 2
19 3 794 2
19 19 794 1
15 3 1329 11
15 15 1329 3
12 12 917 4
17 17 517 1
16 13 523 2
16 16 523 7
0 0 384 7
18 15 803 1
18 18 803 2
2 17 1001 4
2 2 1001 4
5 19 108 10
5 5 108 2
10 10 915 11
10 0 556 5
10 10 556 6
12 17 146 5
12 12 146 1
14 0 1258 12
14 14 1258 21
0 19 63 1
0 0 63 13
1 15 167 2
1 1 167 4
19 19 631 9
5 5 1367 7
5 7 509 11
5 5 509 7
5 10 584 14
5 5 584 1
9 9 295 5
19 0 676 9
19 19 676 4
17 14 988 9
17 17 988 11
17 9 295 5
17 17 295 2
0 9 377 1
0 0 377 3
18 5 120 13
18 18 120 5
0 6 531 2
0 0 531 1
0 0 1112 3
2 14 779 14
2 2 779 3
7 7 928 5
5 8 179 7
5 5 179 3
6 6 835 10
6 18 404 11
6 6 404 7
7 7 30 5
11 11 1217 1
17 17 804 14
10 10 1057 12
13 17 510 8
13 13 510 2
14 14 553 9
1 1 811 2
18 18 596 4
1 11 1279 3
1 1 1279 2
6 1 649 10
6 6 649 1
18 15 1137 11
18 18 1137 3
11 6 1374 10
11 11 1374 15
1 11 725 10
1 1 725 3
15 19 1342 9
15 15 1342 15
12 7 908 6
12 12 908 9
14 14 359 4
15 15 31 6
0 2 391 13
0 0 391 2
0 5 972 9
0 0 972 7
0 4 1329 13
0 0 1329 4
2 12 992 5
2 2 992 2
18 5 1366 10
18 18 1366 2
3 3 796 3
5 5 85 1
12 16 316 6
12 12 316 1
17 17 577 1
13 13 586 1
2 2 660 6
15 15 794 2
16 16 657 1
18 18 224 2
0 3 635 7
0 0 635 6
19 19 201 3
5 15 1157 1
5 5 1157 11
3 3 470 3
7 4 845 11
7 7 845 3
2 3 1101 7
2 2 1101 5
2 1 612 8
2 2 612 4
13 1 868 8
13 13 868 16
16 16 859 1
0 0 368 1
0 0 165 5
1 19 41 5
1 1 41 2
19 11 310 2
19 19 310 8
5 11 913 9
5 5 913 3
8 1 1286 3
8 8 1286 10
5 9 188 5
5 5 188 5
6 6 826 9
5 6 962 11
5 5 962 3
7 14 994 5
7 7 994 1
19 7 753 6
19 19 753 4
11 11 80 2
13 15 503 8
13 13 503 2
16 16 1287 6
8 7 1404 4
8 8 1404 5
8 8 383 1
19 17 384 9
19 19 384 4
17 17 918 4
9 9 1168 3
10 10 1390 3
14 16 1167 1
14 14 1167 16
12 16 638 7
12 12 638 2
15 17 1266 6
15 15 1266 13
17 15 759 2
17 17 759 1
19 19 1271 2
18 13 789 4
18 18 789 1
2 12 398 4
2 2 398 6
17 6 48 13
17 17 48 12
12 12 1190 1
8 7 1124 11
8 8 1124 1
5 5 553 1
9 9 448 7
10 10 1265 1
13 15 14 13
13 13 14 4
0 19 626 5
0 0 626 3
12 16 1208 3
12 12 1208 1
19 19 645 14
16 17 469 13
16 16 469 4
2 1 186 10
2 2 186 5
7 11 511 4
7 7 511 3
11 11 1134 5
5 7 177 12
5 5 177 2
7 13 1244 2
7 7 1244 6
10 10 1088 9
2 2 167 13
16 16 724 6
15 5 1077 5
15 15 1077 11
2 3 1082 13
2 2 1082 1
0 3 737 4
0 0 737 1
2 1 797 14
2 2 797 7
14 14 676 3
6 6 1191 15
5 1 971 13
5 5 971 9
9 5 162 10
9 9 162 7
9 6 885 7
9 9 885 9
9 3 545 1
9 9 545 6
12 12 819 12
14 19 454 8
14 14 454 13
15 8 508 12
15 15 508 1
18 15 304 7
18 18 304 3
1 1 488 1
2 13 67 11
2 2 67 1
17 17 393 2
5 11 641 11
5 5 641 1
7 7 157 7
11 12 1356 3
11 11 1356 2
11 11 166 4
15 3 1292 1
15 15 1292 4
1 18 1106 9
1 1 1106 4
15 14 109 12
15 15 109 1
1 1 281 1
13 14 1022 12
13 13 1022 1
17 17 1048 9
8 12 714 1
8 8 714 13
11 0 864 13
11 11 864 1
13 13 636 1
12 12 708 6
0 17 919 14
0 0 919 10
13 6 1320 1
13 13 1320 5
19 18 215 9
19 19 215 23
1 1 1312 5
9 16 1319 2
9 9 1319 1
5 5 1346 2
5 19 488 12
5 5 488 5
4 4 1376 21
10 10 799 9
11 11 1127 5
11 3 554 7
11 11 554 2
8 18 768 11
8 8 768 1
16 15 1130 10
16 16 1130 2
18 1 748 12
18 18 748 10
15 15 921 1
1 18 909 4
1 1 909 13
1 12 624 6
1 1 624 10
18 18 1087 1
19 19 324 7
2 2 788 2
4 4 69 1
16 16 642 3
5 5 174 3
8 8 670 2
9 19 894 8
9 9 894 2
11 11 78 2
13 13 659 10
16 16 1273 10
15 6 1107 5
15 15 1107 1
17 17 592 7
16 9 984 9
16 16 984 4
1 16 830 12
1 1 830 12
0 0 802 6
0 8 663 7
0 0 663 5
2 9 90 6
2 2 90 4
2 6 647 11
2 2 647 6
18 4 1340 10
18 18 1340 2
9 5 52 1
9 9 52 4
7 17 609 1
7 7 609 11
10 16 1296 11
10 10 1296 2
12 12 620 1
12 11 953 11
12 12 953 5
5 10 1268 5
5 5 1268 1
12 17 1128 14
12 12 1128 6
0 4 108 5
0 0 108 2
18 18 775 4
2 9 384 8
2 2 384 3
19 19 546 1
1 11 1139 4
1 1 1139 8
5 16 1338 7
5 5 1338 3
3 2 883 4
3 3 883 5
3 5 1222 8
3 3 1222 6
4 4 1122 1
10 14 951 13
10 10 951 4
17 6 893 2
17 17 893 2
7 2 1213 9
7 7 1213 1
11 11 300 2
15 15 881 1
13 6 1174 5
13 13 1174 1
15 4 294 3
15 15 294 1
1 9 728 1
1 1 728 3
2 2 307 6
1 5 1337 9
1 1 1337 7
3 3 118 20
5 3 1355 6
5 5 1355 10
8 8 1249 4
8 8 566 5
9 9 351 4
10 10 339 1
7 7 1234 8
11 11 445 12
17 18 1141 4
17 17 1141 1
17 11 259 10
17 17 259 22
18 6 92 4
18 18 92 12
18 3 553 1
18 18 553 5
2 15 162 12
2 2 162 1
19 19 768 1
17 19 1382 11
17 17 1382 2
5 1 829 14
5 5 829 2
11 11 1317 1
19 14 1343 13
19 19 1343 3
10 19 1416 7
10 10 1416 5
8 2 727 9
8 8 727 7
2 6 1394 14
2 2 1394 17
18 18 451 3
3 3 1340 1
5 5 755 1
11 11 1402 6
19 1 729 2
19 19 729 4
15 8 922 14
15 15 922 2
13 12 168 9
13 13 168 3
13 19 371 5
13 13 371 24
15 17 115 5
15 15 115 2
1 17 672 4
1 1 672 7
10 10 386 9
19 10 289 4
19 19 289 2
3 3 888 2
8 19 942 2
8 8 942 5
5 10 516 1
5 5 516 2
7 7 341 18
10 11 459 6
10 10 459 21
7 7 1210 3
5 2 283 4
5 5 283 7
14 14 807 3
0 17 583 4
0 0 583 3
0 16 1420 8
0 0 1420 1
2 2 887 1
4 4 570 11
4 0 119 10
4 4 119 22
3 12 905 12
3 3 905 2
3 13 1372 4
3 3 1372 1
7 3 490 9
7 7 490 1
9 7 799 4
9 9 799 30
13 13 1023 2
12 4 841 5
12 12 841 12
17 11 945 11
17 17 945 6
15 0 346 9
15 15 346 7
0 0 129 8
17 17 482 18
2 2 742 6
15 5 747 1
15 15 747 8
8 8 652 5
11 11 124 15
13 5 645 13
13 13 645 3
13 18 283 8
13 13 283 3
17 18 578 8
17 17 578 6
15 15 459 18
18 14 285 9
18 18 285 1
2 13 483 11
2 2 483 4
4 4 856 10
3 15 1191 3
3 3 1191 2
6 6 177 2
7 7 136 3
15 4 1307 10
15 15 1307 2
15 16 120 6
15 15 120 9
19 15 1299 6
19 19 1299 5
0 12 943 5
0 0 943 10
0 9 1300 1
0 0 1300 1
6 6 96 21
19 19 164 4
4 4 292 1
18 3 461 9
18 18 461 11
7 7 338 1
7 10 793 1
7 7 793 10
9 9 586 2
12 12 1053 8
13 2 615 12
13 13 615 20
17 17 793 1
16 16 815 25
6 6 1054 22
18 12 63 9
18 18 63 1
0 11 606 10
0 0 606 2
0 0 1411 4
2 3 846 1
2 2 846 2
5 17 1250 12
5 5 1250 17
13 13 1332 5
6 2 1349 3
6 6 1349 10
5 5 451 1
5 15 926 13
5 5 926 3
11 11 593 9
17 18 819 2
17 17 819 1
13 13 637 1
8 14 638 7
8 8 638 8
12 12 1165 1
14 14 612 3
0 2 152 11
0 0 152 9
2 2 180 1
1 18 1188 8
1 1 1188 1
4 6 13 7
4 4 13 2
6 6 354 6
7 19 1418 13
7 7 1418 2
11 11 117 6
18 16 522 11
18 18 522 13
17 17 571 1
16 16 973 1
0 15 450 9
0 0 450 2
7 7 514 2
7 0 1343 1
7 7 1343 4
1 1 1237 10
3 3 729 7
5 10 42 11
5 5 42 3
8 8 258 6
11 9 831 13
11 11 831 11
10 10 1293 3
12 2 537 5
12 12 537 3
6 6 937 1
19 19 1304 1
0 0 934 3
1 1 1094 6
0 8 1415 10
0 0 1415 5
3 3 1341 7
19 8 1212 3
19 19 1212 6
9 9 1030 1
14 14 764 4
13 13 1356 6
2 2 1126 3
1 1 150 8
19 15 243 5
19 19 243 3
19 6 1211 13
19 19 1211 1
8 2 1213 12
8 8 1213 2
5 10 903 12
5 5 903 10
11 11 1155 33
12 13 306 1
12 12 306 2
0 0 298 10
5 5 419 6
16 16 533 1
3 12 1028 9
3 3 1028 2
5 5 808 6
13 13 1194 3
7 7 564 2
11 11 679 5
19 19 970 3
5 5 557 4
19 0 108 5
19 19 108 3
18 5 809 5
18 18 809 4
17 17 572 5
13 13 737 4
0 0 1216 2
0 0 782 6
2 11 62 12
2 2 62 1
1 1 1070 3
4 4 846 2
10 10 174 5
9 2 1214 9
9 9 1214 2
9 9 741 5
12 12 528 4
15 19 804 8
15 15 804 4
15 17 659 11
15 15 659 12
9 9 503 5
1 2 651 2
1 1 651 2
1 17 382 6
1 1 382 2
13 9 1012 11
13 13 1012 1
2 2 977 1
2 16 538 12
2 2 538 1
8 3 579 9
8 8 579 1
7 7 730 8
13 17 921 1
13 13 921 10
12 12 1068 1
14 14 711 2
15 19 255 13
15 15 255 8
18 2 49 10
18 18 49 6
16 16 162 5
2 15 279 5
2 2 279 7
5 1 1236 11
5 5 1236 1
6 6 461 26
7 16 465 14
7 7 465 2
7 16 924 14
7 7 924 4
10 10 1046 1
12 14 297 3
12 12 297 1
0 0 1075 1
18 7 64 2
18 18 64 2
1 3 24 5
1 1 24 15
0 1 1024 9
0 0 1024 7
2 0 755 1
2 2 755 2
8 13 39 5
8 8 39 2
6 6 1149 18
7 18 953 3
7 7 953 5
5 10 326 14
5 5 326 1
10 13 653 6
10 10 653 23
9 14 643 6
9 9 643 1
19 19 786 2
13 11 688 7
13 13 688 1
18 7 472 2
18 18 472 9
15 11 1212 5
15 15 1212 4
12 12 1298 5
17 17 120 4
0 0 464 1
5 5 28 1
5 9 727 2
5 5 727 15
9 12 390 5
9 9 390 2
15 19 791 13
15 15 791 1
11 13 240 4
11 11 240 4
14 14 1148 2
19 18 828 3
19 19 828 3
13 3 671 14
13 13 671 5
2 2 1225 2
2 6 383 11
2 2 383 1
2 2 936 14
19 19 1018 1
3 4 852 14
3 3 852 4
7 6 1214 11
7 7 1214 4
4 4 1211 7
9 17 279 6
9 9 279 4
1 2 762 13
1 1 762 7
12 8 337 11
12 12 337 12
14 14 149 16
15 1 893 2
15 15 893 2
18 6 708 9
18 18 708 11
0 3 254 14
0 0 254 10
0 0 547 8
13 13 1099 4
2 6 859 5
2 2 859 1
8 8 1359 3
0 7 481 10
0 0 481 9
7 1 1376 9
7 7 1376 1
15 1 882 7
15 15 882 7
12 12 288 9
9 9 596 10
0 5 312 8
0 0 312 28
0 0 877 1
3 3 1293 12
0 0 1031 12
2 17 714 1
2 2 714 1
3 3 232 2
3 10 703 11
3 3 703 10
6 6 770 6
5 10 794 14
5 5 794 1
9 9 644 6
2 1 1176 12
2 2 1176 2
12 18 106 7
12 12 106 1
13 12 884 4
13 13 884 3
8 2 532 7
8 8 532 2
15 15 624 3
13 13 1429 6
2 2 48 6
3 3 377 7
12 9 1008 12
12 12 1008 2
8 19 311 13
8 8 311 1
19 5 97 2
19 19 97 8
7 7 699 6
11 11 802 2
5 3 203 2
5 5 203 1
11 17 1322 7
11 11 1322 7
13 2 197 14
13 13 197 2
12 13 1107 12
12 12 1107 6
14 14 294 5
1 1 328 2
19 7 153 4
19 19 153 3
10 10 406 12
10 10 35 3
7 1 1175 14
7 7 1175 2
10 10 1161 15
15 8 859 6
15 15 859 3
11 2 1353 11
11 11 1353 3
2 1 1139 13
2 2 1139 1
0 0 570 4
2 13 850 11
2 2 850 9
8 15 1398 11
8 8 1398 6
4 4 431 15
6 0 1046 12
6 6 1046 8
18 6 365 6
18 18 365 6
7 3 914 12
7 7 914 10
3 3 736 5
6 6 603 14
16 16 1211 7
12 12 868 2
15 9 968 4
15 15 968 2
0 0 868 2
0 0 1054 3
1 1 1152 11
3 13 676 6
3 3 676 1
3 7 1147 10
3 3 1147 1
8 8 687 13
11 11 1003 12
11 11 714 16
12 13 97 13
12 12 97 9
0 18 430 9
0 0 430 3
18 18 965 3
2 7 478 7
2 2 478 1
18 14 1115 2
18 18 1115 5
2 17 628 4
2 2 628 4
4 4 1322 3
18 10 326 2
18 18 326 4
19 13 1234 8
19 19 1234 20
15 15 819 1
19 19 1222 2
3 3 165 2
19 7 158 6
19 19 158 3
0 0 1339 4
3 3 1305 4
8 8 397 7
9 7 257 6
9 9 257 6
9 9 623 2
6 6 319 4
19 19 973 5
14 5 103 11
14 14 103 5
13 7 1392 9
13 13 1392 3
18 18 26 21
0 0 561 3
18 16 1200 11
18 18 1200 2
1 11 1384 9
1 1 1384 1
18 0 1126 13
18 18 1126 1
19 7 334 1
19 19 334 2
8 19 28 6
8 8 28 11
10 10 727 17
11 7 626 5
11 11 626 9
19 12 773 11
19 19 773 1
11 11 460 3
12 12 470 11
15 15 1050 1
14 14 587 1
2 2 732 2
6 6 1172 3
3 13 1120 8
3 3 1120 2
8 8 342 6
9 9 694 9
17 17 856 4
10 11 1369 1
10 10 1369 6
12 4 1010 6
12 12 1010 18
18 0 371 6
18 18 371 11
0 14 1002 1
0 0 1002 4
19 17 54 13
19 19 54 9
18 18 1106 9
5 0 119 1
5 5 119 5
10 10 521 9
19 0 1347 9
19 19 1347 4
0 0 659 4
13 4 556 3
13 13 556 2
15 11 1357 7
15 15 1357 7
15 15 824 9
15 17 759 3
15 15 759 2
16 9 703 11
16 16 703 7
0 9 84 2
0 0 84 7
15 18 1055 14
15 15 1055 2
15 8 480 5
15 15 480 7
19 19 602 4
5 5 1191 5
1 1 772 5
3 3 843 4
9 11 266 6
9 9 266 6
11 15 1111 11
11 11 1111 4
11 11 538 5
7 7 1157 1
13 1 957 2
13 13 957 3
16 16 889 35
5 5 330 18
12 12 407 2
6 6 1299 3
18 18 1063 6
5 14 996 2
5 5 996 1
11 11 1188 8
11 10 62 2
11 11 62 12
10 10 1176 3
12 15 1385 10
12 12 1385 3
12 1 1191 1
12 12 1191 17
17 17 459 4
0 18 679 14
0 0 679 4
2 5 106 4
2 2 106 5
4 4 666 7
5 8 698 14
5 5 698 1
7 2 74 3
7 7 74 2
9 7 703 4
9 9 703 6
12 12 1073 2
13 7 724 6
13 13 724 13
12 14 604 8
12 12 604 1
13 8 676 9
13 13 676 1
18 18 362 3
19 19 63 1
0 15 1179 9
0 0 1179 2
3 3 803 13
19 5 507 2
19 19 507 1
9 9 418 7
1 19 551 7
1 1 551 7
19 3 882 13
19 19 882 2
13 3 240 9
13 13 240 3
14 8 198 4
14 14 198 2
15 1 764 5
15 15 764 1
1 13 744 7
1 1 744 1
0 4 912 14
0 0 912 7
18 18 1299 11
17 6 116 1
17 17 116 4
5 18 1184 12
5 5 1184 1
5 5 604 2
19 18 257 12
19 19 257 3
18 14 158 7
18 18 158 1
7 7 1335 8
7 7 1154 2
12 9 642 2
12 12 642 15
12 7 1231 3
12 12 1231 2
18 9 1196 14
18 18 1196 2
1 1 537 2
18 18 1186 10
1 1 1402 2
8 5 1387 5
8 8 1387 1
3 15 1428 10
3 3 1428 1
17 10 1201 1
17 17 1201 7
12 14 785 14
12 12 785 5
15 15 551 6
0 0 702 5
3 9 196 11
3 3 196 3
6 6 1104 5
18 18 550 3
7 19 526 7
7 7 526 14
9 17 1403 11
9 9 1403 10
13 16 152 10
13 13 152 4
10 10 328 11
14 14 964 4
2 8 1333 4
2 2 1333 7
0 17 1016 1
0 0 1016 1
19 19 68 4
2 2 20 5
3 19 341 7
3 3 341 6
3 14 1279 11
3 3 1279 2
5 0 564 2
5 5 564 1
7 19 261 5
7 7 261 2
19 16 260 13
19 19 260 6
10 10 116 4
18 11 104 8
18 18 104 3
12 10 554 8
12 12 554 3
17 8 884 9
17 17 884 9
18 18 244 3
1 16 340 8
1 1 340 9
19 12 181 13
19 19 181 6
17 0 34 5
17 17 34 14
7 7 1149 5
16 16 514 2
7 7 1275 15
12 12 697 3
19 4 1029 1
19 19 1029 3
9 9 1425 2
16 16 937 1
0 16 1099 14
0 0 1099 3
1 12 1395 11
1 1 1395 4
5 5 1082 4
2 2 1386 4
6 6 411 13
10 16 704 6
10 10 704 4
14 12 246 1
14 14 246 6
15 11 1137 2
15 15 1137 2
14 19 299 4
14 14 299 1
1 1 984 7
18 15 918 11
18 18 918 4
2 13 124 12
2 2 124 2
1 19 1260 13
1 1 1260 6
3 3 205 12
8 6 822 3
8 8 822 6
8 8 128 8
13 19 710 1
13 13 710 14
15 6 911 8
15 15 911 6
17 7 1208 12
17 17 1208 8
17 17 86 12
0 0 394 3
1 12 316 7
1 1 316 12
15 0 403 14
15 15 403 1
15 5 316 7
15 15 316 16
19 11 951 4
19 19 951 8
8 17 1136 9
8 8 1136 1
5 13 98 5
5 5 98 1
6 6 707 6
13 13 226 2
12 7 1134 3
12 12 1134 13
2 14 1215 1
2 2 1215 7
0 14 622 12
0 0 622 4
18 8 769 12
18 18 769 2
3 10 20 1
3 3 20 9
6 6 958 2
15 1 1108 2
15 15 1108 8
9 9 1008 6
18 18 230 4
13 13 115 14
0 0 355 5
18 18 126 2
0 3 541 14
0 0 541 1
0 3 1090 14
0 0 1090 3
5 10 1059 14
5 5 1059 11
5 12 260 7
5 5 260 14
10 3 103 1
10 10 103 7
11 15 1227 10
11 11 1227 13
6 13 676 8
6 6 676 3
11 11 488 27
13 14 825 10
13 13 825 2
14 14 1230 13
14 14 551 2
6 6 233 1
18 18 913 3
0 9 652 2
0 0 652 7
15 12 745 9
15 15 745 2
2 3 672 14
2 2 672 13
14 14 810 2
11 11 751 5
10 10 1202 6
13 15 341 12
13 13 341 6
15 13 17 14
15 15 17 9
11 11 1240 1
2 17 445 14
2 2 445 4
9 15 1192 1
9 9 1192 8
6 3 1076 6
6 6 1076 3
8 15 449 7
8 8 449 10
9 19 104 13
9 9 104 4
3 3 1202 11
12 13 147 11
12 12 147 5
13 13 27 2
15 15 796 2
19 5 1041 6
19 19 1041 5
13 13 1340 16
0 9 48 8
0 0 48 3
19 19 195 3
2 8 921 1
2 2 921 6
3 3 29 7
8 3 80 2
8 8 80 11
11 11 1139 4
9 1 1420 5
9 9 1420 4
11 3 973 10
11 11 973 10
5
3 4 184
16 5 610
13 8 210
17 13 359
3 8 544
