20 7126
10 5 1119 3
10 10 1119 4
11 19 400 13
11 11 400 5
16 16 400 1
13 4 661 5
13 13 661 1
18 18 428 19
16 15 1030 8
16 16 1030 2
1 0 1357 9
1 1 1357 4
5 19 1068 8
5 5 1068 4
3 18 1076 5
3 3 1076 7
2 2 579 4
10 9 754 11
10 10 754 1
9 9 842 2
17 19 979 7
17 17 979 1
17 8 909 14
17 17 909 2
13 2 509 6
13 13 509 5
13 13 1107 23
1 9 810 4
1 1 810 13
5 5 746 1
0 0 643 18
1 1 1278 4
3 5 315 13
3 3 315 2
3 17 654 1
3 3 654 7
6 6 654 12
10 4 158 10
10 10 158 2
9 2 1390 14
9 9 1390 1
18 18 1108 14
13 3 760 14
13 13 760 9
8 8 709 2
19 6 1265 10
19 19 1265 9
18 18 795 10
8 7 26 12
8 8 26 21
4 4 781 2
3 11 799 2
3 3 799 2
4 4 1260 4
9 6 478 4
9 9 478 12
9 9 1279 2
8 1 925 5
8 8 925 3
15 18 720 1
15 15 720 3
15 15 143 1
1 9 191 10
1 1 191 12
19 19 639 1
8 8 849 1
3 3 940 3
5 19 485 14
5 5 485 2
5 12 944 14
5 5 944 5
7 7 385 2
16 4 830 8
16 16 830 1
11 9 962 8
11 11 962 2
15 14 906 2
15 15 906 4
17 17 287 6
1 1 613 2
1 1 40 4
3 3 147 3
3 6 614 9
3 3 614 1
5 9 961 11
5 5 961 5
8 8 1200 1
9 9 883 3
2 2 741 7
12 12 1198 4
17 2 1042 9
17 17 1042 13
16 12 545 1
16 16 545 5
15 9 386 9
15 15 386 2
0 11 1231 2
0 0 1231 23
19 11 23 4
19 19 23 1
3 3 288 1
5 14 204 3
5 5 204 3
6 7 202 14
6 6 202 12
7 7 167 2
9 9 732 4
19 0 1039 12
19 19 1039 6
13 12 753 7
13 13 753 7
15 7 1286 9
15 15 1286 6
12 2 900 13
12 12 900 3
14 14 367 8
12 6 1411 3
12 12 1411 4
10 2 16 4
10 10 16 6
2 2 1016 14
11 11 866 5
5 14 552 10
5 5 552 7
2 2 515 7
9 9 557 7
11 11 874 26
12 9 718 14
12 12 718 6
16 10 383 10
16 16 383 7
10 10 296 7
16 4 649 10
16 16 649 2
19 5 1383 7
19 19 1383 1
2 2 318 24
1 1 1326 3
3 10 917 13
3 3 917 8
3 4 1384 10
3 3 1384 3
6 14 500 10
6 6 500 14
7 0 1247 12
7 7 1247 12
10 17 1089 12
10 10 1089 6
16 14 1140 13
16 16 1140 1
13 13 414 3
14 14 649 2
1 4 907 3
1 1 907 1
18 18 1153 1
16 7 1258 1
16 16 1258 10
3 10 152 9
3 3 152 2
6 9 1188 1
6 6 1188 3
3 5 1058 14
3 3 1058 1
5 16 970 14
5 5 970 5
10 3 740 1
10 10 740 1
7 9 986 9
7 7 986 5
16 16 1342 1
15 9 1109 5
15 15 1109 5
14 14 455 1
14 14 568 5
1 13 804 11
1 1 804 6
0 13 812 13
0 0 812 6
18 18 583 5
4 0 876 9
4 4 876 2
4 4 203 3
9 9 309 2
9 9 50 2
7 8 619 11
7 7 619 2
13 18 746 12
13 13 746 7
13 13 181 15
17 17 1188 9
19 14 923 4
19 19 923 2
15 15 108 9
1 1 280 4
3 6 438 9
3 3 438 1
16 0 742 13
16 16 742 3
5 1 529 4
5 5 529 1
12 16 1008 7
12 12 1008 2
13 13 635 2
15 15 294 15
19 8 1388 2
19 19 1388 3
15 15 423 3
5 0 1270 5
5 5 1270 3
6 9 922 11
6 6 922 12
5 15 930 6
5 5 930 6
10 18 796 14
10 10 796 10
7 7 834 9
12 3 271 12
12 12 271 4
13 10 407 14
13 13 407 1
17 14 650 8
17 17 650 5
13 3 1261 5
13 13 1261 1
1 1 908 11
17 11 309 12
17 17 309 1
0 0 761 5
3 1 557 7
3 3 557 2
4 4 17 4
5 4 173 3
5 5 173 2
8 8 212 10
7 6 979 2
7 7 979 3
12 2 81 9
12 12 81 3
1 1 1076 11
17 17 1036 6
8 8 726 9
17 17 410 2
14 14 1402 4
1 5 1217 9
1 1 1217 2
10 10 943 7
3 12 1208 1
3 3 1208 3
19 0 753 13
19 19 753 12
5 17 836 11
5 5 836 3
9 13 1153 13
9 9 1153 7
8 10 1006 7
8 8 1006 1
12 12 621 11
15 15 702 12
15 13 117 3
15 15 117 9
8 8 756 4
1 8 1423 5
1 1 1423 6
8 8 1297 9
5 5 79 2
5 19 538 13
5 5 538 1
9 9 1042 9
16 10 464 2
16 16 464 8
17 17 814 9
1 15 130 13
1 1 130 3
1 1 1336 7
17 17 738 3
13 9 965 11
13 13 965 9
17 17 959 6
16 11 1417 14
16 16 1417 4
1 1 584 10
5 11 559 2
5 5 559 1
17 8 760 13
17 17 760 3
2 2 748 11
3 11 134 4
3 3 134 6
10 10 1018 9
5 12 828 13
5 5 828 1
7 7 125 7
9 14 870 7
9 9 870 10
19 4 1000 14
19 19 1000 3
17 15 584 12
17 17 584 3
14 0 522 6
14 14 522 14
19 15 6 13
19 19 6 6
19 19 445 22
1 1 1242 7
5 9 1425 2
5 15 39 4
5 5 39 2
6 6 191 3
15 12 1142 12
15 15 1142 4
10 16 1304 5
10 10 1304 3
12 2 223 10
12 12 223 22
15 7 1309 14
15 15 1309 11
12 2 945 5
12 12 945 7
13 17 585 4
13 13 585 24
1 14 362 5
1 1 362 1
17 17 454 5
19 17 993 5
19 19 993 4
5 18 1314 14
5 5 1314 5
4 4 1216 2
9 3 909 2
9 9 909 6
13 13 569 14
9 0 1051 2
9 9 1051 1
12 12 763 3
12 16 1024 13
12 12 1024 1
13 13 1166 3
16 16 766 4
2 2 267 7
19 19 667 3
4 3 112 8
4 4 112 3
6 3 1347 11
6 6 1347 2
8 16 574 6
8 8 574 3
16 17 522 11
16 16 522 1
9 9 798 4
12 19 317 13
12 12 317 13
17 17 1133 11
16 8 952 12
16 16 952 5
19 19 1076 8
14 14 1049 26
0 19 759 6
0 0 759 2
16 16 754 12
1 17 1186 11
1 1 1186 22
5 10 1033 14
5 5 1033 4
8 8 1315 1
3 9 1049 7
3 3 1049 3
6 6 807 1
7 7 122 3
7 7 961 11
16 12 349 8
16 16 349 10
14 14 1330 1
13 15 282 12
13 13 282 9
14 14 1233 6
16 15 983 1
16 16 983 1
17 14 353 9
17 17 353 2
18 18 999 35
0 7 1195 1
0 0 1195 31
4 6 857 11
4 4 857 1
8 7 159 8
8 8 159 1
6 6 621 2
9 2 37 2
9 9 37 5
1 1 559 5
11 11 204 28
15 15 1306 3
6 1 936 7
6 6 936 19
6 6 645 1
14 14 956 9
1 1 355 7
1 17 1100 1
1 1 1100 31
13 13 74 28
8 8 491 15
10 10 499 22
9 11 1052 3
9 9 1052 3
16 12 434 13
16 16 434 3
13 13 1182 1
12 12 754 1
12 12 1194 2
16 2 800 8
16 16 800 1
19 17 1411 12
19 19 1411 3
0 0 607 3
0 0 1412 7
5 4 1249 11
5 5 1249 1
8 8 164 14
5 15 450 7
5 5 450 3
6 6 464 13
9 9 1133 2
16 18 1104 4
16 16 1104 13
6 7 909 14
6 6 909 8
16 4 959 13
16 16 959 5
18 12 386 8
18 18 386 3
1 12 602 2
1 1 602 5
1 4 1211 5
1 1 1211 1
16 16 529 3
4 18 14 9
4 4 14 3
6 6 725 3
17 5 980 10
17 17 980 1
12 5 976 9
12 12 976 2
15 9 612 5
15 15 612 1
15 15 321 4
2 2 36 3
13 9 993 6
13 13 993 1
5 16 41 10
5 5 41 2
9 4 737 5
9 9 737 5
10 10 1250 2
17 19 1355 7
17 17 1355 9
13 18 526 5
13 13 526 3
17 2 1341 6
17 17 1341 5
17 8 743 13
17 17 743 7
16 19 605 1
16 16 605 1
19 8 505 14
19 19 505 2
5 8 998 14
5 5 998 2
4 9 300 6
4 4 300 25
6 6 56 3
9 11 626 6
9 9 626 2
11 14 338 4
11 11 338 1
8 8 900 10
13 13 42 7
16 6 338 9
16 16 338 10
17 3 356 8
17 17 356 2
17 17 175 2
6 2 115 1
6 6 115 4
19 18 242 13
19 19 242 6
3 8 108 5
3 3 108 5
3 1 1014 12
3 3 1014 4
7 11 475 1
7 7 475 16
9 18 776 7
9 9 776 12
13 5 1008 1
13 13 1008 1
12 10 888 3
12 12 888 2
16 8 481 1
16 16 481 4
19 5 1090 6
19 19 1090 4
0 0 704 4
18 18 531 10
1 1 1212 1
3 11 253 14
3 3 253 1
4 4 245 1
3 3 1031 12
5 18 348 9
5 5 348 4
9 5 198 9
9 9 198 3
11 11 1299 1
11 11 678 5
10 11 1220 13
10 10 1220 3
16 18 81 13
16 16 81 4
15 11 1206 1
15 15 1206 9
14 14 426 9
16 9 965 10
16 16 965 4
19 1 1203 11
19 19 1203 3
13 6 1073 9
13 13 1073 7
2 2 616 9
4 15 847 13
4 4 847 10
3 15 705 9
3 3 705 2
3 2 1172 12
3 3 1172 3
8 10 266 11
8 8 266 3
10 11 985 10
10 10 985 10
17 9 842 9
17 17 842 5
18 18 898 3
19 17 1352 13
19 19 1352 4
1 3 381 10
1 1 381 8
19 8 138 6
19 19 138 2
1 1 1095 5
3 5 878 1
3 3 878 1
5 8 419 12
5 5 419 4
10 10 936 4
11 11 1379 1
9 12 195 5
9 9 195 3
11 15 900 10
11 11 900 39
17 19 886 6
17 17 886 1
8 8 590 10
14 14 147 30
8 8 1096 6
1 6 571 12
1 1 571 4
0 0 629 6
19 19 686 2
3 3 85 8
16 2 512 3
16 16 512 9
13 9 877 4
13 13 877 3
9 9 817 3
10 10 1047 2
15 15 1038 7
12 3 120 14
12 12 120 3
17 17 494 6
4 4 1151 2
1 13 31 5
1 1 31 9
5 5 1390 6
8 8 144 8
6 6 711 6
14 8 177 10
14 14 177 19
9 9 207 3
9 6 642 12
9 9 642 4
9 13 1365 12
9 9 1365 3
19 1 861 6
19 19 861 12
13 12 890 13
13 13 890 4
15 15 1215 6
15 15 618 3
18 18 424 4
19 19 329 1
2 2 611 5
3 0 371 11
3 3 371 9
8 8 1020 3
10 10 891 2
10 16 541 14
10 10 541 4
9 16 531 1
9 9 531 4
6 12 641 6
6 6 641 2
15 4 812 3
15 15 812 2
3 3 120 4
17 8 8 6
17 17 8 5
19 11 1021 9
19 19 1021 4
11 11 269 18
6 6 993 4
10 10 57 3
9 12 9 10
9 9 9 4
16 16 789 1
17 8 153 11
17 17 153 6
4 19 1385 1
4 4 1385 8
16 0 1005 4
16 16 1005 4
8 4 1392 4
8 8 1392 10
5 3 317 13
5 5 317 5
19 1 1235 7
19 19 1235 2
13 15 994 13
13 13 994 11
15 5 962 4
15 15 962 1
17 7 487 7
17 17 487 7
19 3 1104 8
19 19 1104 2
15 8 368 5
15 15 368 5
1 1 1166 5
5 14 1133 9
5 5 1133 6
3 16 702 2
3 3 702 2
5 18 243 9
5 5 243 1
19 19 241 1
13 0 318 6
13 13 318 4
16 16 110 3
6 19 440 5
6 6 440 1
3 5 719 11
3 3 719 7
3 3 1154 6
7 7 698 27
9 9 1199 6
11 18 232 4
11 11 232 7
15 15 992 6
13 9 196 8
13 13 196 4
17 1 875 1
17 17 875 11
0 0 71 9
0 2 908 11
0 0 908 24
19 15 1125 3
19 19 1125 5
4 4 972 4
5 0 405 5
5 5 405 1
6 14 45 10
6 6 45 8
13 1 354 9
13 13 354 6
9 5 1080 10
9 9 1080 1
13 13 906 12
12 12 200 21
12 12 1059 2
18 18 588 15
17 17 146 1
1 17 565 13
1 1 565 6
15 15 444 13
18 18 1206 4
19 15 700 2
19 19 700 14
3 0 534 4
3 3 534 14
3 10 1005 5
3 3 1005 8
6 6 875 10
4 4 1330 5
19 3 1191 12
19 19 1191 12
2 2 1266 15
7 14 1368 13
7 7 1368 3
10 10 1049 6
17 0 985 12
17 17 985 5
15 6 1052 11
15 15 1052 3
12 12 1202 7
16 4 1408 6
16 16 1408 2
8 14 463 13
8 8 463 7
2 2 153 4
5 5 1373 11
3 3 679 13
3 15 1146 2
3 3 1146 3
5 17 695 13
5 5 695 5
8 8 229 5
6 19 728 9
6 6 728 19
11 11 144 9
12 12 98 1
14 13 1297 10
14 14 1297 7
16 14 786 14
16 16 786 1
14 7 447 9
14 14 447 2
1 1 876 2
10 10 393 8
3 5 404 8
3 3 404 10
15 15 633 35
19 5 370 14
19 19 370 3
10 10 1010 3
10 18 663 12
10 10 663 19
17 17 407 1
16 16 303 3
17 0 695 13
17 17 695 2
18 18 136 7
17 3 594 8
17 17 594 13
16 4 797 2
16 16 797 3
5 16 1213 4
5 5 1213 4
6 18 1422 4
6 6 1422 7
8 8 633 6
5 9 617 12
5 5 617 5
10 10 837 3
11 11 939 11
10 9 1201 6
10 10 1201 19
13 7 899 11
13 13 899 2
16 6 446 4
16 16 446 2
16 17 771 5
16 16 771 10
15 15 213 2
15 15 567 7
19 19 270 9
14 1 1320 13
14 14 1320 2
4 16 525 3
4 4 525 1
19 8 409 1
19 19 409 2
11 11 1198 9
13 0 479 9
13 13 479 6
15 17 976 14
15 15 976 8
16 16 1082 1
0 0 673 1
18 18 1216 34
5 5 229 12
4 5 1139 5
4 4 1139 1
6 10 326 1
6 6 326 1
7 7 76 4
10 2 240 5
10 10 240 4
9 15 1352 12
9 9 1352 3
14 9 1304 3
14 14 1304 16
15 0 60 10
15 15 60 17
0 0 422 3
1 2 296 9
1 1 296 1
1 11 1033 14
1 1 1033 11
3 11 358 13
3 3 358 3
5 5 865 1
3 3 1264 2
8 8 294 3
4 4 464 14
11 11 1420 2
15 0 747 14
15 15 747 18
14 12 1110 7
14 14 1110 5
13 13 246 6
12 12 1090 7
17 17 680 15
11 11 706 12
4 4 1402 12
3 3 32 3
10 10 845 9
5 18 594 9
5 5 594 1
7 7 423 24
13 17 956 3
13 13 956 3
13 17 71 3
13 13 71 1
15 15 936 6
13 13 1245 3
13 17 1384 12
13 13 1384 8
1 6 519 7
1 1 519 5
19 17 279 7
19 19 279 1
1 11 1376 8
1 1 1376 13
19 6 193 1
19 19 193 8
3 3 516 10
6 12 257 14
6 6 257 11
16 0 1012 6
16 16 1012 3
7 12 1358 5
7 7 1358 10
0 0 216 2
1 1 498 16
17 18 1084 10
17 17 1084 1
12 17 1184 4
12 12 1184 5
18 6 456 4
18 18 456 4
18 18 622 6
19 17 827 7
19 19 827 5
5 5 1112 2
6 6 1118 7
6 0 675 14
6 6 675 10
6 16 244 1
6 6 244 2
11 11 763 15
10 10 1345 11
13 13 723 1
17 2 1402 7
17 17 1402 13
13 19 297 5
13 13 297 8
17 17 91 12
0 0 1060 13
2 2 26 6
2 2 583 8
17 3 1346 12
17 17 1346 4
3 10 802 12
3 3 802 2
5 10 714 11
5 5 714 8
9 15 116 10
9 9 116 4
10 10 74 4
9 1 1218 1
9 9 1218 2
11 11 287 11
10 10 1130 3
12 12 1145 5
16 16 226 3
14 14 877 8
17 15 1381 2
17 17 1381 1
18 18 1296 3
2 2 909 4
6 6 418 15
3 12 508 6
3 3 508 2
3 19 947 1
3 3 947 11
19 19 1209 1
17 8 1117 4
17 17 1117 2
9 9 306 3
19 9 215 2
19 19 215 4
3 15 1258 12
3 3 1258 1
5 9 99 3
5 5 99 4
14 14 683 8
4 4 733 9
5 5 1072 1
10 12 710 4
10 10 710 12
12 14 1103 4
12 12 1103 14
2 2 876 24
19 11 1290 10
19 19 1290 6
0 0 842 42
16 5 1198 12
16 16 1198 4
2 16 687 5
2 2 687 2
3 11 199 5
3 3 199 5
3 8 666 1
3 3 666 3
3 5 1105 7
3 3 1105 4
8 8 325 15
7 7 66 1
14 19 1201 8
14 14 1201 21
13 13 151 2
16 16 42 7
10 10 305 4
14 4 965 13
14 14 965 6
1 17 887 4
1 1 887 1
0 0 1326 5
19 10 157 3
19 19 157 2
4 4 1264 12
10 10 1007 3
7 2 670 14
7 7 670 4
9 9 1227 4
16 12 452 7
16 16 452 5
11 11 1030 2
14 16 206 9
14 14 206 1
16 16 686 6
0 0 616 13
2 2 900 9
15 2 135 6
15 15 135 7
8 9 1241 6
8 8 1241 1
8 13 622 13
8 8 622 8
9 9 1409 1
10 2 1194 2
10 10 1194 2
13 13 121 1
15 15 373 11
1 2 942 7
1 1 942 1
18 18 721 3
17 17 417 6
5 2 1081 7
5 5 1081 6
12 12 756 3
6 8 855 14
6 6 855 7
9 9 1298 5
12 19 508 11
12 12 508 2
12 18 1366 8
12 12 1366 2
13 9 1056 14
13 13 1056 5
13 19 1165 4
13 13 1165 1
18 18 919 2
18 1 608 7
18 18 608 10
0 0 1275 28
3 18 204 10
3 3 204 2
17 0 525 3
17 17 525 8
8 8 129 4
4 4 481 3
7 7 518 12
10 10 1395 1
12 18 6 10
12 12 6 4
15 15 1322 9
15 6 1249 13
15 15 1249 1
18 13 806 8
18 18 806 4
4 12 792 2
4 4 792 5
4 4 1279 5
7 7 393 6
9 9 102 5
9 18 569 1
9 9 569 1
16 16 442 4
12 12 546 5
16 16 267 4
16 8 208 4
16 16 208 7
16 6 677 8
16 16 677 9
19 19 1363 2
3 19 23 12
3 3 23 7
3 3 490 2
4 4 484 3
7 6 857 5
7 7 857 12
0 0 1020 31
10 10 1109 3
13 13 114 2
6 13 917 5
6 6 917 5
1 19 935 14
1 1 935 2
18 14 1173 13
18 18 1173 9
19 19 737 5
3 17 164 11
3 3 164 7
8 8 1306 5
6 6 1285 10
3 4 1413 10
3 3 1413 3
5 5 990 8
0 0 433 22
9 9 1307 6
12 12 1309 10
16 15 415 8
16 16 415 7
14 14 1349 1
13 5 159 7
13 13 159 1
12 12 1357 1
1 6 976 8
1 1 976 6
1 1 78 12
2 2 116 25
5 9 217 11
5 5 217 2
5 5 879 3
10 10 148 4
9 9 85 5
10 10 1147 4
16 16 184 1
1 8 833 8
1 1 833 6
19 19 85 1
16 15 625 8
16 16 625 1
3 9 322 6
3 3 322 7
11 11 809 6
5 5 106 2
5 19 549 13
5 5 549 2
17 17 436 5
15 15 1001 6
15 15 714 6
15 8 129 9
15 15 129 6
1 1 754 4
15 15 420 2
19 17 235 12
19 19 235 6
4 9 918 5
4 4 918 23
3 10 934 2
3 3 934 3
3 10 1405 5
3 3 1405 8
8 8 81 2
9 18 293 1
9 9 293 4
9 7 1016 13
9 9 1016 6
5 5 179 2
12 18 1192 6
12 12 1192 2
8 17 1365 8
8 8 1365 11
17 17 1423 12
16 16 401 2
13 6 1217 8
13 13 1217 2
2 2 1062 23
1 1 214 14
0 0 1114 26
2 12 777 14
2 2 777 3
5 4 1067 4
5 5 1067 1
3 0 608 2
3 3 608 2
8 8 854 2
4 4 1284 29
10 10 755 11
12 10 498 1
12 12 498 10
5 14 1032 4
5 5 1032 1
16 7 926 13
16 16 926 14
2 2 696 4
3 10 314 5
3 3 314 1
6 6 1082 3
3 11 1092 6
3 3 1092 8
19 17 1114 5
19 19 1114 1
6 6 293 16
7 19 169 5
7 7 169 3
7 7 628 7
15 15 780 3
17 17 1382 7
14 14 990 9
2 2 1347 5
0 0 1331 8
15 17 182 9
15 15 182 7
3 3 1237 3
9 9 1070 1
10 10 920 6
7 19 830 13
7 7 830 4
15 14 1221 12
15 15 1221 1
16 3 206 6
16 16 206 2
15 11 142 2
15 15 142 1
1 13 715 9
1 1 715 18
19 1 203 11
19 19 203 7
2 2 913 6
5 17 1155 2
5 5 1155 2
3 1 943 13
3 3 943 2
5 1 484 1
5 5 484 1
5 12 959 7
5 5 959 2
9 9 993 2
11 11 574 3
9 0 1103 11
9 9 1103 1
10 2 1095 3
10 10 1095 4
13 14 985 4
13 13 985 8
12 13 679 5
12 12 679 3
12 18 1260 10
12 12 1260 2
17 17 286 1
17 5 376 4
17 17 376 2
6 12 98 12
6 6 98 6
18 18 570 10
3 4 146 7
3 3 146 1
7 16 17 2
7 7 17 1
16 13 1336 4
16 16 1336 3
12 6 822 4
12 12 822 15
16 16 39 3
15 15 497 10
18 18 311 12
1 1 405 4
18 18 1046 3
15 12 1410 9
15 15 1410 9
3 18 758 12
3 3 758 4
6 6 646 4
18 11 283 4
18 18 283 11
9 0 8 7
9 9 8 1
7 7 621 7
11 3 796 10
11 11 796 5
14 12 1165 9
14 14 1165 12
12 17 632 13
12 12 632 1
15 15 683 3
18 4 787 3
18 18 787 8
2 2 396 4
19 19 534 3
16 5 1230 7
16 16 1230 5
5 15 1334 4
5 5 1334 7
3 1 775 13
3 3 775 11
5 5 92 2
6 6 90 8
7 2 360 9
7 7 360 10
9 9 921 2
9 5 1 14
9 9 1 7
16 5 88 11
16 16 88 1
14 14 287 3
0 0 15 17
18 14 1391 11
18 18 1391 11
1 1 1325 1
3 3 10 2
3 3 1387 2
2 2 875 1
2 2 1316 12
16 10 1141 12
16 16 1141 4
12 11 862 12
12 12 862 10
16 16 399 1
13 13 1267 2
0 0 329 7
4 4 1081 7
5 18 1053 10
5 5 1053 10
8 8 630 3
10 10 526 5
5 7 382 3
5 5 382 2
9 5 160 12
9 9 160 11
9 9 891 13
9 6 1294 4
9 9 1294 3
7 7 138 4
13 0 664 10
13 13 664 6
14 14 1374 2
16 10 30 9
16 16 30 3
19 19 1169 7
18 18 580 3
6 6 448 2
3 16 296 7
3 3 296 5
4 16 380 10
4 4 380 13
3 3 1101 1
7 9 1073 8
7 7 1073 3
12 15 956 7
12 12 956 2
14 6 375 9
14 14 375 5
16 16 626 12
18 6 112 7
18 18 112 2
17 13 1339 10
17 17 1339 2
5 5 69 2
7 17 353 3
7 7 353 7
11 11 1032 5
7 7 763 6
9 2 1256 1
9 9 1256 8
16 16 375 8
16 1 14 4
16 16 14 3
19 2 1391 12
19 19 1391 20
1 15 1318 4
1 1 1318 4
6 6 1358 13
3 17 454 5
3 3 454 2
3 0 925 7
3 3 925 2
5 8 929 5
5 5 929 1
19 9 283 10
19 19 283 10
11 12 1011 12
11 11 1011 3
16 16 390 1
17 17 264 7
19 9 1065 6
19 19 1065 1
18 18 556 14
19 19 765 11
5 5 172 1
8 6 640 1
8 8 640 9
17 17 1276 2
14 14 1260 2
12 12 415 5
16 0 21 11
16 16 21 1
16 7 1208 7
16 16 1208 1
19 18 439 8
19 19 439 1
13 13 1307 4
5 5 61 6
5 19 648 9
5 5 648 6
5 9 835 7
5 5 835 1
7 10 148 6
7 7 148 9
13 13 1005 1
11 11 778 6
10 10 1310 1
12 12 955 1
10 3 312 6
10 10 312 7
2 2 1256 1
19 19 548 3
5 5 78 1
4 4 1242 1
6 13 1052 12
6 6 1052 11
7 7 1215 9
2 8 1179 14
2 2 1179 5
2 2 305 13
1 1 1343 4
5 4 1278 6
5 5 1278 6
19 18 401 4
19 19 401 7
5 2 938 11
5 5 938 6
9 3 788 13
9 9 788 5
11 11 549 6
7 7 1228 7
19 10 836 9
19 19 836 7
18 9 1049 9
18 18 1049 14
6 16 1087 3
6 6 1087 7
15 14 354 1
15 15 354 2
7 7 674 1
19 4 714 13
19 19 714 6
19 5 201 8
19 19 201 1
3 7 604 13
3 3 604 4
3 17 1043 12
3 3 1043 3
5 17 352 12
5 5 352 13
9 0 210 6
9 9 210 7
3 3 1109 3
12 6 406 12
12 12 406 9
15 15 1114 6
14 4 470 11
14 14 470 6
19 10 883 10
19 19 883 9
5 17 1424 13
5 5 1424 1
4 4 168 5
6 6 188 3
4 4 1423 11
9 9 758 5
8 8 868 1
2 3 644 7
2 2 644 40
13 14 381 2
13 13 381 10
13 16 369 1
13 13 369 5
16 16 608 7
19 5 992 11
19 19 992 1
5 14 1313 9
5 5 1313 1
3 3 741 3
7 0 343 4
7 7 343 10
9 8 908 2
9 9 908 1
9 3 583 4
9 9 583 3
10 10 422 4
12 12 1025 1
4 4 547 10
19 19 231 4
6 14 1279 12
6 6 1279 4
4 4 462 2
3 16 1374 10
3 3 1374 10
5 19 915 10
5 5 915 2
9 9 797 1
11 11 436 30
13 15 392 13
13 13 392 9
17 17 951 2
17 17 506 11
19 1 340 10
19 19 340 7
3 10 142 10
3 3 142 4
3 1 581 3
3 3 581 4
5 12 158 10
5 5 158 4
13 6 102 2
13 13 102 4
11 11 683 23
17 16 981 7
17 17 981 3
14 14 1331 18
12 12 986 2
4 4 520 3
0 0 461 12
0 0 818 24
16 13 1239 13
16 16 1239 3
4 4 858 6
9 9 395 2
6 19 183 4
6 6 183 5
12 12 16 1
10 6 609 4
10 10 609 12
10 10 539 2
15 16 1381 7
15 15 1381 2
13 11 362 4
13 13 362 5
16 0 238 4
16 16 238 7
16 13 615 9
16 16 615 5
18 18 887 9
3 1 344 11
3 3 344 8
19 19 562 2
5 8 1322 1
5 5 1322 9
5 11 432 4
5 5 432 2
5 0 523 2
5 5 523 3
7 7 795 4
9 17 1027 9
9 9 1027 4
12 14 755 5
12 12 755 1
16 4 348 14
16 16 348 1
16 16 801 3
15 3 429 5
15 15 429 6
7 7 1021 3
5 9 1248 3
5 5 1248 1
6 9 1270 11
6 6 1270 5
6 5 1339 3
6 6 1339 4
5 3 924 10
5 5 924 2
10 18 822 10
10 10 822 8
10 10 323 1
15 15 814 1
17 12 1298 11
17 17 1298 5
13 13 529 1
19 7 1084 5
19 19 1084 6
10 15 113 13
10 10 113 35
18 18 1250 18
8 3 1323 4
8 8 1323 2
9 7 1231 7
9 9 1231 7
6 16 799 1
6 6 799 7
7 7 930 9
19 19 1323 4
6 6 514 8
10 19 265 1
10 10 265 1
15 15 466 10
0 0 1406 6
11 11 653 3
6 6 613 8
7 9 308 1
7 7 308 7
9 9 736 1
13 13 216 5
11 0 487 13
11 11 487 23
16 16 137 5
16 16 606 2
2 9 980 10
2 2 980 2
0 0 1111 3
5 18 1299 2
5 5 1299 4
16 12 883 3
16 16 883 3
15 15 846 13
13 13 1215 2
14 13 823 2
14 14 823 22
18 18 52 4
16 11 1002 1
16 16 1002 3
2 2 839 7
3 2 1356 5
3 3 1356 2
10 0 330 6
10 10 330 45
8 8 773 1
10 12 1133 8
10 10 1133 10
7 7 769 19
15 12 1024 14
15 15 1024 6
15 13 426 5
15 15 426 3
1 1 594 5
1 8 5 13
1 1 5 13
2 2 141 12
13 13 281 1
3 3 252 1
4 4 246 16
6 6 717 8
6 6 790 3
6 6 347 15
9 5 1363 2
9 9 1363 2
12 8 968 2
12 12 968 2
16 9 113 11
16 16 113 1
2 2 1373 5
1 1 451 4
19 15 467 9
19 19 467 3
3 3 269 14
3 6 704 4
3 3 704 1
3 7 1175 11
3 3 1175 8
4 4 1071 8
10 10 854 2
7 5 248 9
7 7 248 3
16 1 1202 10
16 16 1202 6
9 19 1212 11
9 9 1212 5
13 17 49 13
13 13 49 17
12 9 1119 7
12 12 1119 8
15 15 1383 13
16 11 732 4
16 16 732 5
3 3 1316 5
4 4 1214 1
9 9 492 8
10 3 1157 4
10 10 1157 11
14 3 144 3
14 14 144 3
17 19 348 6
17 17 348 5
16 16 1037 7
19 19 250 4
17 17 103 3
17 0 770 11
17 17 770 5
16 3 476 14
16 16 476 4
6 4 451 13
6 6 451 3
10 17 470 12
10 10 470 23
9 9 816 1
11 11 577 1
17 17 996 2
14 17 1429 6
12 16 1213 13
12 12 1213 2
15 15 435 5
1 0 30 4
1 1 30 1
14 14 26 27
3 3 696 4
6 2 708 13
6 6 708 3
19 1 497 1
19 19 497 2
10 13 651 9
10 10 651 6
0 0 214 2
17 16 759 11
17 17 759 1
14 14 999 1
3 12 713 11
3 3 713 2
19 15 743 2
19 19 743 3
4 6 1046 5
4 4 1046 14
10 10 961 7
9 18 95 14
9 9 95 3
9 9 1189 10
13 13 202 7
15 15 815 8
17 17 708 3
19 19 146 5
5 17 1285 12
5 5 1285 13
19 2 1071 14
19 19 1071 1
4 4 1189 1
10 10 493 2
9 15 611 7
9 9 611 6
9 10 1078 9
9 9 1078 2
15 15 860 4
14 7 716 9
14 14 716 25
13 13 1404 4
18 18 550 6
18 18 755 3
5 13 1243 2
5 5 1243 5
8 8 1158 7
18 14 1101 14
18 18 1101 7
12 2 872 1
12 12 872 7
7 7 456 7
10 11 1055 10
10 10 1055 3
3 19 1240 7
3 3 1240 4
12 4 879 8
12 12 879 7
15 15 973 3
14 14 639 10
19 19 368 2
5 1 333 13
5 5 333 14
5 9 792 5
5 5 792 30
9 14 247 8
9 9 247 1
9 12 1373 7
9 9 1373 2
16 1 1280 11
16 16 1280 5
15 15 1159 2
15 15 41 2
0 0 425 8
17 11 618 8
17 17 618 27
4 11 976 10
4 4 976 2
6 16 147 14
6 6 147 7
9 16 397 2
9 9 397 7
11 11 1222 5
7 7 1024 3
10 10 1316 7
12 0 251 2
12 12 251 17
16 16 297 2
1 1 350 5
17 9 0 9
17 17 0 8
19 18 155 6
19 19 155 2
3 7 53 13
3 3 53 4
13 16 14 3
13 13 14 4
18 18 454 2
10 10 33 5
3 7 1143 2
3 3 1143 3
3 3 254 1
12 19 663 13
12 12 663 4
5 8 1187 14
5 5 1187 1
15 15 272 2
1 1 564 1
1 1 73 5
6 4 1234 3
6 6 1234 3
8 7 1165 6
8 8 1165 5
9 17 802 12
9 9 802 5
7 7 1371 3
19 7 845 6
19 19 845 8
15 15 1055 27
13 12 1083 7
13 13 1083 16
17 17 403 4
19 19 812 15
3 14 1149 14
3 3 1149 5
17 17 326 2
9 9 248 8
9 6 1350 8
9 9 1350 2
12 14 99 12
12 12 99 11
9 9 961 2
15 6 1164 1
15 15 1164 2
14 14 444 3
16 16 555 1
1 1 867 1
19 19 925 5
3 13 352 8
3 3 352 6
8 16 133 4
8 8 133 1
9 9 1071 3
9 15 73 9
9 9 73 6
7 7 1145 7
14 19 1100 3
14 14 1100 4
13 13 252 3
16 16 245 1
16 0 698 6
16 16 698 6
19 17 1334 1
19 19 1334 3
12 4 378 2
12 12 378 2
5 19 1006 11
5 5 1006 3
3 11 836 6
3 3 836 3
8 8 739 17
1 18 1282 14
1 1 1282 3
9 9 1056 1
15 15 212 1
18 18 1198 8
4 7 526 6
4 4 526 2
6 6 1237 13
6 6 256 1
5 7 302 2
5 5 302 15
10 10 725 2
11 11 59 28
13 7 478 13
13 13 478 1
6 6 903 6
14 14 414 1
14 2 286 7
14 14 286 1
0 0 674 15
15 2 23 3
15 15 23 2
4 3 669 10
4 4 669 2
4 4 29 16
6 6 327 20
9 1 225 4
9 9 225 3
16 16 397 2
17 17 1227 17
9 9 83 2
13 0 1413 6
13 13 1413 2
1 1 868 3
2 2 400 5
19 3 930 10
19 19 930 8
3 3 361 3
4 15 1027 7
4 4 1027 12
7 12 273 14
7 7 273 11
7 7 220 6
7 7 683 11
16 3 1421 4
16 16 1421 3
17 17 1297 1
16 12 236 14
16 16 236 2
9 10 1265 4
9 9 1265 10
13 0 1007 2
13 13 1007 1
3 3 35 4
4 4 947 15
6 6 1414 4
5 14 390 6
5 5 390 11
8 10 1141 3
8 8 1141 1
7 7 422 1
9 9 963 1
11 18 540 4
11 11 540 9
16 12 1052 7
16 16 1052 4
12 12 1234 11
16 16 704 3
17 1 500 14
17 17 500 6
19 0 619 10
19 19 619 3
3 3 620 4
3 3 1425 4
4 4 1313 4
9 9 153 7
5 5 165 1
19 11 420 2
19 19 420 1
12 4 788 4
12 12 788 2
11 4 1315 13
11 11 1315 1
0 0 884 1
0 0 697 7
8 4 778 3
8 8 778 5
13 10 1192 4
13 13 1192 7
11 11 762 1
12 12 17 2
19 17 347 11
19 19 347 7
15 7 1170 10
15 15 1170 1
17 11 535 14
17 17 535 2
6 6 1295 3
3 4 1272 4
3 3 1272 18
9 18 123 13
9 9 123 1
9 2 526 6
9 9 526 5
9 6 1217 12
9 9 1217 1
15 15 1364 4
14 14 196 3
12 17 1415 8
12 12 1415 4
5 5 347 1
19 19 174 3
4 12 1177 4
4 4 1177 12
6 0 1429 1
9 17 964 11
9 9 964 6
15 10 1331 4
15 15 1331 7
17 17 1435 2
12 12 1225 1
16 6 882 9
16 16 882 1
5 1 1087 3
5 5 1087 3
3 15 963 10
3 3 963 1
5 5 1003 3
16 17 173 7
16 16 173 4
7 2 1350 7
7 7 1350 2
17 11 807 8
17 17 807 3
13 13 773 13
15 18 1130 8
15 15 1130 10
12 14 1368 6
12 12 1368 2
16 13 897 4
16 16 897 3
16 5 809 14
16 16 809 6
2 2 684 3
3 3 198 1
3 15 669 14
3 3 669 6
5 5 214 3
17 8 249 7
17 17 249 6
17 17 1278 8
17 18 1263 5
17 17 1263 9
9 11 678 5
9 9 678 3
11 12 755 1
11 11 755 6
16 16 1388 5
16 16 75 1
16 16 528 1
0 0 1018 2
3 3 59 14
5 5 585 3
4 15 786 9
4 4 786 4
5 4 103 1
5 5 103 3
14 9 488 4
14 14 488 6
9 9 425 12
9 9 124 15
1 1 1329 4
11 5 832 12
11 11 832 2
12 12 1245 6
14 14 207 15
14 9 256 10
14 14 256 1
14 14 885 14
2 11 1186 12
2 2 1186 10
19 19 618 1
6 5 1392 4
6 6 1392 8
3 8 1294 3
3 3 1294 3
8 8 420 7
4 4 461 1
12 16 366 9
12 12 366 2
13 13 120 1
14 14 126 15
14 14 691 1
11 11 1356 3
13 8 698 11
13 13 698 5
19 9 731 11
19 19 731 2
5 7 1080 13
5 5 1080 1
8 8 1193 7
6 8 1035 5
6 6 1035 16
6 6 409 9
9 13 139 12
9 9 139 4
9 9 1297 1
8 8 1014 3
16 16 51 7
15 15 485 1
1 1 990 15
13 13 1377 7
10 10 531 3
1 1 847 16
0 0 1009 1
2 2 1005 11
16 18 624 4
16 16 624 1
9 9 466 3
17 18 1146 3
17 17 1146 1
15 9 583 13
15 15 583 8
12 2 150 3
12 12 150 1
15 11 1370 9
15 15 1370 2
17 5 847 14
17 17 847 5
14 14 267 7
1 11 760 2
1 1 760 2
14 14 610 2
13 8 209 13
13 13 209 4
5 2 588 3
5 5 588 2
10 10 870 7
7 7 856 1
10 3 1106 3
10 10 1106 1
12 12 357 4
1 1 1146 2
17 17 984 1
1 1 617 4
4 4 1010 4
1 12 1354 3
1 1 1354 3
3 13 634 7
3 3 634 3
10 10 258 7
11 11 656 18
19 5 776 9
19 19 776 6
5 5 71 6
12 7 1358 13
12 12 1358 4
16 17 1023 7
16 16 1023 7
1 1 919 11
3 3 651 3
8 6 178 13
8 8 178 6
7 7 638 6
17 11 1207 13
17 17 1207 9
14 14 355 7
14 6 980 6
14 14 980 1
19 13 523 6
19 19 523 1
1 7 1044 13
1 1 1044 22
17 17 233 14
3 3 792 7
8 8 910 13
8 1 451 4
8 8 451 1
10 10 926 1
10 19 657 10
10 10 657 2
11 11 261 5
14 4 1075 6
14 14 1075 5
17 17 832 2
14 14 274 1
0 0 615 1
18 9 1402 2
18 18 1402 13
2 2 919 30
3 15 31 12
3 3 31 1
3 11 937 2
3 3 937 3
5 17 949 2
5 5 949 6
7 9 1259 5
7 7 1259 4
17 17 1286 2
13 13 106 6
19 14 1045 4
19 19 1045 20
19 12 306 1
19 19 306 14
1 7 1347 7
1 1 1347 6
8 8 410 4
6 7 1192 1
6 6 1192 14
12 12 1300 5
2 1 112 8
2 2 112 4
5 5 966 4
9 12 181 8
9 9 181 7
11 11 649 4
17 17 1055 2
16 1 33 11
16 16 33 6
0 0 1226 5
4 8 888 12
4 4 888 5
12 12 552 12
0 0 500 25
5 9 668 13
5 5 668 7
6 17 282 5
6 6 282 11
10 10 1378 15
14 14 1163 2
12 14 565 3
12 12 565 8
15 15 1270 16
14 14 362 5
0 0 410 1
3 3 330 7
8 2 458 14
8 8 458 5
7 7 370 15
15 15 1167 3
7 6 644 1
7 7 644 10
10 10 1269 6
13 13 583 2
13 9 18 10
13 13 18 12
18 18 1334 15
2 2 293 12
13 13 411 3
3 14 4 3
3 3 4 5
3 3 475 15
7 7 387 5
10 10 421 1
11 11 561 2
11 17 964 4
11 11 964 6
1 1 885 2
11 11 1288 11
17 6 1415 3
17 17 1415 3
15 9 916 7
15 15 916 8
16 4 1131 9
16 16 1131 5
0 0 184 12
17 17 1377 4
3 13 616 6
3 3 616 4
5 3 185 13
5 5 185 3
17 0 378 10
17 17 378 12
5 14 975 11
5 5 975 7
7 15 991 1
7 7 991 9
13 13 670 8
10 9 1099 2
10 10 1099 7
12 8 1404 5
12 12 1404 6
17 17 430 6
1 1 95 19
1 1 1269 9
3 13 1100 7
3 3 1100 1
13 13 408 3
12 7 44 10
12 12 44 2
17 17 1374 3
15 5 340 7
15 15 340 13
19 19 537 1
8 8 1391 1
3 3 774 1
6 17 534 1
6 6 534 4
4 4 1237 5
7 7 822 6
10 12 22 9
10 10 22 11
12 8 712 14
12 12 712 2
17 17 645 5
16 11 651 5
16 16 651 8
18 18 214 22
18 2 675 14
18 18 675 15
1 14 1324 7
1 1 1324 1
8 8 14 4
5 5 1350 7
9 9 525 1
9 9 1143 7
8 13 945 2
8 8 945 19
17 1 1144 2
17 17 1144 1
19 17 320 6
19 19 320 2
3 3 154 3
3 3 593 4
3 0 1060 13
3 3 1060 2
8 15 47 2
8 8 47 24
10 10 319 4
12 12 84 9
14 14 300 7
15 3 1224 13
15 15 1224 25
16 16 1188 1
1 4 1230 12
1 1 1230 12
4 4 878 6
6 4 1077 12
6 6 1077 5
5 7 654 2
5 5 654 14
4 4 1434 4
7 15 158 7
7 7 158 9
19 9 1337 4
19 19 1337 2
9 7 1182 1
9 9 1182 2
10 7 1300 9
10 10 1300 4
12 11 43 10
12 12 43 1
17 16 1367 13
17 17 1367 6
15 15 691 11
17 18 48 4
17 17 48 2
17 16 521 8
17 17 521 4
19 17 981 3
19 19 981 5
5 16 1342 14
5 5 1342 4
9 12 462 3
9 9 462 4
7 7 815 7
9 9 596 5
7 7 1089 4
16 19 829 3
16 16 829 1
13 14 1317 13
13 13 1317 5
1 1 708 5
19 0 655 13
19 19 655 2
8 3 71 11
8 8 71 1
8 8 1062 34
1 1 758 2
7 7 1238 9
17 19 573 5
17 17 573 5
16 16 19 2
12 0 1251 7
12 12 1251 9
17 17 271 6
18 18 96 13
18 18 1270 16
5 5 1341 1
5 7 1029 7
5 5 1029 3
2 2 32 4
5 10 171 10
5 5 171 1
6 12 380 5
6 6 380 4
9 7 867 2
9 9 867 3
9 14 985 5
9 9 985 5
16 16 22 2
13 6 1148 10
13 13 1148 7
18 18 294 1
16 6 321 6
16 16 321 2
2 2 89 1
8 8 1316 1
6 6 625 1
5 0 759 13
5 5 759 16
9 10 716 11
9 9 716 3
10 10 1311 1
13 17 737 1
13 13 737 7
17 11 1352 4
17 17 1352 3
8 2 512 10
8 8 512 5
14 14 383 12
2 2 1257 3
18 18 770 6
19 19 551 11
19 19 986 5
3 16 417 10
3 3 417 7
3 1 884 4
3 3 884 13
5 5 77 1
4 9 1243 10
4 4 1243 17
12 7 330 5
12 12 330 22
15 5 1147 3
15 15 1147 1
12 13 766 7
12 12 766 4
1 16 733 12
1 1 733 1
0 0 579 4
18 18 1374 5
5 5 1277 1
14 3 619 1
14 14 619 4
3 16 901 3
3 3 901 8
7 10 494 1
7 7 494 4
9 0 795 14
9 9 795 2
11 11 1003 4
12 1 845 2
12 12 845 2
16 10 77 1
16 16 77 1
13 13 1252 5
2 2 161 9
6 5 1172 14
6 6 1172 16
4 4 140 4
9 9 1343 7
16 16 1326 1
12 12 988 1
17 17 401 2
8 8 256 10
0 0 1377 1
4 4 68 27
3 2 748 11
3 3 748 8
9 9 1160 4
1 1 615 2
12 12 614 1
17 17 735 3
17 17 34 5
16 15 472 4
16 16 472 2
5 4 1312 5
5 5 1312 1
11 11 815 11
4 4 1218 10
9 11 504 14
9 9 504 8
10 18 722 2
10 10 722 3
12 12 168 20
12 12 1026 4
13 17 1164 3
13 13 1164 1
15 9 237 4
15 15 237 6
13 13 1048 2
19 0 230 13
19 19 230 1
3 8 96 7
3 3 96 8
17 17 1326 9
12 12 250 1
3 3 1345 10
5 8 914 14
5 5 914 1
10 10 780 15
11 11 1174 4
16 10 306 3
16 16 306 3
10 10 1144 3
13 11 391 14
13 13 391 1
3 11 1422 12
3 3 1422 3
15 7 489 9
15 15 489 8
12 12 465 33
1 18 1184 5
1 1 1184 2
5 4 1143 14
5 5 1143 1
8 8 1317 6
8 4 196 10
8 8 196 7
9 5 218 11
9 9 218 5
11 2 1255 5
11 11 1255 27
2 2 766 11
14 14 1279 12
12 12 398 8
13 13 280 1
17 5 583 2
17 17 583 1
16 2 969 8
16 16 969 1
2 2 1352 5
3 8 286 8
3 3 286 2
3 3 587 6
8 8 286 8
11 11 827 5
13 14 959 12
13 13 959 6
0 0 1303 4
4 4 966 6
1 1 1090 3
4 4 896 14
8 18 600 4
8 8 600 2
7 7 335 8
10 4 10 11
10 10 10 6
7 7 1196 19
10 1 1168 4
10 10 1168 14
13 6 612 9
13 13 612 10
12 12 1081 8
14 14 760 38
17 17 180 11
19 14 411 3
19 19 411 2
18 6 1286 13
18 18 1286 10
17 2 870 6
17 17 870 5
8 1 1170 1
8 8 1170 4
5 9 448 2
5 5 448 2
9 0 773 12
9 9 773 3
3 2 1125 1
3 3 1125 4
10 16 1123 2
10 10 1123 5
13 7 1013 11
13 13 1013 10
15 18 1082 5
15 15 1082 2
13 13 1046 2
18 19 77 12
18 18 77 17
10 10 38 1
14 13 257 14
14 14 257 8
6 6 1158 1
6 17 796 14
6 6 796 3
8 18 203 9
8 8 203 7
7 7 109 3
9 4 662 9
9 9 662 11
16 10 437 1
16 16 437 5
14 14 1222 7
2 2 1404 5
12 14 978 11
12 12 978 8
14 14 417 9
17 15 537 2
17 17 537 28
1 1 774 3
18 15 988 13
18 18 988 11
18 18 1138 11
1 1 1066 4
7 7 1295 7
3 3 730 9
8 18 1428 5
6 6 404 5
12 8 1061 1
12 12 1061 4
14 14 1137 5
13 17 215 12
13 13 215 1
12 5 929 7
12 12 929 3
3 3 118 2
16 7 790 5
16 16 790 7
19 4 135 9
19 19 135 3
5 0 1298 9
5 5 1298 1
8 8 404 4
9 10 490 3
9 9 490 2
12 0 1005 13
12 12 1005 3
7 1 734 9
7 7 734 4
9 15 1035 14
9 9 1035 4
13 1 925 12
13 13 925 14
12 14 747 13
12 12 747 2
15 15 243 8
9 3 1074 9
9 9 1074 1
2 17 836 5
2 2 836 3
6 6 1262 8
8 3 1177 12
8 8 1177 13
3 3 1359 5
10 4 830 1
10 10 830 6
8 11 974 13
8 8 974 7
13 7 1006 9
13 13 1006 1
12 12 890 1
12 12 1159 2
3 5 93 1
3 3 93 2
1 1 1006 20
18 1 529 5
18 18 529 2
2 2 759 7
3 10 255 3
3 3 255 3
13 17 692 7
13 13 692 6
12 12 444 3
16 7 114 8
16 16 114 4
11 6 1387 13
11 11 1387 3
1 1 450 1
14 16 930 13
14 14 930 8
3 2 268 6
3 3 268 1
4 12 134 8
4 4 134 1
5 5 747 3
7 7 251 8
8 19 1017 13
8 8 1017 3
16 8 316 9
16 16 316 5
15 7 668 14
15 15 668 15
17 17 21 13
19 19 1314 2
16 9 832 13
16 16 832 4
19 5 140 7
19 19 140 2
4 11 1215 12
4 4 1215 1
9 9 275 4
11 11 1068 2
9 19 633 6
9 9 633 2
7 14 1186 12
7 7 1186 7
10 2 1154 14
10 10 1154 3
13 13 918 4
17 17 776 9
13 13 1346 3
7 7 682 1
2 2 274 19
19 7 688 10
19 19 688 7
5 5 1233 4
3 10 993 2
3 3 993 8
17 17 50 2
8 8 106 1
9 11 380 8
9 9 380 5
7 10 1380 13
7 7 1380 39
6 14 530 6
6 6 530 4
16 16 474 2
16 16 943 9
19 9 1101 12
19 19 1101 2
3 3 1211 1
15 10 440 10
15 15 440 4
5 5 1122 3
3 3 1102 3
15 18 773 3
15 15 773 7
11 11 100 7
12 12 110 10
1 1 1093 1
14 14 435 9
19 3 1210 1
19 19 1210 3
18 2 974 8
18 18 974 7
19 9 910 11
19 19 910 2
4 4 816 2
3 3 1183 6
8 6 790 5
8 8 790 6
7 13 240 12
7 7 240 2
13 13 201 1
14 14 233 16
14 14 290 10
1 1 641 12
19 7 584 10
19 19 584 10
5 5 1284 1
3 9 857 9
3 3 857 1
4 4 1190 3
9 6 943 12
9 9 943 18
10 10 39 1
17 17 340 3
17 17 159 9
1 1 229 3
12 3 848 7
12 12 848 8
19 8 697 14
19 19 697 3
19 19 90 12
9 9 357 4
17 17 1103 14
19 14 1106 10
19 19 1106 5
1 1 22 3
17 17 412 1
5 5 241 2
5 5 332 1
5 1 775 5
5 5 775 10
9 17 246 9
9 9 246 1
9 0 649 12
9 9 649 9
17 18 785 2
17 17 785 3
13 14 678 14
13 13 678 5
12 2 1023 9
12 12 1023 1
12 12 1284 16
4 4 121 13
0 17 799 1
0 0 799 10
18 18 1426 7
4 4 831 7
13 1 1355 6
13 13 1355 10
7 7 233 1
7 7 1027 2
16 14 1424 1
15 15 823 11
15 7 738 11
15 15 738 5
16 16 580 2
18 19 143 3
18 18 143 4
1 8 333 7
1 1 333 13
4 1 283 14
4 4 283 17
3 8 1301 5
3 3 1301 2
5 1 622 11
5 5 622 1
10 10 856 10
9 9 976 7
9 8 619 3
9 9 619 7
9 9 1086 4
16 1 1071 5
16 16 1071 11
14 14 99 5
6 6 1254 5
16 18 723 5
16 16 723 6
16 8 892 8
16 16 892 3
14 14 927 3
9 10 366 9
9 9 366 7
7 7 911 6
18 18 16 7
16 9 1214 13
16 16 1214 3
12 12 1196 2
15 15 384 2
19 6 1115 10
19 19 1115 2
18 12 945 10
18 18 945 29
17 7 74 2
17 17 74 1
6 6 695 9
6 6 1350 1
9 11 373 8
9 9 373 1
9 2 690 10
9 9 690 17
10 8 1373 3
10 10 1373 1
15 13 913 5
15 15 913 3
12 10 1014 4
12 12 1014 2
15 15 49 11
1 0 469 4
1 1 469 16
6 6 1229 5
6 7 582 7
6 6 582 1
9 9 437 4
9 1 72 1
9 9 72 1
8 6 1242 12
8 8 1242 2
9 10 1238 14
9 9 1238 9
2 2 1085 3
16 16 246 13
0 12 80 4
0 0 80 33
0 0 901 4
12 12 307 4
19 1 598 9
19 19 598 8
3 12 839 2
3 3 839 8
5 5 412 7
6 6 26 19
9 18 262 8
9 9 262 4
7 13 887 7
7 7 887 1
12 0 655 14
12 12 655 5
1 1 363 18
15 15 280 11
13 11 568 6
13 13 568 1
1 11 524 11
1 1 524 9
1 6 1389 2
1 1 1389 10
17 19 355 13
17 17 355 1
3 3 513 3
6 6 864 4
7 6 57 11
7 7 57 1
9 17 810 13
9 9 810 4
5 5 166 5
10 4 558 1
10 10 558 8
14 14 1391 11
14 14 21 5
18 16 479 7
18 18 479 10
18 10 1086 2
18 18 1086 1
1 4 1182 7
1 1 1182 2
6 6 1125 4
5 0 227 2
5 5 227 2
6 7 243 8
6 6 243 1
7 7 725 3
14 14 1189 6
16 11 1220 2
16 16 1220 4
2 2 873 2
0 0 1362 4
19 13 997 8
19 19 997 2
3 7 831 3
3 3 831 3
3 14 1266 13
3 3 1266 3
6 16 130 3
6 6 130 3
11 11 1422 9
9 9 1247 3
0 0 885 16
12 12 421 23
14 13 872 8
14 14 872 5
14 14 908 1
19 1 607 4
19 19 607 2
5 5 1188 6
5 3 1407 9
5 5 1407 17
5 12 389 9
5 5 389 1
10 10 1196 5
13 7 954 7
13 13 954 2
9 9 564 5
15 15 353 1
2 2 1088 10
5 5 623 8
13 1 11 11
13 13 11 3
8 8 1383 1
4 4 408 52
7 7 54 3
9 9 851 14
7 19 1352 11
7 7 1352 2
17 1 732 2
17 17 732 2
11 11 784 12
18 18 931 1
18 18 1081 3
2 2 722 10
6 14 673 8
6 6 673 2
6 10 234 10
6 6 234 9
5 9 882 9
5 5 882 6
4 4 487 33
7 7 530 2
13 11 721 10
13 13 721 2
13 2 156 5
13 13 156 3
15 15 621 9
16 16 85 3
17 17 89 2
0 15 996 2
0 0 996 1
17 16 390 3
17 17 390 1
16 16 391 1
3 17 337 3
3 3 337 1
3 15 804 11
3 3 804 2
6 18 133 10
6 6 133 2
7 12 675 7
7 7 675 7
11 11 842 24
10 14 1246 14
10 10 1246 4
11 11 1150 2
16 9 1398 7
16 16 1398 9
16 12 781 3
16 16 781 5
0 0 1396 8
5 9 1400 9
5 5 1400 5
5 5 861 4
6 6 522 2
7 7 869 3
11 11 987 8
11 11 366 5
12 12 368 10
12 12 1226 8
14 14 681 2
19 16 1025 7
19 19 1025 4
18 18 724 4
6 0 1220 6
6 6 1220 4
3 3 962 1
8 12 760 14
8 8 760 13
5 5 1002 1
7 6 1345 6
7 7 1345 4
15 15 1141 1
14 14 600 10
2 2 1409 3
1 1 399 6
1 1 114 6
0 0 1254 4
1 13 1256 11
1 1 1256 6
16 9 330 3
16 16 330 8
16 16 1268 4
5 6 891 12
5 5 891 8
10 16 599 9
10 10 599 6
8 6 116 10
8 8 116 13
11 11 185 3
17 0 1393 3
17 17 1393 3
14 14 406 1
14 14 971 9
19 19 1247 8
13 12 1023 2
13 13 1023 23
4 7 360 10
4 4 360 2
6 1 555 1
6 6 555 12
8 4 470 14
8 8 470 10
7 15 205 8
7 7 205 11
18 18 1149 3
12 12 1174 7
15 19 1372 12
15 15 1372 9
12 15 1138 3
12 12 1138 3
17 16 664 12
17 17 664 6
17 17 227 4
16 16 1393 3
19 16 182 12
19 19 182 5
14 14 1186 3
16 4 259 3
16 16 259 4
4 4 1153 4
17 3 908 3
17 17 908 1
9 9 972 3
11 11 525 10
7 1 1268 10
7 7 1268 3
10 12 1192 2
10 10 1192 2
7 7 1029 7
15 15 1140 1
17 17 998 17
17 15 297 12
17 17 297 7
19 19 1030 8
0 0 212 2
14 14 613 6
2 2 200 1
19 1 730 8
19 19 730 1
5 10 1063 1
5 5 1063 4
7 12 1134 11
7 7 1134 11
18 17 36 14
18 18 36 1
12 3 510 6
12 12 510 4
13 4 516 12
13 13 516 10
0 0 286 11
15 18 1045 1
15 15 1045 4
8 8 1023 17
1 1 1249 6
3 0 206 12
3 3 206 6
3 3 1112 12
9 10 27 13
9 9 27 1
11 11 1316 6
5 14 144 3
5 5 144 3
10 10 1393 1
13 10 707 3
13 13 707 3
12 11 1319 3
12 12 1319 7
17 2 75 14
17 17 75 5
0 0 1010 8
2 8 1002 7
2 2 1002 3
3 12 786 8
3 3 786 2
5 19 111 4
5 5 111 7
6 6 119 7
15 18 1146 8
15 15 1146 1
10 10 545 2
12 12 151 10
12 8 732 3
12 12 732 13
17 17 657 7
13 13 1280 5
19 9 1365 12
19 19 1365 10
4 4 1176 1
19 15 177 2
19 19 177 2
3 8 492 14
3 3 492 1
7 1 1318 8
7 7 1318 5
8 10 796 11
8 8 796 11
10 6 1107 3
10 10 1107 2
12 0 691 13
12 12 691 21
16 7 1314 9
16 16 1314 8
1 1 933 2
0 0 171 8
9 9 635 7
3 4 510 13
3 3 510 3
6 6 1206 4
5 4 182 1
5 5 182 3
5 5 257 3
5 17 988 8
5 5 988 2
7 9 1000 7
7 7 1000 15
10 10 1058 6
13 13 822 3
15 15 540 1
15 18 566 14
15 15 566 1
17 18 741 14
17 17 741 2
1 1 982 8
1 1 409 6
19 19 413 7
17 19 1184 6
17 17 1184 4
3 12 311 5
3 3 311 3
5 0 199 10
5 5 199 1
8 8 373 6
8 8 138 5
7 4 178 4
7 7 178 5
11 11 736 19
14 14 1153 3
12 8 580 10
12 12 580 1
14 14 981 5
1 18 839 12
1 1 839 2
1 8 1131 5
1 1 1131 8
3 4 1262 2
3 3 1262 2
8 9 452 14
8 8 452 1
9 2 474 11
9 9 474 4
6 6 309 2
7 7 654 2
9 4 1275 4
9 9 1275 4
9 9 299 7
12 12 142 8
12 11 1282 6
12 12 1282 2
14 13 275 3
14 14 275 11
13 13 947 4
3 3 30 1
3 14 469 14
3 3 469 6
4 14 1399 14
4 4 1399 3
10 15 1152 9
10 10 1152 1
9 9 1022 5
11 11 405 7
16 4 1145 6
16 16 1145 15
12 12 682 9
17 17 976 3
15 17 325 3
15 15 325 8
2 2 1060 2
1 0 212 2
1 1 212 2
18 18 1162 11
16 11 1136 14
16 16 1136 4
3 7 610 11
3 3 610 3
8 8 856 1
7 3 26 9
7 7 26 2
10 11 266 3
10 10 266 11
10 15 1424 8
10 10 1424 7
16 16 1160 8
15 12 1088 9
15 15 1088 5
15 18 575 13
15 15 575 8
16 16 1015 8
16 10 1129 1
16 16 1129 2
6 6 450 1
12 1 1089 5
12 12 1089 1
4 4 182 1
8 8 807 4
6 6 214 6
9 9 414 11
6 6 376 4
9 9 1171 8
11 11 172 13
15 15 1338 5
12 17 904 7
12 12 904 4
16 6 177 1
16 16 177 3
0 0 411 3
14 12 658 3
14 14 658 12
19 19 86 3
4 4 776 5
4 11 325 10
4 4 325 6
5 5 81 9
7 7 231 2
12 6 133 8
12 12 133 2
3 4 1299 14
3 3 1299 2
17 18 723 14
17 17 723 9
16 7 661 6
16 16 661 1
2 11 1164 10
2 2 1164 4
1 4 1322 8
1 1 1322 2
5 12 1153 6
5 5 1153 1
5 10 1372 6
5 5 1372 1
8 19 517 6
8 8 517 2
5 9 957 4
5 5 957 2
9 9 999 8
9 9 1101 2
8 8 944 1
12 15 673 13
12 12 673 2
12 12 1262 4
16 9 863 2
16 16 863 6
0 0 372 10
1 19 634 9
1 1 634 7
1 0 45 3
1 1 45 9
0 0 1107 4
1 5 1371 13
1 1 1371 5
12 13 908 14
12 12 908 6
12 5 575 4
12 12 575 3
9 9 880 1
12 13 94 12
12 12 94 4
16 16 25 5
0 0 669 4
2 2 689 7
4 4 864 12
18 18 330 20
8 11 184 1
8 8 184 3
9 17 14 7
9 9 14 2
5 14 434 1
5 5 434 14
12 12 903 1
17 17 62 9
19 5 1275 2
19 19 1275 5
13 11 1061 7
13 13 1061 3
3 3 434 4
5 5 90 2
19 6 1134 7
19 19 1134 2
9 9 1253 2
13 13 639 2
16 16 370 5
19 19 1384 2
0 0 689 8
19 19 210 5
16 13 1272 8
16 16 1272 8
3 16 12 13
3 3 12 11
3 0 451 10
3 3 451 3
3 8 1389 2
3 3 1389 12
12 13 275 5
12 12 275 1
12 1 856 12
12 12 856 1
15 15 924 12
17 17 277 3
19 6 1227 10
19 19 1227 8
1 9 627 1
1 1 627 6
8 15 811 4
8 8 811 30
2 2 793 15
3 16 157 2
3 3 157 7
4 4 21 8
6 18 748 10
6 6 748 8
8 0 667 6
8 8 667 37
5 5 823 5
17 13 71 3
17 17 71 3
10 10 1410 14
13 14 662 8
13 13 662 1
13 13 801 13
12 11 815 12
12 12 815 2
1 2 825 14
1 1 825 8
10 3 40 2
10 10 40 5
19 17 167 10
19 19 167 6
3 2 1204 11
3 3 1204 2
4 4 1102 6
5 18 856 13
5 5 856 5
12 12 966 2
19 2 873 2
19 19 873 10
12 12 958 3
17 9 55 6
17 17 55 7
19 3 1280 10
19 19 1280 1
1 6 285 8
1 1 285 11
16 12 572 13
16 16 572 3
2 11 571 2
2 2 571 4
9 4 1400 2
9 9 1400 4
4 4 331 29
6 6 526 1
6 6 83 7
9 6 461 3
9 9 461 1
1 1 1291 20
16 16 881 1
8 6 983 1
8 8 983 5
17 17 810 4
13 10 1177 5
13 13 1177 5
16 14 643 6
16 16 643 2
19 19 219 2
3 1 456 13
3 3 456 13
3 14 927 11
3 3 927 3
5 14 468 1
5 5 468 16
8 16 72 3
8 8 72 9
9 3 350 11
9 9 350 3
6 1 1349 8
6 6 1349 1
10 6 624 1
10 10 624 8
10 18 1143 10
10 10 1143 1
14 14 111 3
16 16 76 1
1 1 63 10
15 15 12 7
6 15 808 6
6 6 808 6
14 14 574 14
2 2 1328 7
9 3 866 5
9 9 866 1
8 8 850 2
17 17 415 2
19 19 1176 14
1 1 485 3
19 3 2 8
19 19 2 4
17 9 1364 11
17 17 1364 1
8 5 988 12
8 8 988 18
6 9 268 7
6 6 268 14
16 16 1351 4
12 16 616 10
12 12 616 5
13 15 374 10
13 13 374 7
14 16 380 11
14 14 380 3
16 0 201 11
16 16 201 1
19 19 115 16
3 9 416 9
3 3 416 1
3 8 1226 4
3 3 1226 11
8 18 480 14
8 8 480 2
7 9 807 10
7 7 807 8
14 14 1036 7
15 18 893 8
15 15 893 13
14 14 800 23
3 3 1371 1
6 18 485 4
6 6 485 15
10 10 770 1
16 16 815 10
9 11 99 1
9 9 99 3
16 16 1125 4
17 17 1129 4
16 16 836 12
19 7 1072 5
19 19 1072 2
2 2 1032 1
0 0 755 4
15 11 1022 5
15 15 1022 2
5 5 1037 4
5 5 147 4
8 8 649 2
8 8 222 4
7 12 1424 12
7 7 1424 2
13 18 648 2
13 13 648 12
6 12 524 12
6 6 524 2
12 10 989 13
12 12 989 3
12 3 1386 1
12 12 1386 13
0 14 1378 13
0 0 1378 18
18 2 389 11
18 18 389 16
6 13 178 3
6 6 178 5
9 16 756 10
9 9 756 2
7 7 1057 11
14 14 1124 7
12 7 615 13
12 12 615 1
13 12 367 13
13 13 367 2
17 2 734 7
17 17 734 1
15 15 127 2
16 19 266 14
16 16 266 1
15 13 189 13
15 15 189 8
3 1 1331 12
3 3 1331 1
3 3 855 2
19 14 1356 12
19 19 1356 6
16 4 804 12
16 16 804 5
14 9 1047 12
14 14 1047 2
15 6 574 12
15 15 574 1
16 3 359 5
16 16 359 3
13 15 1163 4
13 13 1163 1
18 18 851 18
2 2 1168 7
6 6 837 4
2 2 262 5
5 3 1253 11
5 5 1253 7
4 7 115 7
4 4 115 2
3 12 909 5
3 3 909 2
9 9 328 5
9 11 771 13
9 9 771 2
11 11 995 8
12 0 837 5
12 12 837 1
16 15 502 5
16 16 502 10
13 3 1052 10
13 13 1052 4
0 0 336 11
1 18 582 1
1 1 582 2
0 0 714 36
17 11 1389 1
17 17 1389 4
4 6 693 2
4 4 693 12
14 14 863 5
19 19 900 3
19 15 421 14
19 19 421 7
9 16 217 14
9 9 217 1
13 13 641 5
13 12 844 12
13 13 844 33
16 19 120 11
16 16 120 12
17 6 393 11
17 17 393 8
1 1 780 7
18 18 776 7
4 19 145 14
4 4 145 8
3 16 1195 14
3 3 1195 6
9 9 407 6
7 14 132 9
7 7 132 6
9 9 765 3
11 11 826 1
13 13 530 5
12 16 542 2
12 12 542 4
13 13 360 2
14 14 899 9
18 18 168 13
19 2 21 11
19 19 21 2
16 15 24 2
16 16 24 1
19 8 1003 4
19 19 1003 1
3 11 869 5
3 3 869 2
6 6 68 15
10 10 933 3
9 10 590 9
9 9 590 2
12 18 749 10
12 12 749 5
3 2 1364 9
3 3 1364 7
11 3 1365 6
11 11 1365 5
0 5 237 4
0 0 237 5
4 9 557 13
4 4 557 2
6 15 1337 10
6 6 1337 2
19 6 695 9
19 19 695 2
13 13 1012 1
12 7 892 4
12 12 892 8
14 14 55 38
1 1 607 1
18 11 1415 5
18 18 1415 7
1 18 1208 8
1 1 1208 3
6 9 1159 5
6 6 1159 1
10 8 208 2
10 10 208 6
11 11 674 4
16 16 1309 5
13 10 837 3
13 13 837 7
15 15 476 9
1 4 773 10
1 1 773 1
17 16 565 7
17 17 565 6
15 15 26 15
8 8 1009 3
5 5 737 9
10 15 534 1
10 10 534 5
9 9 742 14
14 14 1142 11
17 17 1157 10
17 17 712 5
15 6 77 13
15 15 77 5
6 6 141 1
4 4 978 9
5 14 423 3
5 5 423 1
3 0 756 14
3 3 756 2
10 10 940 3
17 17 533 2
16 16 1083 7
15 0 688 9
15 15 688 3
3 9 548 1
3 3 548 9
3 10 1358 3
3 3 1358 1
5 14 899 10
5 5 899 15
12 12 302 4
12 19 891 12
12 12 891 1
2 2 1196 1
1 8 1005 9
1 1 1005 1
5 5 1144 5
13 19 245 5
13 13 245 1
18 18 1094 7
11 11 1300 15
11 11 731 5
16 6 1300 1
16 16 1300 9
13 13 894 5
12 13 970 4
12 12 970 6
0 0 770 2
12 4 270 3
12 12 270 1
19 18 904 5
19 19 904 3
4 4 135 5
8 1 269 11
8 8 269 17
9 1 385 6
9 9 385 10
7 7 1036 10
2 2 90 22
14 5 494 7
14 14 494 16
14 14 909 18
18 18 1328 6
19 19 578 6
19 19 1017 2
6 6 1141 8
4 4 362 11
9 9 933 5
9 9 1075 3
16 12 1407 3
16 16 1407 1
13 12 1206 7
13 13 1206 9
15 11 251 8
15 15 251 20
18 18 758 1
4 4 104 8
6 6 892 4
8 7 107 14
8 8 107 6
10 0 806 12
10 10 806 1
19 19 843 1
10 10 1115 3
12 7 1215 12
12 12 1215 10
5 5 1096 3
17 10 932 1
17 17 932 13
1 1 1162 4
5 13 1121 9
5 5 1121 1
5 5 322 6
0 0 781 4
9 9 204 3
9 17 647 10
9 9 647 2
13 13 684 8
13 13 887 3
12 4 961 11
12 12 961 5
16 3 575 10
16 16 575 5
19 19 1213 2
19 1 913 6
19 19 913 10
3 2 715 7
3 3 715 2
5 5 24 5
19 19 443 2
17 2 965 12
17 17 965 2
11 11 801 8
13 15 200 5
13 13 200 1
17 5 887 4
17 17 887 3
7 19 512 12
7 7 512 3
18 6 149 7
18 18 149 9
18 1 1323 6
18 18 1323 5
9 9 1377 13
3 3 1327 4
8 8 1390 1
9 8 942 2
9 9 942 1
9 19 609 13
9 9 609 2
6 6 934 2
16 16 323 7
13 8 1199 1
13 13 1199 3
0 0 242 1
1 1 228 1
2 4 234 11
2 2 234 11
3 14 95 9
3 3 95 1
3 1 1001 5
3 3 1001 1
8 8 18 8
9 15 831 3
9 9 831 11
11 11 632 3
11 3 466 9
11 11 466 5
1 1 1087 3
17 10 1102 13
17 17 1102 1
15 15 507 23
18 6 512 2
18 18 512 7
2 2 157 4
3 17 675 5
3 3 675 4
11 6 1282 13
11 11 1282 5
14 14 1240 20
13 13 880 7
12 19 1016 13
12 12 1016 7
15 15 43 6
16 12 848 9
16 16 848 10
4 4 373 7
6 9 588 4
6 6 588 20
15 13 1424 13
15 15 1424 8
12 3 245 7
12 12 245 2
12 12 514 2
16 16 299 2
15 15 88 13
13 9 1009 13
13 13 1009 3
18 18 1349 9
6 6 1418 4
8 14 394 13
8 8 394 10
9 12 983 3
9 9 983 2
7 7 1171 2
16 9 1056 1
16 16 1056 4
14 14 96 3
15 15 274 6
3 8 151 1
3 3 151 1
19 19 266 4
8 0 1402 10
8 8 1402 7
7 7 910 1
5 5 1237 6
14 14 1381 10
15 15 1049 3
16 16 457 1
13 0 1081 13
13 13 1081 2
16 13 1183 8
16 16 1183 5
18 10 942 8
18 18 942 1
11 17 353 6
11 11 353 2
19 7 379 13
19 19 379 2
5 19 1107 10
5 5 1107 5
7 15 80 8
7 7 80 29
10 10 244 1
11 11 718 5
16 9 599 2
16 16 599 5
15 15 984 1
15 8 1166 8
15 15 1166 1
12 14 1340 9
12 12 1340 11
1 6 865 10
1 1 865 2
0 16 1153 7
0 0 1153 37
3 10 825 11
3 3 825 2
6 6 583 3
5 5 709 5
9 17 79 12
9 9 79 4
17 4 1174 2
17 17 1174 10
19 11 1066 9
19 19 1066 2
13 5 559 4
13 13 559 9
15 18 1344 5
15 15 1344 3
16 12 290 12
16 16 290 7
12 1 1427 2
12 12 1427 9
17 17 255 4
2 15 1239 10
2 2 1239 17
19 19 162 2
2 2 950 7
5 4 1210 1
5 5 1210 3
16 16 544 1
9 3 261 8
9 9 261 1
9 9 1427 2
11 11 371 2
6 6 984 2
16 10 715 10
16 16 715 2
1 11 515 10
1 1 515 4
19 3 191 4
19 19 191 2
17 17 1080 4
16 14 448 1
16 16 448 4
19 17 1322 4
19 19 1322 1
18 18 1087 7
16 1 1253 2
16 16 1253 5
4 4 671 5
3 12 1124 3
3 3 1124 1
9 9 231 1
7 19 532 1
7 7 532 19
11 11 138 5
17 14 1225 4
17 17 1225 2
14 12 1022 4
14 14 1022 14
2 2 1343 4
0 0 1006 3
17 8 391 13
17 17 391 2
19 2 262 5
19 19 262 4
19 7 226 5
19 19 226 3
3 5 1269 8
3 3 1269 3
8 10 297 8
8 8 297 25
1 1 794 10
10 10 78 20
14 6 651 2
14 14 651 7
10 10 1236 10
17 10 1303 9
17 17 1303 9
14 1 199 6
14 14 199 7
13 1 786 4
13 13 786 3
15 4 174 13
15 15 174 3
4 4 1088 1
13 18 941 4
13 13 941 4
19 12 606 10
19 19 606 1
4 19 608 1
4 4 608 30
5 2 1406 13
5 5 1406 1
3 10 847 9
3 3 847 8
10 10 388 5
8 8 970 4
11 10 412 14
11 11 412 2
12 12 647 2
14 14 114 3
17 19 318 11
17 17 318 2
16 16 301 2
19 19 280 3
8 9 1384 11
8 8 1384 6
13 7 112 13
13 13 112 2
7 5 49 12
7 7 49 5
14 14 1043 4
12 0 790 9
12 12 790 1
14 10 598 7
14 14 598 1
1 1 120 5
3 3 195 3
3 11 662 12
3 3 662 3
10 4 984 4
10 10 984 1
9 9 1126 7
9 5 232 12
9 9 232 9
10 10 230 2
10 10 466 4
10 10 1356 5
12 12 19 12
13 13 155 1
14 14 396 1
0 0 528 10
0 0 997 9
19 19 67 3
5 5 1009 2
3 9 807 9
3 3 807 11
8 8 923 2
5 11 567 10
5 5 567 6
10 10 995 3
16 10 869 1
16 16 869 8
1 9 1353 2
1 1 1353 1
14 14 1116 8
17 5 1288 11
17 17 1288 9
16 4 229 14
16 16 229 2
13 13 1293 12
19 19 1350 2
18 19 834 10
18 18 834 17
3 3 42 5
3 1 637 4
3 3 637 1
6 6 960 19
16 19 895 5
16 16 895 2
9 5 311 11
9 9 311 7
9 9 970 2
11 11 535 5
11 11 986 1
2 2 1030 2
14 4 855 3
14 14 855 8
16 16 142 7
18 18 447 7
18 18 547 3
18 12 1182 14
18 18 1182 7
3 19 526 11
3 3 526 8
11 1 51 11
11 11 51 2
11 11 1233 22
11 6 510 12
11 11 510 6
14 14 1406 7
17 19 1066 8
17 17 1066 10
12 3 1370 2
12 12 1370 1
15 15 745 2
19 9 1137 13
19 19 1137 2
1 1 398 1
18 18 1073 8
4 4 218 25
5 10 212 11
5 5 212 2
5 15 687 4
5 5 687 8
6 6 311 12
12 8 10 8
12 12 10 6
13 13 148 3
14 14 407 7
19 10 1246 4
19 19 1246 1
18 18 810 6
19 12 511 6
19 19 511 1
19 11 946 4
19 19 946 2
19 15 374 14
19 19 374 5
5 5 560 3
10 4 1002 8
10 10 1002 5
9 9 98 1
7 7 667 3
11 15 834 12
11 11 834 8
2 2 706 15
17 8 852 2
17 17 852 11
13 13 1286 7
2 2 1184 2
2 2 342 27
13 10 939 1
13 13 939 2
15 15 1419 5
8 19 1244 11
8 8 1244 8
6 6 955 5
5 14 577 11
5 5 577 2
10 10 893 21
10 10 438 12
7 7 1271 2
5 5 579 6
16 16 422 5
4 4 1140 11
1 1 534 21
0 0 538 41
2 2 201 26
1 14 1399 7
1 1 1399 4
13 10 1322 1
13 13 1322 2
5 5 263 1
10 0 741 9
10 10 741 13
7 7 419 3
10 10 281 15
9 8 1303 8
9 9 1303 1
16 4 1179 11
16 16 1179 4
15 12 541 11
15 15 541 4
17 17 441 11
19 5 1142 13
19 19 1142 1
1 1 391 4
4 13 884 3
4 4 884 3
5 13 680 4
5 5 680 7
7 7 415 4
10 1 607 14
10 10 607 2
7 16 515 6
7 7 515 3
6 17 650 14
6 6 650 3
11 19 1102 9
11 11 1102 48
15 5 1250 10
15 15 1250 20
15 14 601 12
15 15 601 11
16 16 521 1
19 19 1255 1
18 16 805 10
18 18 805 1
9 3 107 13
9 9 107 9
7 7 656 10
9 13 28 14
9 9 28 9
13 13 30 6
16 15 101 7
16 16 101 9
14 7 265 3
14 14 265 2
0 0 610 5
16 3 185 13
16 16 185 2
19 6 248 8
19 19 248 2
3 3 930 4
3 13 1401 14
3 3 1401 4
7 7 399 12
10 7 433 14
10 10 433 5
7 0 1313 13
7 7 1313 4
9 1 1090 3
9 9 1090 11
15 19 944 2
15 15 944 1
10 10 426 7
17 17 990 3
14 11 696 10
14 14 696 14
19 19 1038 1
18 18 711 10
0 0 1094 13
6 6 1250 4
5 12 181 7
5 5 181 1
6 10 845 9
6 6 845 9
7 15 28 13
7 7 28 10
4 4 582 5
9 10 1304 6
9 9 1304 3
13 18 448 6
13 13 448 13
12 2 1352 14
12 12 1352 1
16 4 1009 5
16 16 1009 3
0 0 278 4
18 18 909 10
2 2 700 6
3 3 310 1
6 3 1094 8
6 6 1094 16
6 8 220 14
6 6 220 14
0 0 388 16
16 11 1372 8
16 16 1372 8
12 19 581 3
12 12 581 4
12 12 914 1
16 2 187 14
16 16 187 7
14 14 986 3
10 0 882 2
10 10 882 9
16 9 12 4
16 16 12 2
19 9 960 3
19 19 960 20
17 1 1350 11
17 17 1350 2
6 19 538 3
6 6 538 1
5 13 546 3
5 5 546 3
19 9 1074 8
19 19 1074 2
10 10 98 15
4 4 396 7
12 12 724 8
16 16 202 4
11 11 1431 3
9 9 1375 2
5 17 1362 12
5 5 1362 3
10 6 879 6
10 10 879 3
7 7 851 5
1 1 514 1
19 19 832 1
6 5 549 2
6 6 549 6
17 12 282 6
17 17 282 4
0 0 382 6
1 0 608 7
1 1 608 3
3 14 613 10
3 3 613 1
8 6 857 7
8 8 857 11
10 3 927 3
10 10 927 1
10 10 766 4
11 11 1220 2
9 9 1281 6
13 15 814 9
13 13 814 1
13 11 505 11
13 13 505 4
12 12 1351 1
14 9 562 7
14 14 562 3
16 13 556 13
16 16 556 11
1 19 1266 9
1 1 1266 3
4 4 183 4
5 7 207 13
5 5 207 2
5 6 853 2
5 5 853 3
10 10 154 4
12 6 55 4
12 12 55 26
15 8 545 14
15 15 545 3
13 13 330 7
14 14 989 1
1 4 863 1
1 1 863 2
4 4 243 2
9 9 450 8
11 11 1055 10
9 9 1251 2
14 9 1080 6
14 14 1080 20
4 4 638 9
16 16 662 5
19 19 643 2
6 6 1371 20
8 8 91 2
11 14 563 4
11 11 563 10
13 12 982 6
13 13 982 3
6 18 979 8
6 6 979 2
17 17 968 3
15 15 333 7
8 8 1007 2
1 1 633 1
1 1 44 1
18 18 1154 8
12 12 288 7
5 15 1041 14
5 5 1041 11
6 6 1110 3
9 9 1114 12
9 17 256 8
9 9 256 1
7 4 18 11
7 7 18 8
9 0 1290 13
9 9 1290 4
11 11 87 13
16 5 1339 11
16 16 1339 1
12 7 817 5
12 12 817 2
14 14 565 2
2 6 1378 13
2 2 1378 25
0 0 809 3
17 6 571 7
17 17 571 1
18 3 1045 7
18 18 1045 1
6 6 1072 5
5 16 200 2
5 5 200 4
9 18 1057 13
9 9 1057 1
9 14 13 8
9 9 13 1
9 19 1179 11
9 9 1179 3
12 10 46 14
12 12 46 9
15 15 169 5
16 0 118 9
16 16 118 2
16 0 638 5
16 16 638 1
19 17 1274 4
19 19 1274 1
16 4 1060 10
16 16 1060 11
8 9 83 2
8 8 83 8
5 3 1331 10
5 5 1331 3
8 8 1129 7
2 2 1366 7
7 4 1098 4
7 7 1098 30
11 3 309 1
11 11 309 12
12 12 189 11
12 12 714 3
13 14 1183 6
13 13 1183 8
15 15 144 5
18 4 212 6
18 18 212 2
19 12 648 12
19 19 648 7
3 18 450 10
3 3 450 1
8 8 160 4
7 7 506 6
9 9 1007 9
12 15 268 6
12 12 268 2
12 12 857 2
13 12 1264 11
13 13 1264 3
19 16 322 1
19 19 322 7
3 3 1062 7
5 14 822 1
5 5 822 1
7 10 982 13
7 7 982 4
15 15 910 2
10 10 324 3
16 16 17 2
12 9 37 5
12 12 37 6
0 0 661 7
19 8 70 11
19 19 70 7
16 7 1174 8
16 16 1174 5
3 6 301 10
3 3 301 9
8 8 1409 9
5 19 839 14
5 5 839 5
14 14 1179 6
17 17 1365 2
15 12 1222 12
15 15 1222 2
2 1 1260 2
2 2 1260 6
1 16 284 13
1 1 284 1
12 16 314 9
12 12 314 2
1 11 1418 4
1 1 1418 5
3 14 442 14
3 3 442 8
8 8 1040 22
3 5 1220 13
3 3 1220 6
8 8 506 6
10 10 450 16
11 14 871 14
11 11 871 3
11 11 298 11
13 9 631 4
13 13 631 4
12 12 1038 20
14 16 741 13
14 14 741 5
1 3 141 13
1 1 141 9
19 19 657 10
5 7 1266 5
5 5 1266 4
4 4 910 8
7 17 263 14
7 7 263 5
11 11 1178 20
5 1 191 12
5 5 191 3
9 9 1150 3
13 13 403 4
12 12 1181 1
13 5 1257 13
13 13 1257 4
18 18 405 19
18 18 94 2
1 1 62 1
18 18 1268 2
3 0 600 7
3 3 600 2
9 9 865 1
9 4 1332 3
9 9 1332 9
6 6 527 3
17 17 587 2
16 10 1343 13
16 16 1343 8
19 17 440 14
19 19 440 3
17 7 788 11
17 17 788 12
3 1 1212 8
3 3 1212 2
10 14 183 13
10 10 183 7
3 3 1052 6
11 11 1037 10
16 14 620 3
16 16 620 4
18 3 1213 7
18 18 1213 3
0 0 1307 19
13 13 815 7
5 5 563 2
15 15 405 3
5 15 518 12
5 5 518 2
9 7 904 7
9 9 904 4
1 1 743 2
13 7 624 11
13 13 624 5
12 12 760 1
15 4 892 4
15 15 892 1
13 3 1169 14
13 13 1169 8
6 3 53 4
6 6 53 3
4 4 117 4
9 9 279 3
9 15 326 7
9 9 326 2
9 8 793 14
9 9 793 2
16 15 362 11
16 16 362 8
10 12 1151 4
10 10 1151 1
9 10 938 5
9 9 938 4
12 2 847 11
12 12 847 1
16 6 831 6
16 16 831 1
2 2 1033 18
10 10 56 1
19 5 1282 2
19 19 1282 1
5 12 365 3
5 5 365 12
7 7 121 1
10 13 303 2
10 10 303 2
9 9 1341 2
14 14 1274 1
14 14 469 1
15 15 457 9
2 1 1359 2
2 2 1359 2
2 2 485 30
2 2 46 38
3 3 283 3
3 15 1189 9
3 3 1189 6
7 7 142 6
10 10 190 13
7 19 1056 12
7 7 1056 1
6 6 653 1
13 19 536 12
13 13 536 13
12 2 608 3
12 12 608 1
15 15 126 1
5 0 1357 5
5 5 1357 5
3 17 424 6
3 3 424 1
17 17 1396 6
17 13 147 13
17 17 147 2
4 4 1228 9
7 7 799 8
7 7 746 3
9 17 1055 2
9 9 1055 1
12 9 759 9
12 12 759 1
15 0 837 5
15 15 837 9
14 14 759 1
17 17 177 2
18 18 193 10
18 18 650 25
1 1 1333 3
19 19 354 14
6 6 1351 7
5 7 453 10
5 5 453 9
6 6 477 5
10 10 327 2
16 4 1117 4
16 16 1117 3
12 12 838 3
18 15 541 7
18 18 541 3
12 12 579 1
6 6 1165 7
2 2 808 28
6 6 795 1
10 10 214 9
13 13 278 2
14 14 476 7
7 7 942 11
3 4 727 6
3 3 727 3
4 7 1060 8
4 4 1060 2
6 13 194 7
6 6 194 1
7 5 594 1
7 7 594 22
9 9 1207 5
5 8 118 11
5 5 118 1
7 7 917 6
16 0 149 10
16 16 149 10
0 0 127 16
0 0 932 64
19 1 1143 9
19 19 1143 3
5 10 1303 13
5 5 1303 2
3 9 868 12
3 3 868 1
8 12 602 8
8 8 602 20
5 7 520 10
5 5 520 3
10 10 930 3
7 7 788 5
6 11 1283 4
6 6 1283 2
10 12 566 13
10 10 566 33
12 12 161 1
15 15 834 3
17 17 359 5
16 16 745 1
18 18 56 16
18 18 1358 16
19 19 676 10
3 19 1013 12
3 3 1013 1
5 9 462 7
5 5 462 4
8 8 1121 8
11 11 27 17
11 11 430 6
2 2 1051 9
1 1 1215 2
5 5 1150 3
6 4 1156 6
6 6 1156 2
5 6 132 3
5 5 132 12
10 10 644 7
9 16 660 2
9 9 660 2
9 9 1327 5
5 5 1365 1
13 13 271 7
12 15 1305 1
12 12 1305 4
14 14 536 10
0 0 455 6
11 11 188 16
19 2 24 12
19 19 24 8
12 1 770 4
12 12 770 4
19 13 898 8
19 19 898 2
4 4 153 15
5 16 21 1
5 5 21 3
10 10 160 1
7 3 1046 6
7 7 1046 10
13 19 213 6
13 13 213 2
17 17 719 4
18 9 877 9
18 18 877 10
14 10 546 1
14 14 546 16
2 4 979 8
2 2 979 1
8 8 577 9
11 11 1065 3
7 3 728 2
7 7 728 6
11 11 1075 23
15 16 596 10
15 15 596 5
0 0 229 8
3 7 1018 9
3 3 1018 13
9 18 1031 3
9 9 1031 1
9 19 377 2
9 9 377 3
10 10 329 1
1 17 713 6
1 1 713 2
16 16 770 1
10 17 1128 5
10 10 1128 2
14 14 1425 4
15 10 533 6
15 15 533 2
12 1 1153 9
12 12 1153 1
18 18 505 7
1 14 599 13
1 1 599 3
13 5 1365 8
13 13 1365 12
4 1 676 11
4 4 676 6
3 18 692 7
3 3 692 4
6 6 704 4
19 11 640 13
19 19 640 3
9 9 1360 3
16 12 1242 3
16 16 1242 11
18 18 981 6
19 19 907 3
4 8 843 13
4 4 843 4
16 9 746 12
16 16 746 8
5 18 30 7
5 5 30 9
11 11 1380 2
19 3 1414 3
19 19 1414 11
15 1 1396 9
15 15 1396 9
17 17 893 3
17 17 452 1
2 10 1227 9
2 2 1227 12
19 19 142 3
5 2 1305 11
5 5 1305 5
3 8 1321 10
3 3 1321 5
5 10 634 10
5 5 634 14
1 1 788 2
9 13 932 13
9 9 932 1
7 6 1180 8
7 7 1180 2
11 11 335 3
12 1 1065 11
12 12 1065 11
4 4 559 4
1 2 575 8
1 1 575 4
18 18 759 11
6 16 1320 6
6 6 1320 17
14 14 222 6
6 6 454 4
10 10 807 5
7 7 923 7
11 2 578 1
11 11 578 48
0 0 196 13
11 11 476 11
16 16 1090 14
15 15 1034 4
3 3 1355 1
17 17 482 5
19 19 1103 1
12 14 276 11
12 12 276 10
5 5 1120 1
0 0 243 10
9 16 243 3
9 9 243 3
9 16 646 5
9 9 646 1
9 7 1369 6
9 9 1369 4
13 19 683 3
13 13 683 1
14 14 1291 6
15 15 630 3
1 1 790 4
18 5 1122 3
18 18 1122 1
19 18 912 7
19 19 912 1
4 13 818 4
4 4 818 13
6 6 586 2
5 13 722 1
5 5 722 7
7 10 242 8
7 7 242 6
9 4 535 12
9 9 535 14
12 12 516 1
16 15 309 12
16 16 309 7
15 5 743 3
15 15 743 2
15 9 82 1
15 15 82 6
2 2 1218 9
0 0 905 3
19 7 151 6
19 19 151 4
5 9 1207 10
5 5 1207 3
3 0 1326 5
3 3 1326 1
9 3 282 6
9 9 282 11
9 2 608 8
9 9 608 1
7 7 1173 7
12 14 667 14
12 12 667 6
17 11 775 3
17 17 775 1
18 18 37 15
17 13 320 2
17 17 320 6
6 14 441 3
6 6 441 6
10 10 814 8
7 7 1375 5
16 16 1209 2
17 17 1101 1
16 6 920 14
16 16 920 6
19 12 373 9
19 19 373 1
4 14 682 1
4 4 682 11
6 6 1129 12
8 1 226 2
8 8 226 3
19 16 1327 13
19 19 1327 7
15 6 985 8
15 15 985 7
10 10 309 3
13 19 1424 12
13 13 1424 13
19 17 1221 6
19 19 1221 2
0 0 785 14
3 4 380 13
3 3 380 3
5 9 731 5
5 5 731 6
7 0 284 2
7 7 284 20
7 2 694 2
7 7 694 4
12 19 1128 8
12 12 1128 5
16 1 582 12
16 16 582 17
7 7 749 14
5 4 401 7
5 5 401 4
7 6 888 4
7 7 888 8
0 0 59 11
11 11 950 12
11 11 381 7
0 0 414 8
17 17 675 5
13 13 1394 10
13 13 646 2
18 18 1210 3
5 4 1217 1
5 5 1217 9
4 8 95 11
4 4 95 9
3 3 661 1
5 16 290 9
5 5 290 5
5 3 1021 10
5 5 1021 8
9 7 807 8
9 9 807 3
10 19 1029 9
10 10 1029 18
17 5 697 12
17 17 697 2
17 0 1094 13
17 17 1094 7
16 16 458 2
13 15 1080 4
13 13 1080 1
19 19 1117 8
18 2 943 14
18 18 943 2
3 3 493 14
3 3 212 8
8 8 340 2
6 15 323 2
6 6 323 3
10 4 245 1
10 10 245 5
9 9 1355 5
13 8 733 6
13 13 733 4
15 15 1161 2
16 14 89 10
16 16 89 2
15 19 803 9
15 15 803 2
1 3 299 11
1 1 299 34
8 11 427 3
8 8 427 4
2 15 625 5
2 2 625 19
3 11 824 2
3 3 824 1
6 0 580 3
6 6 580 2
15 11 859 7
15 15 859 1
14 14 1107 3
15 2 1347 5
15 15 1347 12
14 2 249 13
14 14 249 6
14 18 1198 8
14 14 1198 3
19 16 1339 3
19 19 1339 7
18 18 1306 7
6 6 1275 4
5 12 1396 3
5 5 1396 4
15 15 205 7
5 7 410 1
5 5 410 2
9 5 260 3
9 9 260 1
15 18 1171 2
15 15 1171 14
12 12 380 2
12 16 649 12
12 12 649 6
14 14 104 7
10 17 968 8
10 10 968 14
18 18 23 2
15 12 5 11
15 15 5 7
5 5 1226 7
6 6 1224 1
4 2 403 7
4 4 403 5
19 3 733 11
19 19 733 4
4 4 1317 8
9 12 149 12
9 9 149 4
17 18 890 8
17 17 890 1
4 4 173 3
12 0 1189 1
12 12 1189 2
14 14 588 10
4 4 748 20
0 0 1258 1
1 5 1180 5
1 1 1180 2
17 17 1373 1
8 4 774 2
8 8 774 1
5 16 700 7
5 5 700 9
8 0 1325 14
8 8 1325 6
10 3 252 2
10 10 252 6
14 14 1195 3
1 1 1026 4
8 3 704 13
8 8 704 5
11 11 1390 30
19 17 496 10
19 19 496 1
4 4 815 1
3 3 801 1
16 10 1044 14
16 16 1044 8
10 12 812 7
10 10 812 2
13 18 551 5
13 13 551 8
16 17 460 8
16 16 460 1
12 18 1150 2
12 12 1150 3
12 12 1419 8
16 16 692 6
18 18 255 10
6 6 135 6
18 10 1301 6
18 18 1301 3
19 19 609 9
5 5 1186 1
5 0 1405 1
5 5 1405 1
10 10 840 5
11 11 1098 2
15 2 805 3
15 15 805 7
7 15 1152 7
7 7 1152 2
0 0 143 16
12 6 640 3
12 12 640 7
16 16 707 8
2 7 1118 10
2 2 1118 2
0 0 525 3
16 19 1211 2
16 16 1211 3
3 0 181 3
3 3 181 1
8 8 1376 7
7 7 1354 4
11 11 53 6
3 1 1244 5
3 3 1244 9
12 12 791 3
12 16 1372 12
12 12 1372 7
14 18 599 9
14 14 599 1
2 2 1412 7
18 14 618 7
18 18 618 4
4 7 647 7
4 4 647 12
3 9 665 8
3 3 665 1
8 14 322 8
8 8 322 3
10 14 682 9
10 10 682 22
9 9 674 4
9 13 1397 7
9 9 1397 3
16 16 1384 4
14 14 397 6
14 14 312 18
2 13 1335 11
2 2 1335 3
18 18 816 16
16 19 1168 8
16 16 1168 6
1 9 1030 12
1 1 1030 3
3 16 339 9
3 3 339 5
3 3 806 1
5 5 566 1
9 12 120 3
9 9 120 3
18 9 250 10
18 18 250 2
7 7 1128 6
5 5 844 9
13 11 235 5
13 13 235 6
12 12 1141 2
12 12 1410 1
13 15 769 11
13 13 769 4
12 12 188 1
19 6 179 9
19 19 179 2
16 16 1380 4
3 3 1290 4
7 9 1273 6
7 7 1273 22
13 13 945 2
13 13 124 6
17 14 310 2
17 17 310 8
1 4 937 10
1 1 937 5
1 1 1405 4
6 2 1210 8
6 6 1210 10
3 9 964 8
3 3 964 2
5 5 1000 2
6 6 1400 14
16 12 1189 9
16 16 1189 9
15 15 530 3
12 17 1371 11
12 12 1371 1
16 16 900 4
19 19 1136 1
18 18 1070 3
1 1 1262 4
4 4 206 8
9 9 16 11
10 1 1396 13
10 10 1396 14
15 18 1321 13
15 15 1321 1
13 15 350 3
13 13 350 3
15 12 595 14
15 15 595 1
17 19 80 5
17 17 80 9
18 18 350 7
19 19 949 11
4 16 797 4
4 4 797 2
8 17 1102 1
8 8 1102 1
4 4 1276 3
7 8 666 1
7 7 666 1
8 8 981 2
10 7 1223 5
10 10 1223 7
12 12 551 1
5 15 491 6
5 5 491 8
17 7 670 4
17 17 670 5
11 11 1370 9
18 18 241 8
18 2 698 8
18 18 698 1
19 14 623 9
19 19 623 13
5 14 1172 7
5 5 1172 13
19 10 202 1
19 19 202 1
5 5 501 6
7 7 1323 22
12 3 1080 3
12 12 1080 1
15 1 945 2
15 15 945 9
12 11 361 12
12 12 361 5
15 15 954 8
4 15 534 6
4 4 534 13
1 1 930 3
1 1 533 1
15 9 291 8
15 15 291 3
4 4 742 6
3 1 973 2
3 3 973 6
7 7 38 11
10 4 1081 7
10 10 1081 6
14 12 1350 1
14 14 1350 18
15 15 1148 3
12 11 1362 8
12 12 1362 1
15 15 486 3
9 10 763 3
9 9 763 2
1 1 390 1
18 18 604 2
1 1 1255 1
5 5 220 7
4 6 1108 10
4 4 1108 6
5 8 866 9
5 5 866 8
7 16 183 1
7 7 183 1
5 6 14 12
5 5 14 1
12 3 591 2
12 12 591 13
14 14 415 2
3 3 182 13
19 19 519 2
3 1 321 12
3 3 321 1
3 16 788 1
3 3 788 2
3 1 1259 10
3 3 1259 3
10 7 914 3
10 10 914 6
9 9 1264 1
10 10 1230 6
17 17 1167 1
16 13 271 10
16 16 271 5
11 10 1359 8
11 11 1359 6
4 4 768 3
14 14 953 3
5 5 1384 6
8 12 537 14
8 8 537 22
4 4 1162 14
13 1 1202 13
13 13 1202 4
11 11 516 2
7 12 1263 14
7 7 1263 5
11 0 414 11
11 11 414 8
12 15 352 4
12 12 352 5
17 15 1418 1
17 17 1418 5
16 16 414 1
18 13 123 1
18 18 123 7
19 19 302 4
15 14 271 3
15 15 271 1
3 3 1417 5
9 5 177 2
9 9 177 4
10 10 1431 2
2 2 522 10
12 18 1353 5
12 12 1353 4
5 5 380 2
2 9 1425 4
1 1 415 8
0 14 1270 2
0 0 1270 5
13 1 1311 14
13 13 1311 6
17 16 1077 5
17 17 1077 3
7 7 172 3
7 7 635 2
14 14 1159 4
15 15 1343 1
12 5 915 11
12 12 915 2
1 14 264 3
1 1 264 11
19 19 89 1
19 19 524 9
18 8 1313 3
18 18 1313 10
4 4 771 5
8 8 1148 1
6 6 539 10
8 6 454 4
8 8 454 4
9 10 915 11
9 9 915 6
12 12 1127 1
15 15 795 8
17 5 211 3
17 17 211 16
0 18 53 3
0 0 53 6
1 5 185 3
1 1 185 6
8 17 245 14
8 8 245 11
5 13 487 3
5 5 487 4
4 12 1393 11
4 4 1393 1
9 9 297 2
7 8 850 2
7 7 850 1
11 11 573 1
10 10 1112 3
12 14 287 13
12 12 287 1
16 14 858 5
16 16 858 5
1 10 956 5
1 1 956 19
18 4 114 7
18 18 114 9
19 4 746 2
19 19 746 7
3 3 1083 7
5 17 264 7
5 5 264 18
9 19 257 13
9 9 257 3
9 9 845 6
6 11 666 12
6 6 666 7
17 17 1057 3
14 14 510 12
4 4 1121 6
18 18 901 8
4 4 790 2
17 7 1076 12
17 17 1076 1
3 3 318 3
4 4 176 1
6 6 643 2
4 5 1114 6
4 4 1114 7
16 13 957 8
16 16 957 2
17 17 1197 10
15 15 686 2
15 15 101 7
19 19 533 1
3 3 1203 1
5 15 95 6
5 5 95 4
19 18 1206 4
19 19 1206 3
1 1 174 11
9 14 1250 12
9 9 1250 1
5 11 50 9
5 5 50 5
12 13 135 13
12 12 135 7
1 1 455 14
15 8 864 4
15 15 864 28
16 16 194 7
14 8 845 4
14 14 845 10
19 19 1381 2
3 12 9 8
3 3 9 1
5 19 1370 11
5 5 1370 2
8 8 519 18
5 3 955 7
5 5 955 2
9 2 338 4
9 9 338 12
7 3 843 14
7 7 843 7
7 10 1302 9
7 7 1302 7
9 0 55 4
9 9 55 6
12 1 675 5
12 12 675 2
17 17 975 1
13 13 1270 10
19 10 1155 13
19 19 1155 14
18 18 109 3
17 5 1145 8
17 17 1145 1
3 19 150 14
3 3 150 1
6 12 747 7
6 6 747 1
7 5 13 11
7 7 13 4
9 9 886 5
16 16 1340 1
15 11 1099 1
15 15 1099 10
14 14 449 6
3 7 762 1
3 3 762 12
3 12 1201 1
3 3 1201 2
4 4 1089 13
7 7 617 2
7 12 1076 5
7 7 1076 1
19 16 82 3
19 19 82 3
16 17 1355 12
16 16 1355 1
13 13 322 8
16 11 639 10
16 16 639 4
0 0 404 6
18 18 783 4
19 18 538 12
19 19 538 3
9 1 1313 9
9 9 1313 14
9 4 458 3
9 9 458 3
11 11 1047 8
9 9 592 3
7 7 1093 5
10 2 1275 6
10 10 1275 10
13 6 637 9
13 13 637 2
13 4 8 9
13 13 8 3
17 17 823 9
16 16 825 4
19 19 1386 2
6 6 126 4
1 1 1313 5
4 4 587 21
5 3 1347 12
5 5 1347 3
19 7 545 6
19 19 545 1
11 9 555 9
11 11 555 6
13 13 974 8
19 7 980 6
19 19 980 1
13 18 1263 7
13 13 1263 1
2 0 170 1
2 2 170 30
7 7 1077 2
8 8 1331 7
5 5 175 4
8 8 210 2
13 13 660 1
5 1 67 11
5 5 67 2
13 13 490 11
14 14 456 13
14 8 573 13
14 14 573 1
19 19 434 5
1 1 1219 1
3 1 739 6
3 3 739 2
3 13 1206 9
3 3 1206 2
8 8 364 9
19 10 1004 3
19 19 1004 13
9 1 53 10
9 9 53 2
16 9 276 3
16 16 276 14
13 0 461 12
13 13 461 17
12 3 952 7
12 12 952 3
16 16 161 12
1 1 680 7
1 15 275 5
1 1 275 5
3 1 414 9
3 3 414 2
1 18 1148 14
1 1 1148 4
15 15 179 3
3 9 880 3
3 3 880 4
8 8 934 10
10 14 950 3
10 10 950 11
9 9 601 7
10 10 1252 17
13 18 337 13
13 13 337 4
14 14 746 13
16 1 645 8
16 16 645 4
17 16 1321 6
17 17 1321 5
19 8 221 8
19 19 221 5
2 2 780 13
5 14 1265 10
5 5 1265 1
3 14 897 2
3 3 897 4
5 6 466 11
5 5 466 2
7 7 498 2
7 4 953 13
7 7 953 8
7 7 1235 3
16 17 1120 9
16 16 1120 5
12 13 1182 10
12 12 1182 2
0 0 324 5
19 18 938 5
19 19 938 8
0 0 766 4
19 19 330 10
4 17 705 7
4 4 705 22
8 8 1338 27
6 9 814 6
6 6 814 12
16 9 1322 5
16 16 1322 4
15 15 539 1
17 17 413 2
3 13 317 13
3 3 317 1
2 2 84 1
1 1 1220 10
3 7 744 2
3 3 744 4
4 4 1079 2
4 0 1420 5
4 4 1420 3
10 8 635 14
10 10 635 9
16 1 878 7
16 16 878 2
12 12 221 2
17 13 1168 14
17 17 1168 5
8 1 379 11
8 8 379 15
2 2 410 11
1 8 1141 7
1 1 1141 5
8 8 482 9
9 18 500 5
9 9 500 4
13 13 305 13
16 15 8 4
16 16 8 4
12 7 761 8
12 12 761 2
12 11 1030 2
12 12 1030 2
17 17 191 20
2 5 1175 13
2 2 1175 4
1 7 133 9
1 1 133 8
0 0 1419 6
6 6 482 3
3 1 124 1
3 3 124 10
8 8 113 3
10 13 795 1
10 10 795 1
2 2 858 15
7 12 1224 1
7 7 1224 3
0 0 347 25
1 13 579 4
1 1 579 3
1 10 54 3
1 1 54 5
12 9 578 5
12 12 578 1
9 9 406 1
8 8 651 16
6 11 362 9
6 6 362 14
10 13 659 11
10 10 659 4
17 17 699 9
7 4 1426 12
14 14 1275 4
17 6 1272 13
17 17 1272 4
12 12 1380 6
1 5 777 9
1 1 777 3
6 6 578 2
7 7 1227 1
19 0 293 4
19 19 293 9
6 6 623 2
9 11 353 2
9 9 353 4
9 9 1165 6
10 15 1285 7
10 10 1285 15
13 10 535 10
13 13 535 1
12 12 609 1
16 16 159 2
17 16 39 3
17 17 39 9
19 12 1296 4
19 19 1296 18
2 2 405 5
3 15 1333 10
3 3 1333 8
5 5 526 3
6 14 997 2
6 6 997 38
12 1 932 1
12 12 932 13
10 13 521 9
10 10 521 5
16 9 403 11
16 16 403 7
5 5 1260 5
5 8 282 4
5 5 282 8
1 9 555 2
1 1 555 1
0 1 605 8
0 0 605 2
4 4 783 3
19 19 670 6
3 2 568 7
3 3 568 10
3 3 911 6
5 10 927 1
5 5 927 2
16 8 1410 8
16 16 1410 7
9 15 769 14
9 9 769 2
9 19 1135 7
9 9 1135 3
11 11 424 6
12 12 1209 4
12 16 1164 10
12 12 1164 10
13 2 1050 12
13 13 1050 2
0 0 1073 1
19 2 783 10
19 19 783 29
11 11 723 8
3 3 585 2
5 13 154 2
5 5 154 4
13 13 160 8
9 7 223 11
9 9 223 2
9 3 658 3
9 9 658 2
7 7 1419 5
13 18 703 8
13 13 703 4
12 12 1379 1
9 14 554 11
9 9 554 3
19 19 892 3
4 4 838 5
3 16 726 3
3 3 726 1
5 5 43 7
7 6 315 8
7 7 315 5
10 14 621 11
10 10 621 3
7 7 589 5
12 12 536 6
7 18 972 9
7 7 972 7
7 7 1088 1
19 19 131 4
13 0 140 3
13 13 140 8
3 3 871 7
5 13 631 8
5 5 631 3
7 4 328 3
7 7 328 7
17 5 1312 7
17 17 1312 9
7 5 738 9
7 7 738 8
7 7 1193 3
12 11 162 10
12 12 162 6
12 12 1076 4
17 17 358 1
8 5 1311 2
8 8 1311 4
1 1 556 3
3 3 106 2
6 16 1343 8
6 6 1343 4
6 2 896 13
6 6 896 7
12 3 806 12
12 12 806 9
11 1 1152 14
11 11 1152 6
10 10 1182 10
16 5 1396 11
16 16 1396 2
8 8 639 1
14 14 53 2
0 0 297 27
18 18 72 5
16 16 988 3
1 1 1214 1
5 14 1149 7
5 5 1149 1
5 19 131 11
5 5 131 1
18 14 295 12
18 18 295 16
11 11 107 31
12 4 123 12
12 12 123 10
5 2 1154 4
5 5 1154 1
18 18 270 13
18 18 987 1
1 18 1071 2
1 1 1071 3
17 5 170 5
17 17 170 5
5 14 751 8
5 5 751 8
7 7 304 4
10 10 161 20
10 10 1335 2
7 7 939 3
17 17 891 2
17 3 17 13
17 17 17 4
18 18 161 7
4 14 988 2
4 4 988 22
9 9 930 2
9 8 629 10
9 9 629 4
9 14 1032 11
9 9 1032 3
17 8 1015 8
17 17 1015 1
13 13 922 3
14 12 141 10
14 14 141 3
14 9 710 9
14 14 710 3
16 2 737 11
16 16 737 5
2 14 1120 4
2 2 1120 6
1 7 232 1
1 1 232 32
3 11 83 4
3 3 83 2
6 6 891 1
6 6 460 4
12 12 920 9
19 0 1019 1
19 19 1019 2
11 11 422 2
12 12 1154 1
14 14 625 7
1 13 25 11
1 1 25 5
5 6 1126 3
5 5 1126 7
10 15 235 8
10 10 235 5
8 8 875 25
6 3 778 14
6 6 778 12
5 5 786 6
9 9 201 3
18 15 203 9
18 18 203 9
16 16 393 4
12 12 447 5
17 0 1251 3
17 17 1251 12
15 5 616 1
15 15 616 2
18 16 265 2
18 18 265 5
0 0 772 9
19 1 32 8
19 19 32 3
5 17 29 5
5 5 29 1
19 12 1375 5
19 19 1375 6
9 14 90 9
9 9 90 2
7 15 579 12
7 7 579 10
9 0 1184 10
9 9 1184 5
13 12 514 2
13 13 514 2
0 0 750 5
16 4 132 8
16 16 132 1
1 1 653 18
18 18 869 6
19 10 145 3
19 19 145 1
2 2 532 39
4 4 987 1
8 8 414 6
7 7 1183 3
10 10 1153 1
3 7 578 11
3 3 578 3
7 0 896 9
7 7 896 14
14 0 713 1
14 14 713 3
15 2 197 3
15 15 197 6
0 0 253 25
4 4 1070 1
19 10 254 12
19 19 254 8
1 8 1311 4
1 1 1311 2
3 5 559 1
3 3 559 9
7 7 463 12
9 9 820 7
6 2 756 10
6 6 756 22
7 10 200 14
7 7 200 1
12 9 295 2
12 12 295 7
13 13 431 17
14 14 7 14
14 14 632 7
4 4 144 1
1 1 18 4
3 13 233 13
3 3 233 19
3 13 700 10
3 3 700 2
17 3 1085 5
17 17 1085 8
7 7 555 15
9 6 1368 3
9 9 1368 1
11 11 153 19
14 14 1239 1
17 19 896 11
17 17 896 12
9 9 881 2
19 4 1215 13
19 19 1215 6
17 17 459 7
18 3 1123 6
18 18 1123 15
3 3 717 2
6 6 156 1
9 5 67 4
9 9 67 5
10 19 1337 13
10 10 1337 8
11 11 1027 3
12 7 517 1
12 12 517 1
12 12 93 1
14 14 117 9
2 19 377 4
2 2 377 19
3 14 391 12
3 3 391 13
4 17 962 5
4 4 962 4
3 10 858 8
3 3 858 10
3 5 1297 13
3 3 1297 2
5 7 610 6
5 5 610 7
18 18 236 5
9 9 1082 4
6 6 384 15
12 1 660 11
12 12 660 1
7 7 570 9
14 14 567 1
10 10 547 11
9 15 1104 10
9 9 1104 9
5 11 1011 3
5 5 1011 10
11 11 1207 13
7 17 1374 3
7 7 1374 1
19 10 1425 8
19 19 1425 11
14 14 1376 5
15 15 388 17
19 19 1111 3
0 0 668 1
0 0 1053 7
1 15 1153 10
1 1 1153 9
17 1 971 11
17 17 971 4
5 5 329 3
7 7 551 4
10 10 203 5
10 10 1361 6
16 10 1225 5
16 16 1225 1
13 4 1423 11
13 13 1423 1
1 12 878 12
1 1 878 7
1 16 1074 9
1 1 1074 2
3 10 383 5
3 3 383 8
3 3 818 6
3 3 1161 11
5 5 730 1
7 7 234 6
10 10 1312 4
12 12 247 3
13 11 255 6
13 13 255 16
12 12 1097 6
1 1 671 9
19 19 159 3
2 2 957 20
3 3 57 2
4 4 262 7
17 17 247 2
0 0 1190 4
10 6 45 11
10 10 45 11
19 19 1285 5
13 13 901 5
12 3 1334 11
12 12 1334 6
15 6 203 11
15 15 203 2
2 2 227 6
5 5 936 2
17 18 13 12
17 17 13 4
8 4 1201 13
8 8 1201 29
6 16 433 9
6 6 433 7
19 14 1237 2
19 19 1237 9
16 7 919 11
16 16 919 1
16 18 410 14
16 16 410 4
13 11 417 7
13 13 417 14
8 8 964 6
19 19 381 5
1 2 1178 1
1 1 1178 2
12 14 633 6
12 12 633 7
17 11 750 13
17 17 750 9
8 8 234 11
19 12 1283 1
19 19 1283 2
12 12 31 6
12 12 420 1
6 6 885 6
7 7 268 5
1 18 871 4
1 1 871 5
0 8 1374 9
0 0 1374 3
4 4 1328 2
3 17 827 5
3 3 827 4
5 7 8 4
5 5 8 6
4 2 1024 6
4 4 1024 3
9 18 442 5
9 9 442 8
9 9 512 13
10 10 1323 12
12 12 774 9
14 14 307 5
13 3 1305 11
13 13 1305 2
14 14 670 11
19 19 164 3
4 4 944 3
4 0 269 9
4 4 269 4
3 19 1311 3
3 3 1311 5
6 3 25 7
6 6 25 1
9 9 990 3
9 7 1060 13
9 9 1060 10
11 11 373 8
15 15 942 2
14 14 342 13
16 11 717 1
16 16 717 6
18 18 737 18
4 4 1014 3
3 6 79 4
3 3 79 3
6 6 1225 4
6 6 1298 1
7 0 58 13
7 7 58 8
15 15 1120 8
9 6 188 7
9 9 188 3
17 17 468 5
1 1 975 1
1 1 434 16
0 0 1259 11
1 1 1171 1
5 15 1114 6
5 5 1114 6
4 5 214 6
4 4 214 4
8 10 775 5
8 8 775 3
6 9 246 2
6 6 246 10
9 10 229 1
9 9 229 2
9 9 1395 2
16 16 787 2
14 4 395 1
14 14 395 1
16 7 550 5
16 16 550 5
1 1 888 19
9 9 595 1
19 19 499 6
4 13 1039 9
4 4 1039 7
10 5 998 5
10 10 998 1
7 7 216 4
18 7 253 6
18 18 253 2
14 14 1115 1
13 0 241 2
13 13 241 4
15 4 765 3
15 15 765 8
18 18 252 1
19 1 173 1
19 19 173 1
12 12 1326 8
5 2 1185 1
5 5 1185 1
3 15 945 9
3 3 945 2
19 8 1146 2
19 19 1146 9
13 9 1285 13
13 13 1285 1
13 14 951 5
13 13 951 3
13 19 66 1
13 13 66 5
16 5 1327 14
16 16 1327 9
13 18 1240 10
13 13 1240 5
14 11 798 11
14 14 798 1
18 18 603 1
18 18 1189 9
1 0 1403 1
1 1 1403 2
13 8 1324 14
13 13 1324 16
6 6 1301 19
3 10 1429 2
4 18 1325 3
4 4 1325 1
10 17 728 7
10 10 728 4
10 10 277 4
2 2 1158 6
12 12 459 6
17 17 589 5
14 14 483 5
16 12 910 10
16 16 910 9
19 1 1130 1
19 19 1130 4
1 13 395 8
1 1 395 3
12 10 745 10
12 12 745 2
2 2 721 1
4 9 1127 11
4 4 1127 7
8 8 152 7
9 9 673 1
13 5 153 12
13 13 153 2
17 13 1216 3
17 17 1216 6
3 11 338 1
3 3 338 1
8 8 136 2
6 8 567 10
6 6 567 11
5 1 565 6
5 5 565 1
15 15 783 12
16 3 231 2
16 16 231 5
15 11 177 11
15 15 177 2
1 1 738 5
18 18 832 2
16 2 78 6
16 16 78 3
5 6 1194 12
5 5 1194 13
15 5 1359 8
15 15 1359 5
0 0 1051 2
4 8 1157 1
4 4 1157 5
7 7 411 4
10 10 727 1
11 11 355 11
13 8 123 13
13 13 123 1
17 5 994 8
17 17 994 2
16 18 886 10
16 16 886 6
16 18 880 7
16 16 880 1
13 5 137 14
13 13 137 3
3 10 624 8
3 3 624 10
8 14 1190 5
8 8 1190 3
7 7 1015 6
10 10 1087 1
10 18 232 9
10 10 232 3
12 6 783 7
12 12 783 1
17 4 763 8
17 17 763 7
15 15 408 12
0 14 282 8
0 0 282 4
18 15 921 3
18 18 921 10
19 13 400 8
19 19 400 1
10 2 771 9
10 10 771 9
4 10 1134 13
4 4 1134 5
5 0 888 13
5 5 888 3
9 9 1405 4
5 5 15 6
15 12 1320 6
15 15 1320 1
11 11 1158 16
16 16 532 12
2 2 421 51
19 19 948 1
8 8 1103 11
3 0 1253 5
3 3 1253 5
5 4 574 3
5 5 574 3
7 7 259 4
11 11 267 2
12 14 1133 4
12 12 1133 1
18 18 699 12
19 19 187 4
19 19 622 1
4 15 941 1
4 4 941 3
3 3 959 3
9 10 318 11
9 9 318 8
11 11 239 1
16 17 485 9
16 16 485 1
13 14 116 10
13 13 116 4
18 3 504 3
18 18 504 1
16 16 877 1
5 2 1052 8
5 5 1052 1
11 11 1100 2
6 6 104 11
4 4 393 1
19 3 1094 7
19 19 1094 7
9 9 143 3
5 13 162 6
5 5 162 3
15 15 1151 8
12 12 1363 3
1 14 389 8
1 1 389 1
17 7 1016 5
17 17 1016 14
3 3 425 9
19 19 844 1
5 16 219 7
5 5 219 1
8 8 134 2
10 10 605 2
7 9 637 12
7 7 637 1
16 3 58 1
16 16 58 17
12 9 917 13
12 12 917 3
17 17 517 4
16 9 523 3
16 16 523 1
3 14 225 8
3 3 225 8
8 4 1142 11
8 8 1142 6
5 13 108 13
5 5 108 3
5 5 551 1
19 9 594 1
19 19 594 4
19 0 1139 1
19 19 1139 3
16 16 486 16
17 12 1222 4
17 17 1222 3
13 9 663 11
13 13 663 1
16 16 215 11
2 14 1209 13
2 2 1209 6
18 3 690 6
18 18 690 1
5 5 1367 3
6 6 1391 1
8 8 431 20
10 10 866 4
11 14 970 11
11 11 970 16
10 8 1118 11
10 10 1118 1
12 12 1275 2
13 13 1219 21
1 1 621 6
17 18 423 5
17 17 423 7
3 19 171 10
3 3 171 10
3 8 638 13
3 3 638 13
8 8 852 2
3 3 1416 1
5 5 985 3
17 2 408 13
17 17 408 2
0 0 488 12
19 19 853 8
4 16 893 7
4 4 893 3
3 3 1090 2
9 9 1059 1
5 16 874 7
5 5 874 5
7 17 175 2
7 7 175 3
9 5 724 13
9 9 724 8
9 10 1391 4
9 9 1391 4
14 14 1156 3
13 17 132 14
13 13 132 5
5 3 507 6
5 5 507 11
2 2 1281 35
3 5 329 3
3 3 329 1
8 14 1149 10
8 8 1149 9
4 4 187 10
7 7 828 2
9 9 549 5
16 16 263 3
17 17 655 2
6 6 195 7
0 7 635 3
0 0 635 8
7 7 1309 4
19 19 636 3
5 9 1157 8
5 5 1157 15
17 2 149 8
17 17 149 4
17 12 607 14
17 17 607 7
4 4 1394 2
10 1 877 1
10 10 877 2
9 9 995 1
12 16 677 9
12 12 677 2
12 14 1266 8
12 12 1266 5
17 10 280 1
17 17 280 2
1 16 947 12
1 1 947 9
3 1 615 2
3 3 615 1
5 10 188 2
5 5 188 3
6 6 826 11
6 6 399 5
9 8 844 6
9 9 844 1
9 13 1287 6
9 9 1287 3
10 10 1064 17
17 19 614 4
17 17 614 4
13 1 744 14
13 13 744 2
10 10 60 14
17 16 293 8
17 17 293 4
1 14 90 6
1 1 90 5
3 5 289 6
3 3 289 7
4 3 177 5
4 4 177 5
19 17 507 10
19 19 507 4
10 10 152 2
7 1 1086 1
7 7 1086 2
1 1 611 2
16 18 180 1
16 16 180 4
6 6 986 7
5 5 94 1
15 15 1084 4
8 8 735 4
9 9 923 7
19 14 742 4
19 19 742 1
13 18 610 12
13 13 610 2
12 11 717 6
12 12 717 1
18 1 1084 11
18 18 1084 2
15 19 149 13
15 15 149 16
15 3 422 3
15 15 422 1
19 13 645 1
19 19 645 3
17 16 954 5
17 17 954 5
8 5 93 13
8 8 93 10
9 0 996 10
9 9 996 3
14 17 228 5
14 14 228 5
9 9 1138 5
10 10 1088 1
17 9 1147 13
17 17 1147 10
15 8 912 11
15 15 912 1
13 17 1269 7
13 13 1269 1
18 18 1152 1
6 4 1191 10
6 6 1191 1
3 6 1059 13
3 3 1059 1
17 8 1093 3
17 17 1093 1
7 7 12 1
19 8 1316 1
19 19 1316 6
16 2 1341 2
16 16 1341 1
14 14 1368 6
12 12 819 3
19 19 1029 1
5 5 1142 1
1 8 488 3
1 1 488 10
19 9 428 9
19 19 428 6
8 0 187 9
8 8 187 9
7 7 157 1
7 7 616 1
7 17 1079 1
7 7 1079 7
16 16 1356 15
15 15 1292 9
14 14 938 15
18 10 323 1
18 18 323 7
19 7 102 10
19 19 102 13
19 19 541 4
2 4 575 12
2 2 575 4
3 12 439 13
3 3 439 3
18 13 147 8
18 18 147 2
8 8 928 6
5 6 530 9
5 5 530 8
2 2 1154 4
18 13 1384 10
18 18 1384 7
3 4 113 4
3 3 113 5
5 9 1346 14
5 5 1346 1
4 15 478 7
4 4 478 3
7 7 447 9
7 9 500 12
7 7 500 6
11 13 1009 3
11 11 1009 2
11 11 388 12
11 9 1070 5
11 11 1070 5
12 5 859 6
12 12 859 3
17 16 967 3
17 17 967 1
13 6 1262 8
13 13 1262 1
0 0 179 5
1 18 59 13
1 1 59 3
1 1 1361 10
3 14 597 3
3 3 597 3
8 8 841 8
5 14 377 3
5 5 377 3
9 7 171 1
9 9 171 1
14 14 1262 3
12 12 1399 5
16 16 984 4
2 2 1403 1
18 18 1034 11
6 8 626 7
6 6 626 15
19 6 408 1
19 19 408 1
19 19 1190 1
9 14 52 1
9 9 52 1
9 17 719 13
9 9 719 5
7 7 1068 5
5 9 194 13
5 5 194 5
13 5 609 14
13 13 609 1
15 18 1301 5
15 15 1301 5
14 14 1185 1
17 5 52 3
17 17 52 3
1 1 687 21
19 1 546 13
19 19 546 2
1 9 1139 4
1 1 1139 2
4 8 1017 3
4 4 1017 7
8 15 143 1
8 8 143 1
5 18 539 8
5 5 539 7
13 4 629 9
13 13 629 2
12 2 1032 1
12 12 1032 6
19 16 386 11
19 19 386 14
18 15 1379 4
18 18 1379 5
4 5 563 3
4 4 563 14
18 1 1304 9
18 18 1304 2
11 11 1014 13
6 0 608 8
6 6 608 5
13 14 401 14
13 13 401 2
15 15 998 3
17 17 259 5
19 19 1068 3
2 2 472 1
13 7 130 8
13 13 130 2
3 3 602 2
5 17 151 8
5 5 151 3
5 10 829 8
5 5 829 6
9 0 172 7
9 9 172 5
9 9 42 8
14 3 1265 4
14 14 1265 7
14 14 1322 8
17 17 1030 6
15 15 535 4
16 16 991 11
1 16 823 2
1 1 823 2
9 9 61 6
2 2 85 4
15 13 25 5
15 15 25 1
8 8 1418 10
3 3 1214 6
8 8 1114 7
10 10 632 3
10 10 181 2
18 18 460 19
10 10 1307 3
14 11 93 14
14 14 93 3
13 13 168 13
1 1 734 4
18 18 181 11
6 11 142 1
6 6 142 5
1 1 1409 9
13 14 221 1
13 13 221 14
13 13 622 2
17 17 800 7
15 15 309 1
15 14 224 4
15 15 224 13
18 18 25 11
0 0 583 22
19 11 229 10
19 19 229 1
9 16 1255 13
9 9 1255 1
5 13 1273 13
5 5 1273 4
19 6 1346 4
19 19 1346 4
4 4 460 1
3 3 1372 2
5 10 917 3
5 5 917 7
11 4 1007 10
11 11 1007 2
12 18 316 14
12 12 316 1
12 12 841 4
15 15 1007 15
13 12 1248 14
13 13 1248 4
14 0 1104 7
14 14 1104 3
18 18 544 3
17 17 1119 8
3 9 140 3
3 3 140 2
6 1 1160 2
6 6 1160 5
3 10 1046 3
3 3 1046 3
6 18 806 10
6 6 806 1
19 15 564 3
19 19 564 14
3 4 1069 10
3 3 1069 7
14 14 1272 2
15 16 1185 3
15 15 1185 10
17 17 578 5
2 2 1357 2
19 14 12 14
19 19 12 9
0 0 1194 1
14 16 868 9
14 14 868 4
6 6 1051 1
10 1 982 8
10 10 982 2
9 11 1164 14
9 9 1164 1
14 3 1131 12
14 14 1131 6
12 12 610 4
14 14 330 12
17 15 453 13
17 17 453 1
19 14 999 1
19 19 999 1
3 9 1332 11
3 3 1332 1
7 1 793 1
7 7 793 2
9 17 586 1
9 9 586 4
19 2 1256 10
19 19 1256 9
17 17 364 3
15 15 723 15
18 14 606 4
18 18 606 2
2 7 846 10
2 2 846 12
5 8 1250 13
5 5 1250 3
16 19 659 11
16 16 659 2
8 8 1263 34
18 18 728 9
5 18 926 5
5 5 926 1
9 9 333 5
9 9 768 1
14 14 1413 12
17 15 1127 13
17 17 1127 2
14 14 612 1
18 18 628 22
0 0 1074 20
19 16 782 5
19 19 782 1
5 15 1139 12
5 5 1139 3
6 8 793 3
6 6 793 2
7 7 112 9
12 12 394 4
15 16 1198 4
15 15 1198 5
15 12 613 1
15 15 613 3
13 13 1130 18
0 0 1404 2
2 2 39 7
19 1 895 13
19 19 895 3
3 15 258 14
3 3 258 10
4 0 1062 12
4 4 1062 8
9 9 404 2
8 8 1230 11
11 11 1384 3
9 3 1205 9
9 9 1205 2
16 16 604 1
0 0 113 14
13 10 291 5
13 13 291 6
2 2 982 20
1 1 1094 1
14 16 1177 11
14 14 1177 2
3 3 1341 4
6 6 59 9
10 10 928 2
11 11 339 14
4 4 528 6
3 13 104 10
3 3 104 2
17 4 168 5
17 17 168 2
2 2 1126 28
1 9 150 3
1 1 150 24
6 13 1259 11
6 6 1259 3
8 8 1174 3
6 6 458 2
9 9 374 3
12 6 306 3
12 12 306 1
15 11 1030 7
15 15 1030 4
16 15 480 6
16 16 480 1
14 14 623 2
0 0 159 12
0 0 708 6
12 11 286 12
12 12 286 1
1 15 1213 2
1 1 1213 1
8 8 869 6
18 4 192 11
18 18 192 1
10 10 223 7
13 3 485 8
13 13 485 5
16 9 392 14
16 16 392 1
12 12 385 9
17 14 572 2
17 17 572 1
16 3 964 2
16 16 964 1
0 0 473 15
4 4 727 6
1 12 1070 6
1 1 1070 1
8 8 1012 2
5 1 750 4
5 5 750 1
9 8 413 7
9 9 413 1
9 13 92 14
9 9 92 3
12 19 528 6
12 12 528 8
12 12 1117 2
17 15 717 6
17 17 717 2
18 15 158 11
18 18 158 3
18 18 875 2
12 13 311 11
12 12 311 3
2 2 977 2
5 5 1310 2
3 17 879 14
3 3 879 1
8 16 408 6
8 8 408 2
7 5 320 9
7 7 320 8
19 0 991 5
19 19 991 1
9 9 628 1
9 13 1039 7
9 9 1039 3
12 9 1161 10
12 12 1161 3
13 13 36 6
10 7 732 6
10 10 732 8
13 13 1349 6
0 0 1425 5
1 9 1285 12
1 1 1285 6
3 3 82 1
15 2 1405 7
15 15 1405 5
8 8 103 3
16 0 1371 6
16 16 1371 1
10 10 375 13
17 18 304 7
17 17 304 5
12 2 886 14
12 12 886 2
12 12 1155 4
16 5 940 9
16 16 940 1
5 19 1319 4
5 5 1319 3
5 9 1125 8
5 5 1125 1
6 2 1149 5
6 6 1149 7
5 5 785 1
9 7 191 10
9 9 191 4
14 14 1229 4
0 0 32 2
16 4 571 11
16 16 571 1
1 12 787 4
1 1 787 1
19 19 35 32
19 2 470 3
19 19 470 26
4 4 577 5
6 18 154 14
6 6 154 2
11 16 1382 11
11 11 1382 2
12 5 1134 8
12 12 1134 4
11 11 240 19
17 6 367 9
17 17 367 9
16 16 133 4
19 19 903 1
16 16 676 1
4 4 273 10
8 8 586 4
4 4 1211 3
13 7 501 5
13 13 501 4
10 10 495 4
1 12 762 1
1 1 762 11
7 7 1182 1
11 11 321 14
5 1 424 10
5 5 424 8
17 9 343 14
17 17 343 5
16 16 729 3
3 12 220 1
3 3 220 5
13 10 1099 13
13 13 1099 8
9 6 827 14
9 9 827 4
6 6 685 10
18 18 896 2
15 15 963 10
18 18 494 10
5 5 244 13
9 12 241 6
9 9 241 2
17 14 1173 12
17 17 1173 1
10 10 1367 6
16 14 1235 5
16 16 1235 4
14 14 1000 22
2 2 1361 5
17 6 711 14
17 17 711 1
11 10 761 9
11 11 761 1
6 6 1085 2
6 8 157 3
6 6 157 21
16 4 461 1
16 16 461 3
5 5 55 6
18 9 524 1
18 18 524 5
12 6 518 9
12 12 518 10
0 0 70 1
3 6 707 10
3 3 707 6
5 1 406 9
5 5 406 4
5 15 609 12
5 5 609 1
8 2 1252 4
8 8 1252 11
9 9 1081 1
15 13 215 1
15 15 215 2
12 12 661 2
12 0 1058 2
12 12 1058 1
17 17 328 12
9 1 707 1
9 9 707 9
2 2 233 1
3 0 1002 8
3 3 1002 3
5 5 295 7
6 6 447 1
9 4 361 12
9 9 361 5
11 16 471 3
11 11 471 5
13 13 796 5
15 15 19 4
17 4 473 14
17 17 473 9
18 18 489 5
1 1 423 11
1 1 1152 1
5 5 328 1
8 16 453 5
8 8 453 1
11 11 1287 1
10 12 1374 5
10 10 1374 4
16 11 1285 14
16 16 1285 15
16 16 1226 4
17 6 1244 6
17 17 1244 7
16 14 100 14
16 16 100 1
17 14 106 11
17 17 106 35
19 19 1223 4
13 13 1191 1
18 18 1422 4
4 4 1335 50
3 7 1160 13
3 3 1160 1
5 5 729 1
10 10 1013 5
7 9 229 2
7 7 229 2
12 3 573 8
12 12 573 2
15 15 165 4
2 2 369 8
11 19 635 1
11 11 635 14
3 16 834 2
3 3 834 2
4 2 1193 4
4 4 1193 8
10 10 836 1
10 10 401 20
13 8 353 11
13 13 353 1
9 9 1058 1
6 6 841 4
13 10 1392 2
13 13 1392 2
2 2 1098 20
15 12 1195 14
15 15 1195 3
3 17 73 7
3 3 73 6
3 16 979 12
3 3 979 14
8 8 711 15
9 11 146 7
9 9 146 3
11 11 626 6
10 5 1027 10
10 10 1027 2
13 9 789 9
13 13 789 7
17 17 911 21
17 2 466 6
17 17 466 2
2 2 732 9
4 4 659 7
8 8 342 22
16 16 1217 3
15 15 1163 1
16 10 91 7
16 16 91 9
13 13 1415 8
1 1 297 2
2 2 473 12
2 2 591 20
5 15 119 8
5 5 119 12
9 0 441 14
9 9 441 1
7 19 226 5
7 7 226 3
1 1 745 9
12 7 564 6
12 12 564 1
14 14 255 1
18 16 130 12
18 18 130 6
1 1 346 4
4 4 1201 10
2 2 949 1
6 6 981 3
5 5 595 14
9 9 266 9
17 1 945 2
17 17 945 6
12 12 382 3
13 3 72 13
13 13 72 2
3 2 39 7
3 3 39 3
15 15 356 9
17 9 141 2
17 17 141 5
1 1 203 2
4 4 523 2
6 6 1299 2
6 6 868 7
9 9 814 2
17 10 1335 10
17 17 1335 4
12 12 794 12
12 9 1191 8
12 12 1191 1
16 16 904 6
2 2 1419 6
18 7 932 10
18 18 932 10
3 3 507 1
4 4 666 3
6 8 1113 1
6 6 1113 5
3 3 1129 14
5 5 384 5
9 9 228 1
10 10 250 2
11 11 143 1
13 13 724 9
12 12 604 4
15 15 591 4
13 18 1408 14
13 13 1408 5
2 5 1338 9
2 2 1338 5
12 19 1271 14
12 12 1271 4
0 0 1366 8
13 11 1155 3
13 13 1155 8
16 7 1224 11
16 16 1224 1
3 9 364 10
3 3 364 7
10 8 999 13
10 10 999 3
13 13 549 2
17 7 863 6
17 17 863 7
2 2 1197 12
18 4 1299 14
18 18 1299 2
16 19 567 11
16 16 567 4
6 6 1063 9
6 16 17 4
6 6 17 8
7 4 872 6
7 7 872 15
7 3 1154 7
7 7 1154 17
16 16 427 7
15 7 365 5
15 15 365 3
14 6 799 8
14 14 799 1
0 0 218 11
0 0 1140 13
19 2 720 12
19 19 720 10
5 6 1073 12
5 5 1073 7
15 2 217 10
15 15 217 7
4 1 1326 10
4 4 1326 2
4 9 45 5
4 4 45 9
12 12 452 7
15 15 1128 2
8 8 559 15
13 13 1064 9
1 1 205 7
1 8 125 9
1 1 125 5
19 12 833 5
19 19 833 3
5 5 1090 6
2 2 245 17
8 7 783 5
8 8 783 7
5 7 675 8
5 5 675 5
7 19 67 10
7 7 67 9
11 11 1322 34
13 5 717 12
13 13 717 4
12 18 992 7
12 12 992 13
14 14 403 3
18 18 357 29
2 2 20 6
4 4 1414 6
9 6 1220 4
9 9 1220 7
12 3 1143 11
12 12 1143 2
6 6 862 2
0 0 34 14
19 19 181 1
3 4 47 7
3 3 47 6
9 8 975 6
9 9 975 1
9 7 1410 9
9 9 1410 17
16 16 1032 5
13 4 122 12
13 13 122 1
17 2 993 12
17 17 993 1
1 1 943 4
0 0 209 3
7 3 1349 6
7 7 1349 1
4 4 54 14
3 3 966 7
6 6 854 1
5 9 982 11
5 5 982 3
10 6 704 7
10 10 704 6
9 9 1113 1
19 19 1362 1
11 11 44 7
16 10 49 7
16 16 49 2
14 14 692 4
5 10 1099 10
5 5 1099 8
4 19 197 13
4 4 197 6
5 5 209 3
12 12 784 4
7 18 184 9
7 7 184 16
9 9 681 9
9 9 1404 1
10 10 1394 1
13 13 710 7
15 15 548 18
1 6 841 13
1 1 841 6
19 19 77 5
19 4 512 8
19 19 512 7
4 4 799 16
8 8 1136 5
5 0 573 6
5 5 573 1
7 7 201 4
9 9 570 13
11 11 266 1
18 16 249 14
18 18 249 1
15 14 1368 8
15 15 1368 2
17 17 841 1
18 10 519 7
18 18 519 5
17 19 231 10
17 17 231 2
2 2 1215 3
13 13 1340 6
3 10 958 3
3 3 958 1
5 17 499 7
5 5 499 2
5 16 590 14
5 5 590 4
16 16 970 13
7 2 1317 11
7 7 1317 1
1 1 1172 6
3 11 1303 13
3 3 1303 8
12 12 1277 5
12 2 1010 6
12 12 1010 4
19 17 1281 5
19 19 1281 1
4 9 394 10
4 4 394 2
5 11 260 6
5 5 260 3
11 11 1227 6
13 7 825 3
13 13 825 12
15 8 1093 10
15 15 1093 6
15 10 310 13
15 15 310 11
9 9 617 2
18 18 1063 7
4 4 887 1
17 19 179 8
17 17 179 1
15 2 1203 6
15 15 1203 3
17 6 953 7
17 17 953 1
17 1 1060 6
17 17 1060 6
12 12 585 6
13 8 341 1
13 13 341 9
16 5 524 2
16 16 524 4
16 4 941 3
16 16 941 2
0 0 1339 23
19 10 521 10
19 19 521 2
3 13 790 11
3 3 790 2
9 9 469 5
11 11 259 2
7 7 491 3
17 17 834 7
16 17 667 8
16 16 667 9
0 0 48 5
18 5 691 9
18 18 691 7
5 9 1366 2
5 5 1366 1
4 4 1396 3
7 7 392 1
11 11 518 7
5
2 4 479
3 18 718
0 17 459
2 13 45
15 2 250
