20 7254
14 8 402 10
14 14 402 2
19 19 1043 10
1 6 620 6
1 1 620 7
2 2 1154 3
1 1 1357 3
3 17 170 10
3 3 170 8
3 15 609 13
3 3 609 2
6 14 832 12
6 6 832 8
8 15 63 3
8 8 63 10
11 11 1216 3
1 1 646 3
15 11 1095 10
15 15 1095 9
14 1 501 3
14 14 501 6
14 14 558 7
0 4 489 10
0 0 489 6
1 0 413 2
1 1 413 3
0 0 643 1
13 13 1404 6
3 3 1093 11
6 1 211 1
6 6 211 3
8 8 142 1
10 10 581 2
9 9 731 1
15 5 1337 8
15 15 1337 7
12 17 909 14
12 12 909 3
16 14 778 12
16 16 778 1
15 4 30 2
15 15 30 16
0 14 408 10
0 0 408 3
11 11 1244 10
0 10 1330 1
0 0 1330 2
5 5 1021 1
8 12 1150 9
8 8 1150 3
10 10 468 7
9 9 548 3
11 18 312 13
11 11 312 9
12 12 138 11
11 3 1197 8
11 11 1197 4
13 13 1333 10
13 19 1053 6
13 13 1053 3
3 7 1045 7
3 3 1045 3
5 10 1375 9
5 5 1375 12
8 16 514 5
8 8 514 8
6 16 509 1
6 6 509 5
10 10 874 3
7 16 844 11
7 7 844 10
7 18 1254 6
7 7 1254 8
12 3 281 11
12 12 281 2
15 10 906 11
15 15 906 1
17 17 287 2
2 0 1056 9
2 2 1056 3
0 0 1104 4
4 4 1307 3
6 17 1197 9
6 6 1197 1
11 8 847 9
11 11 847 2
5 18 374 11
5 5 374 4
2 2 1226 4
19 14 778 7
19 19 778 12
16 11 38 7
16 16 38 2
15 17 502 11
15 15 502 4
0 12 480 9
0 0 480 4
0 0 1231 4
4 4 178 1
5 15 647 2
5 5 647 6
4 4 1425 4
19 8 578 2
19 19 578 10
9 9 732 8
1 10 442 4
1 1 442 3
15 15 762 12
0 0 415 3
19 19 1020 5
17 6 202 8
17 17 202 3
2 10 549 12
2 2 549 1
15 15 177 3
8 4 1125 11
8 8 1125 3
5 5 552 4
7 7 361 8
10 12 1278 6
10 10 1278 13
16 7 383 9
16 16 383 2
16 4 196 6
16 16 196 6
15 15 148 2
1 19 717 6
1 1 717 1
18 16 1390 5
18 18 1390 2
4 3 590 14
4 4 590 4
5 12 1368 4
5 5 1368 1
6 6 1374 5
2 0 1391 1
2 2 1391 17
8 8 192 2
9 8 1003 10
9 9 1003 3
7 7 1296 1
6 6 693 9
11 10 398 1
11 11 398 6
12 12 272 2
17 2 1146 6
17 17 1146 1
13 13 1268 13
8 10 340 9
8 8 340 18
1 14 638 10
1 1 638 2
0 0 1111 3
2 13 794 3
2 2 794 5
5 4 1054 8
5 5 1054 2
8 9 1294 2
8 8 1294 3
5 16 383 12
5 5 383 6
14 14 1252 9
15 14 1109 1
15 15 1109 4
4 4 179 2
13 13 1093 2
2 2 1377 4
16 9 1322 13
16 16 1322 10
8 16 978 1
8 8 978 4
0 15 462 5
0 0 462 18
10 10 128 5
10 10 1302 6
17 1 1361 7
17 17 1361 6
15 15 1274 2
16 4 172 9
16 16 172 2
8 8 377 1
19 19 105 7
8 8 1132 7
9 9 899 2
7 7 760 27
11 11 867 6
11 8 310 6
11 11 310 2
15 15 875 7
11 11 1361 1
5 5 246 4
15 16 51 9
15 15 51 1
2 7 275 13
2 2 275 2
8 8 560 10
7 0 1289 9
7 7 1289 7
11 3 1008 9
11 11 1008 12
5 5 46 5
16 14 1131 10
16 16 1131 16
15 3 1069 1
15 15 1069 11
14 14 656 2
0 0 335 4
6 6 180 1
0 16 761 14
0 0 761 8
19 7 327 11
19 19 327 3
1 0 1360 7
1 1 1360 4
3 3 129 2
3 3 596 1
5 19 173 7
5 5 173 1
5 10 819 7
5 5 819 3
9 9 170 2
17 17 1194 1
9 1 1328 6
9 9 1328 7
10 10 1422 2
16 16 1274 5
14 17 462 12
14 14 462 7
16 16 44 9
18 18 1013 7
4 4 160 2
3 15 1208 11
3 3 1208 9
10 10 638 10
9 9 1153 1
17 18 965 9
17 17 965 5
17 17 1354 2
15 15 1219 4
14 14 377 3
17 16 43 1
17 17 43 2
2 2 1259 1
17 6 264 8
17 17 264 2
2 8 567 3
2 2 567 12
5 5 1337 2
1 6 899 8
1 1 899 9
8 15 509 10
8 8 509 2
14 14 1028 1
11 14 920 4
11 11 920 19
8 5 389 4
8 8 389 2
6 6 849 10
17 16 738 13
17 17 738 10
6 12 1352 4
6 6 1352 1
18 18 1004 2
6 6 486 1
9 6 789 5
9 9 789 2
9 9 857 5
15 15 348 5
18 18 550 11
1 1 1193 3
5 6 1024 13
5 5 1024 9
6 14 1174 10
6 6 1174 5
3 3 1040 5
11 11 1260 10
13 13 651 4
16 4 1265 2
16 16 1265 5
15 5 234 12
15 15 234 1
16 16 11 1
16 16 976 2
17 17 324 5
0 3 826 1
0 0 826 4
2 12 489 3
2 2 489 9
2 2 82 3
2 13 671 4
2 2 671 7
5 15 1425 13
5 5 1425 3
5 3 39 11
5 5 39 7
4 4 162 3
6 9 256 11
6 6 256 10
9 13 759 8
9 9 759 3
7 7 1060 9
17 0 1174 7
17 17 1174 15
14 0 320 14
14 14 320 11
15 12 408 14
15 15 408 9
9 9 1335 1
5 8 72 9
5 5 72 13
8 7 484 13
8 8 484 3
16 18 930 11
16 16 930 5
11 10 913 2
11 11 913 3
0 0 847 17
15 15 1410 6
14 10 755 8
14 14 755 20
13 13 1369 3
0 13 600 8
0 0 600 3
0 9 1421 14
0 0 1421 8
2 13 884 6
2 2 884 13
6 14 336 3
6 6 336 3
6 6 1410 6
9 9 1124 5
12 13 1175 13
12 12 1175 15
9 13 647 13
9 9 647 13
0 5 349 3
0 0 349 12
5 14 1033 9
5 5 1033 16
8 1 888 3
8 8 888 6
8 13 194 8
8 8 194 8
10 6 657 6
10 10 657 4
9 15 879 6
9 9 879 12
7 14 1420 12
7 7 1420 1
15 1 832 14
15 15 832 4
17 3 667 10
17 17 667 7
13 8 282 4
13 13 282 15
15 15 543 3
17 17 404 1
19 12 1189 1
19 19 1189 23
0 1 1382 2
0 0 1382 1
14 14 813 28
19 19 439 3
9 14 402 14
9 9 402 1
0 0 1383 4
14 14 1128 4
13 13 160 6
12 12 936 12
14 14 331 3
0 15 123 12
0 0 123 2
18 18 886 6
8 4 87 12
8 8 87 13
4 9 1000 11
4 4 1000 15
8 13 1025 6
8 8 1025 2
5 0 433 4
5 5 433 3
5 14 524 10
5 5 524 8
19 16 1213 2
19 19 1213 10
7 15 792 6
7 7 792 26
9 17 585 8
9 9 585 4
11 9 349 12
11 11 349 5
15 15 1419 3
12 12 1087 12
13 11 810 10
13 13 810 7
14 18 652 3
14 14 652 4
4 4 546 6
6 6 911 4
19 19 474 11
15 11 1080 1
15 15 1080 6
13 6 1048 6
13 13 1048 5
18 19 386 9
18 18 386 15
0 6 1075 2
0 0 1075 5
4 9 689 12
4 4 689 3
4 4 14 2
6 6 31 11
7 10 115 4
7 7 115 5
7 7 1413 3
11 11 1167 9
12 12 1309 4
13 13 1129 13
0 3 451 14
0 0 451 2
0 14 776 14
0 0 776 1
19 13 20 9
19 19 20 16
19 17 894 13
19 19 894 4
12 19 622 13
12 12 622 19
9 4 394 14
9 9 394 2
5 13 740 7
5 5 740 4
9 9 411 20
1 1 613 7
13 18 217 5
13 13 217 3
2 2 362 4
1 17 1426 1
2 2 512 5
6 6 1015 4
5 0 629 6
5 5 629 2
9 11 959 3
9 9 959 1
16 12 649 1
16 16 649 2
16 16 1395 8
16 16 338 1
17 10 498 7
17 17 498 6
18 14 261 6
18 18 261 12
5 5 1258 4
3 3 614 2
4 4 435 9
8 8 556 4
5 5 902 7
4 4 25 7
10 10 1132 2
18 18 1198 16
10 10 603 6
14 14 59 19
15 14 427 10
15 15 427 2
2 4 1046 14
2 2 1046 2
1 16 6 7
1 1 6 1
2 2 140 1
19 19 790 15
5 19 1147 11
5 5 1147 3
5 18 129 10
5 5 129 5
8 8 699 1
5 5 791 4
10 10 220 30
12 4 975 14
12 12 975 6
8 8 570 5
13 13 1122 7
1 4 460 3
1 1 460 6
2 5 498 14
2 2 498 2
2 2 63 4
1 17 1069 10
1 1 1069 5
4 4 847 38
8 8 1013 7
9 9 496 2
9 9 746 13
8 0 865 11
8 8 865 5
8 0 733 13
8 8 733 1
18 18 934 1
15 15 807 10
17 4 716 12
17 17 716 5
17 17 23 2
1 12 650 4
1 1 650 6
0 1 958 9
0 0 958 10
18 13 1333 10
18 18 1333 28
9 9 1132 2
18 10 1392 11
18 18 1392 14
19 19 387 2
5 2 638 1
5 5 638 1
7 0 323 8
7 7 323 1
15 4 330 7
15 15 330 3
16 3 329 2
16 16 329 9
18 16 699 7
18 18 699 16
0 3 248 6
0 0 248 2
0 16 557 7
0 0 557 1
4 14 528 2
4 4 528 14
8 0 1182 2
8 8 1182 5
16 12 366 11
16 16 366 12
13 13 1001 5
17 17 923 2
12 0 78 9
12 12 78 19
1 7 31 5
1 1 31 1
3 3 1036 4
5 19 325 12
5 5 325 1
9 5 642 3
9 9 642 5
19 19 1396 12
13 13 890 1
15 15 618 2
0 0 1200 3
1 8 1062 7
1 1 1062 1
3 3 371 8
6 6 1037 2
3 1 1181 12
3 3 1181 23
0 0 453 3
10 10 541 6
9 10 1190 11
9 9 1190 11
15 14 1393 2
15 15 1393 2
12 7 1109 9
12 12 1109 37
1 10 643 5
1 1 643 3
6 1 42 4
6 6 42 3
16 16 1078 12
17 6 771 4
17 17 771 9
16 0 789 10
16 16 789 8
9 9 1045 4
1 6 231 10
1 1 231 3
1 4 1309 6
1 1 1309 5
16 18 1005 3
16 16 1005 9
5 16 317 5
5 5 317 3
10 10 802 9
11 11 10 1
11 10 465 10
11 11 465 1
12 12 289 9
13 10 756 14
13 13 756 11
14 3 638 11
14 14 638 1
10 10 505 8
1 1 429 7
0 15 1048 9
0 0 1048 16
18 18 1418 4
6 6 702 8
9 9 240 3
2 2 584 2
10 10 463 5
17 17 557 9
15 15 46 2
7 7 585 19
0 17 1207 12
0 0 1207 1
4 4 138 11
8 15 312 10
8 8 312 4
7 7 288 2
9 11 65 12
9 9 65 3
18 18 786 14
15 8 736 10
15 15 736 2
3 3 29 9
14 14 1042 1
3 3 50 7
15 9 1389 2
15 15 1389 2
6 6 984 3
5 15 608 5
5 5 608 4
9 15 613 5
9 9 613 19
9 2 1080 3
9 9 1080 2
9 3 119 1
9 9 119 5
15 8 858 6
15 15 858 1
14 16 336 6
14 14 336 1
15 16 204 12
15 15 204 1
18 18 32 1
12 12 476 1
15 15 66 8
6 5 1245 3
6 6 1245 8
6 6 875 2
6 13 444 9
6 6 444 4
10 10 813 11
9 9 143 2
9 8 131 4
9 9 131 11
14 6 1382 2
14 14 1382 6
13 13 422 1
12 12 1202 14
4 4 18 7
19 19 1113 1
18 18 947 2
18 18 636 8
19 19 948 4
8 8 1341 3
8 8 229 1
7 2 87 3
7 7 87 3
6 15 728 4
6 6 728 2
12 12 431 14
13 10 311 4
13 13 311 10
14 14 447 3
8 8 647 1
1 6 876 1
1 1 876 2
0 0 1369 12
3 10 820 4
3 3 820 4
1 1 1381 3
9 9 74 12
9 3 541 7
9 9 541 3
9 15 1232 7
9 9 1232 6
16 16 1429 9
16 16 303 1
1 1 669 5
1 1 320 4
3 3 1304 26
10 10 943 6
7 19 430 5
7 7 430 11
10 10 414 17
11 6 939 7
11 11 939 23
10 10 1201 11
13 13 899 5
17 16 320 1
17 17 320 3
18 14 27 13
18 18 27 5
9 9 1318 4
2 5 810 12
2 2 810 5
13 13 1326 2
15 9 512 6
15 15 512 6
5 6 1018 1
5 5 1018 1
9 8 145 2
9 9 145 7
9 9 804 5
7 4 1361 12
7 7 1361 2
16 16 1203 3
12 9 796 13
12 12 796 7
13 16 1077 1
13 13 1077 13
19 14 1118 14
19 19 1118 2
1 3 98 5
1 1 98 6
3 3 684 11
12 8 25 12
12 12 25 13
12 12 422 6
16 0 92 9
16 16 92 1
13 18 1414 8
13 13 1414 3
19 19 1231 2
0 10 1003 3
0 0 1003 5
0 18 1157 12
0 0 1157 1
1 12 1033 6
1 1 1033 5
17 17 674 5
4 3 376 5
4 4 376 23
7 17 278 14
7 7 278 10
9 18 115 3
9 9 115 4
7 7 680 1
14 14 1110 1
12 0 565 10
12 12 565 1
9 9 723 8
2 2 329 2
6 6 500 6
8 5 608 14
8 8 608 3
8 6 437 11
8 8 437 1
9 9 988 2
7 13 1337 6
7 7 1337 8
12 12 1229 3
12 6 1233 10
12 12 1233 2
15 7 359 10
15 15 359 11
19 19 44 19
6 7 1296 1
6 6 1296 3
6 0 869 5
6 6 869 5
7 18 52 4
7 7 52 4
16 3 174 12
16 16 174 8
13 9 781 14
13 13 781 4
12 0 795 3
12 12 795 1
13 0 1070 2
13 13 1070 7
18 18 933 1
16 10 1206 12
16 16 1206 2
2 8 724 8
2 2 724 4
17 17 1329 8
19 0 283 4
19 19 283 10
5 17 697 13
5 5 697 7
8 8 147 1
13 7 1412 4
13 13 1412 2
13 10 297 14
13 13 297 3
15 0 590 7
15 15 590 3
1 1 894 5
15 6 334 11
15 15 334 3
0 0 1367 1
2 12 444 1
2 2 444 2
3 3 367 3
8 8 1091 5
5 3 127 2
5 5 127 2
5 4 714 7
5 5 714 4
7 16 271 4
7 7 271 7
10 1 561 2
10 10 561 12
2 2 1083 11
17 17 1291 1
8 3 28 14
8 8 28 1
16 16 226 5
16 16 695 4
8 5 17 8
8 8 17 7
8 19 1234 1
8 8 1234 2
6 18 973 6
6 6 973 9
8 9 1142 11
8 8 1142 8
10 10 384 1
7 7 1334 3
7 8 1277 10
7 7 1277 6
11 14 364 4
11 11 364 8
12 17 374 8
12 12 374 3
17 17 382 1
14 14 796 10
16 17 936 6
16 16 936 2
19 19 723 1
13 1 193 7
13 13 193 9
10 10 915 2
7 16 45 10
7 7 45 6
9 9 854 3
7 18 1351 10
7 7 1351 3
14 14 481 4
13 13 1063 4
1 1 393 4
0 0 703 12
2 2 98 12
4 4 642 4
2 2 138 2
5 6 893 4
5 5 893 2
7 1 66 12
7 7 66 13
11 4 752 2
11 11 752 3
14 7 1201 12
14 14 1201 11
17 8 1222 3
17 17 1222 13
16 4 74 4
16 16 74 18
19 19 1245 3
19 0 945 1
19 19 945 3
4 4 785 1
8 19 1098 3
8 8 1098 6
5 6 120 5
5 5 120 2
8 19 468 6
8 8 468 16
1 1 436 6
17 19 1292 12
17 17 1292 14
14 7 206 12
14 14 206 6
0 11 35 12
0 0 35 5
19 19 180 1
2 8 900 3
2 2 900 1
8 8 242 6
4 4 509 12
5 5 393 9
7 15 1327 8
7 7 1327 7
11 11 990 10
12 10 698 9
12 12 698 2
12 12 1223 6
18 18 690 9
8 8 408 4
0 0 519 18
19 2 293 5
19 19 293 1
7 6 42 8
7 7 42 2
11 11 47 4
14 14 1346 11
15 15 1136 3
14 14 488 6
13 13 1056 7
13 13 252 2
0 19 833 12
0 0 833 3
4 4 916 2
3 1 643 13
3 3 643 5
5 5 208 8
8 5 332 6
8 8 332 8
13 12 266 4
13 13 266 6
11 11 1314 6
9 9 1379 1
17 17 1396 3
17 17 1215 1
12 12 1317 3
14 14 972 18
0 12 1008 5
0 0 1008 4
2 13 419 3
2 2 419 13
5 5 584 5
14 19 1147 3
14 14 1147 14
3 16 784 13
3 3 784 1
5 5 97 6
7 7 381 10
10 10 547 2
9 9 569 2
9 9 1228 4
10 10 1218 6
12 4 149 2
12 12 149 4
17 12 1285 13
17 17 1285 5
15 9 790 14
15 15 790 2
0 0 1398 13
4 4 594 4
19 12 1070 5
19 19 1070 6
4 4 484 1
16 15 443 2
16 16 443 2
5 14 589 1
5 5 589 4
9 9 316 1
11 2 1149 11
11 11 1149 2
11 18 512 12
11 11 512 3
10 10 1109 1
1 1 570 8
12 4 1291 2
12 12 1291 2
15 15 903 3
15 15 370 2
1 12 935 1
1 1 935 10
0 2 169 4
0 0 169 2
13 13 930 20
19 19 737 16
11 9 888 7
11 11 888 4
4 4 368 4
5 18 990 14
5 5 990 2
9 14 832 9
9 9 832 1
7 5 1111 2
7 7 1111 5
17 7 1063 6
17 17 1063 6
12 10 1357 3
12 12 1357 5
13 13 1113 1
1 1 78 7
3 3 648 1
3 3 1119 7
4 2 1111 12
4 4 1111 2
9 18 30 3
9 9 30 3
9 13 1380 9
9 9 1380 3
10 10 1402 1
12 12 919 10
17 6 763 2
17 17 763 2
15 15 16 3
1 1 833 4
0 8 1340 11
0 0 1340 1
2 3 592 4
2 2 592 3
3 3 806 10
10 10 554 2
10 10 1229 7
5 5 123 4
6 15 123 11
6 6 123 2
19 19 633 2
3 3 514 9
4 4 918 5
8 8 81 1
7 0 854 12
7 7 854 7
10 10 1116 14
13 13 1217 23
1 13 611 2
1 1 611 2
0 3 1114 12
0 0 1114 2
1 6 1356 3
1 1 1356 1
5 5 1067 22
5 1 177 2
5 5 177 3
4 4 328 8
11 10 1219 10
11 11 1219 2
13 13 817 5
15 9 488 4
15 15 488 2
18 18 316 9
0 0 644 6
0 6 1225 12
0 0 1225 6
11 11 660 5
8 16 1424 5
8 8 1424 3
5 2 194 5
5 5 194 1
1 13 1008 11
1 1 1008 1
8 11 143 4
8 8 143 4
18 18 1253 7
3 3 1048 21
10 10 1381 3
17 11 1193 2
17 17 1193 1
14 6 990 2
14 14 990 4
18 18 1262 3
0 2 974 12
0 0 974 17
2 17 555 2
2 2 555 4
3 3 331 6
4 4 347 4
7 11 1095 6
7 7 1095 12
12 12 829 9
11 11 884 4
13 13 584 20
14 14 841 3
0 2 8 4
0 0 8 9
7 16 421 6
7 7 421 1
19 19 203 8
9 9 1169 3
6 0 1380 3
6 6 1380 4
11 16 965 1
11 11 965 3
11 9 392 2
11 11 392 4
16 16 1150 7
1 17 945 9
1 1 945 5
9 9 990 12
19 1 312 8
19 19 312 14
2 19 768 2
2 2 768 1
14 14 858 1
6 16 759 4
6 6 759 2
5 13 373 8
5 5 373 1
6 9 397 5
6 6 397 1
10 10 311 4
12 12 489 3
12 12 1068 7
15 15 497 2
2 2 1383 7
1 1 88 2
0 0 1216 2
8 8 1431 7
5 5 953 13
7 15 621 14
7 7 621 8
11 8 796 2
11 11 796 14
11 6 163 10
11 11 163 1
15 19 1276 9
15 15 1276 7
16 16 182 7
1 11 851 2
1 1 851 11
1 1 262 1
0 10 1290 12
0 0 1290 1
2 16 1017 12
2 2 1017 4
19 19 973 5
6 6 529 14
13 15 308 11
13 13 308 3
9 14 556 2
9 9 556 6
0 7 250 3
0 0 250 3
14 0 1084 5
14 14 1084 5
1 17 716 5
1 1 716 1
17 17 110 1
8 16 1269 5
8 8 1269 14
8 8 522 16
10 10 431 15
17 1 972 13
17 17 972 2
16 16 852 3
1 13 637 14
1 1 637 1
1 1 32 10
0 0 1064 1
3 3 155 2
4 4 43 27
5 6 969 13
5 5 969 2
9 8 160 12
9 9 160 3
9 11 891 1
9 9 891 4
17 16 1034 5
17 17 1034 6
6 6 448 3
15 17 275 12
15 15 275 6
10 10 891 1
11 0 1358 11
11 11 1358 3
17 17 1360 1
8 8 1069 3
15 11 688 12
15 15 688 3
2 9 1297 14
2 2 1297 6
2 8 439 7
2 2 439 4
19 11 978 11
19 19 978 2
5 1 1343 9
5 5 1343 2
1 9 908 6
1 1 908 1
7 3 353 14
7 7 353 1
11 6 866 9
11 11 866 1
13 13 634 11
15 15 655 22
14 14 859 9
2 2 1152 2
18 18 669 4
2 15 310 5
2 2 310 19
17 5 36 3
17 17 36 3
4 4 472 3
6 6 923 1
17 1 1110 6
17 17 1110 2
9 5 787 8
9 9 787 2
11 11 1195 2
11 11 390 2
12 12 264 6
16 16 390 4
15 0 342 5
15 15 342 4
18 18 406 4
2 9 1075 5
2 2 1075 8
2 13 169 7
2 2 169 1
17 15 244 6
17 17 244 5
13 17 250 4
13 13 250 2
6 9 810 11
6 6 810 22
6 6 383 12
9 9 169 1
11 5 1270 1
11 11 1270 7
17 5 1027 6
17 17 1027 7
17 10 598 5
17 17 598 5
17 6 409 10
17 17 409 42
0 7 511 9
0 0 511 7
0 0 804 11
5 5 1322 3
19 11 874 10
19 19 874 2
6 9 1071 9
6 6 1071 6
6 6 624 2
8 7 164 13
8 8 164 3
9 9 58 4
11 1 778 7
11 11 778 6
14 14 485 2
15 5 116 6
15 15 116 3
18 18 773 3
1 6 1422 3
1 1 1422 4
11 11 698 2
3 18 885 1
3 3 885 8
3 3 1224 1
10 5 949 4
10 10 949 1
17 15 836 13
17 17 836 3
10 0 1249 13
10 10 1249 29
1 1 397 2
12 3 1034 11
12 12 1034 3
1 1 734 10
0 4 578 9
0 0 578 3
14 0 1312 7
14 14 1312 3
3 3 120 9
6 15 1353 5
6 6 1353 1
6 6 487 1
10 10 772 15
19 0 1375 6
19 19 1375 9
11 10 1000 8
11 11 1000 8
16 16 1123 1
14 6 39 6
14 14 39 1
15 19 692 1
15 15 692 9
18 18 401 5
0 0 140 6
1 18 50 1
1 1 50 16
19 19 770 8
19 19 427 8
3 3 604 5
5 18 149 14
5 5 149 4
5 5 352 3
5 5 827 13
7 4 124 14
7 7 124 2
9 9 1336 3
12 15 803 4
12 12 803 21
16 7 12 4
16 16 12 1
13 16 1142 8
13 13 1142 26
1 2 504 8
1 1 504 1
19 10 9 9
19 19 9 4
5 17 1424 12
5 5 1424 1
6 6 1062 3
5 14 753 1
5 5 753 9
13 18 655 14
13 13 655 1
11 11 214 4
17 17 123 2
13 18 166 10
13 13 166 8
8 2 513 5
8 8 513 1
17 15 728 2
17 17 728 2
0 0 101 6
18 13 892 7
18 18 892 17
17 18 398 3
17 17 398 2
1 14 1098 1
1 1 1098 8
3 15 423 14
3 3 423 5
10 15 956 11
10 10 956 19
9 6 908 3
9 9 908 2
11 11 295 13
12 12 1025 9
17 0 361 1
17 17 361 1
18 18 655 14
18 18 1368 7
17 2 1399 9
17 17 1399 14
3 5 564 9
3 3 564 2
6 0 1344 6
6 6 1344 8
8 15 575 12
8 8 575 5
17 17 1210 1
6 6 165 2
19 19 1101 6
16 7 1114 2
16 16 1114 3
13 9 392 2
13 13 392 3
16 10 1148 6
16 16 1148 2
1 1 1185 8
6 9 1166 14
6 6 1166 8
5 11 158 7
5 5 158 3
9 7 219 4
9 9 219 17
7 7 575 2
15 15 907 15
16 16 1257 4
13 13 281 1
16 4 3 13
16 16 3 1
14 14 530 4
2 17 481 7
2 2 481 2
6 6 964 9
3 7 287 10
3 3 287 3
4 4 151 4
5 16 762 7
5 5 762 2
10 18 980 8
10 10 980 7
10 10 609 4
12 12 954 15
7 7 1052 4
18 18 115 3
6 6 210 1
17 17 721 7
16 19 615 5
16 16 615 12
12 5 309 12
12 12 309 1
2 2 518 17
3 3 428 15
6 1 1021 12
6 6 1021 1
17 3 508 6
17 17 508 5
11 18 1087 12
11 11 1087 12
13 13 613 4
15 6 1418 11
15 15 1418 1
12 12 1080 1
15 17 316 8
15 15 316 3
15 12 235 2
15 15 235 1
2 2 1133 1
15 14 604 3
15 15 604 9
19 19 675 1
5 2 1248 7
5 5 1248 2
6 6 1270 6
11 4 1164 7
11 11 1164 3
7 19 1218 11
7 7 1218 9
16 10 1105 11
16 16 1105 2
15 13 429 6
15 15 429 4
0 0 341 6
18 18 537 4
13 1 785 10
13 13 785 3
5 12 1137 9
5 5 1137 1
3 3 586 8
8 8 864 1
5 9 338 8
5 5 338 12
8 5 202 6
8 8 202 4
9 0 663 10
9 9 663 3
9 3 1322 8
9 9 1322 6
6 6 514 4
14 14 416 2
0 5 777 14
0 0 777 2
16 1 917 7
16 16 917 10
2 2 37 6
2 2 622 17
5 8 1410 5
5 5 1410 2
1 9 969 12
1 1 969 9
9 13 410 13
9 9 410 1
10 10 616 6
7 13 1045 11
7 7 1045 4
10 10 1291 3
13 12 525 9
13 13 525 6
16 16 1102 3
15 1 1241 3
15 15 1241 4
14 14 339 10
16 13 606 11
16 16 606 4
3 18 405 1
3 3 405 18
3 10 872 2
3 3 872 5
5 17 441 14
5 5 441 2
9 9 491 1
11 11 1076 4
7 13 1194 11
7 7 1194 14
12 1 1345 2
12 12 1345 4
16 16 339 3
10 10 210 7
1 0 148 10
1 1 148 11
0 0 1089 13
3 3 546 2
4 4 444 19
19 19 1158 2
9 7 372 9
9 9 372 13
9 8 783 8
9 9 783 4
19 7 884 6
19 19 884 2
4 4 599 13
0 11 300 12
0 0 300 7
9 2 610 12
9 9 610 1
2 6 141 10
2 2 141 1
1 7 1203 5
1 1 1203 9
8 3 700 8
8 8 700 6
5 10 790 12
5 5 790 1
9 8 1363 7
9 9 1363 2
11 11 108 4
16 16 1298 6
15 0 620 13
15 15 620 2
16 16 966 1
18 18 982 6
3 2 704 3
3 3 704 4
8 8 118 7
3 3 1225 49
9 7 86 10
9 9 86 5
16 16 40 4
5 5 86 9
12 18 197 13
12 12 197 6
9 10 1010 1
9 9 1010 1
17 17 888 2
16 1 597 3
16 16 597 2
1 9 649 13
1 1 649 1
2 0 943 12
2 2 943 5
1 14 1117 11
1 1 1117 4
5 5 1308 2
8 8 1072 3
6 18 1007 6
6 6 1007 8
9 9 492 4
9 9 634 8
11 11 903 3
10 13 1110 8
10 10 1110 6
15 17 258 9
15 15 258 2
13 13 1347 22
9 9 518 6
0 11 558 2
0 0 558 11
2 12 277 12
2 2 277 1
5 16 307 6
5 5 307 4
6 3 451 1
6 6 451 16
10 10 824 2
2 1 854 8
2 2 854 11
11 6 20 11
11 11 20 10
16 5 652 1
16 16 652 6
13 13 435 9
17 18 922 13
17 17 922 1
17 17 493 4
8 8 260 2
19 14 363 14
19 19 363 4
2 15 753 3
2 2 753 15
3 17 229 2
3 3 229 4
5 8 137 5
5 5 137 3
8 8 248 12
7 7 96 19
11 11 101 3
19 19 932 3
8 8 732 1
1 15 216 14
1 1 216 6
18 11 977 13
18 18 977 2
1 3 1061 14
1 1 1061 1
3 3 370 1
9 12 1211 12
9 9 1211 13
5 5 725 2
0 0 495 2
7 5 1035 14
7 7 1035 1
11 13 242 6
11 11 242 18
15 15 993 10
13 13 202 3
14 5 349 3
14 14 349 5
16 16 588 9
5 10 718 3
5 5 718 4
2 6 398 3
2 2 398 12
1 2 1110 4
1 1 1110 6
8 1 1079 2
8 8 1079 5
6 15 998 5
6 6 998 6
5 13 614 12
5 5 614 8
9 13 277 4
9 9 277 2
10 19 493 14
10 10 493 12
8 17 1196 14
8 8 1196 8
8 13 297 3
8 8 297 11
16 16 321 1
16 0 137 3
16 16 137 2
15 3 198 12
15 15 198 3
1 10 563 11
1 1 563 4
1 13 230 7
1 1 230 1
2 9 236 7
2 2 236 10
1 12 1308 9
1 1 1308 1
5 5 1243 5
6 6 1243 2
19 3 1152 14
19 19 1152 3
2 3 62 2
2 2 62 1
10 10 380 4
10 10 1236 3
12 12 670 21
16 14 465 4
16 16 465 6
13 13 428 5
17 17 915 7
13 13 1026 5
1 17 1017 6
1 1 1017 5
1 1 23 8
18 18 69 33
3 14 1140 3
3 3 1140 9
5 7 333 9
5 5 333 5
6 6 341 4
8 8 285 1
14 6 1295 4
14 14 1295 4
15 6 1159 7
15 15 1159 7
14 14 437 10
16 16 564 1
1 17 874 9
1 1 874 2
0 0 798 1
0 2 1347 5
0 0 1347 2
0 3 1160 6
0 0 1160 7
19 3 642 6
19 19 642 3
3 3 379 2
8 5 1386 1
8 8 1386 4
7 6 238 3
7 7 238 2
0 0 40 2
7 8 1024 12
7 7 1024 4
8 4 606 6
8 8 606 2
16 1 297 9
16 16 297 3
14 8 292 1
14 14 292 4
11 15 1030 5
11 11 1030 12
1 1 667 2
2 8 372 9
2 2 372 5
18 18 1170 4
3 3 863 3
5 18 623 10
5 5 623 6
9 9 286 22
10 10 404 8
16 16 273 2
13 13 905 3
12 19 1244 1
12 12 1244 3
14 14 281 3
18 18 33 3
1 1 73 5
1 11 1301 10
1 1 1301 7
8 5 1400 12
8 8 1400 5
8 0 1165 8
8 8 1165 5
8 8 706 4
9 1 802 12
9 9 802 2
12 17 473 9
12 12 473 3
16 4 471 4
16 16 471 7
0 10 626 12
0 0 626 7
19 19 1112 1
3 3 304 9
1 14 104 9
1 1 104 2
6 2 18 7
6 6 18 2
2 2 707 1
5 5 1109 4
16 14 706 7
16 16 706 17
3 3 1149 17
8 8 230 1
7 7 86 1
19 10 645 3
19 19 645 12
11 11 147 16
1 6 505 13
1 1 505 2
12 12 1013 4
15 15 635 7
8 8 368 6
0 0 1167 3
3 3 352 13
8 8 1110 1
10 10 1011 11
7 7 474 6
15 15 1350 8
17 12 547 11
17 17 547 3
17 1 249 14
17 17 249 5
18 2 137 3
18 18 137 2
1 16 327 1
1 1 327 1
2 2 335 21
14 12 1007 3
14 14 1007 8
5 5 1212 5
8 18 1061 3
8 8 1061 8
5 10 413 1
5 5 413 2
18 18 380 5
1 1 1015 2
12 12 654 12
14 10 101 10
14 14 101 1
15 15 281 6
4 4 1267 1
0 16 206 12
0 0 206 6
1 10 240 10
1 1 240 4
19 19 273 7
17 11 313 8
17 17 313 7
6 6 1237 6
8 8 1204 4
5 19 1017 3
5 5 1017 1
3 3 1017 12
4 4 173 5
14 15 494 3
14 14 494 7
14 19 1390 6
14 14 1390 5
14 14 20 5
15 8 398 10
15 15 398 10
0 1 264 4
0 0 264 2
1 1 446 10
18 18 1217 3
6 1 681 1
6 6 681 11
4 4 372 4
5 3 778 14
5 5 778 3
7 16 79 13
7 7 79 7
19 19 719 2
10 10 1351 2
17 19 974 8
17 17 974 1
0 18 1012 10
0 0 1012 9
16 16 93 9
17 9 273 1
17 17 273 3
0 1 1158 5
0 0 1158 2
8 7 914 1
8 8 914 1
5 8 704 2
5 5 704 2
14 14 1111 9
12 4 566 1
12 12 566 4
11 18 1422 7
11 11 1422 7
16 16 689 6
19 7 1343 11
19 19 1343 3
5 5 992 1
5 1 593 5
5 5 593 4
7 7 422 8
1 1 1368 1
11 11 374 15
14 9 56 12
14 14 56 3
13 13 617 2
19 7 717 7
19 19 717 2
4 4 898 18
19 8 1093 3
19 19 1093 1
7 7 898 10
12 7 463 11
12 12 463 10
13 13 471 13
2 16 1417 5
2 2 1417 1
18 18 930 3
0 0 1262 1
5 5 237 7
8 19 148 10
8 8 148 3
9 9 701 5
10 10 1358 2
15 9 1170 2
15 15 1170 11
0 0 910 14
19 18 1239 14
19 19 1239 6
0 14 995 2
0 0 995 8
5 5 542 9
18 18 1099 16
8 18 921 9
8 8 921 3
10 10 574 7
7 19 1135 13
7 7 1135 6
17 17 1290 1
14 14 196 5
16 6 680 12
16 16 680 9
19 15 174 3
19 19 174 3
5 1 1198 14
5 5 1198 9
8 19 241 14
8 8 241 1
8 14 616 12
8 8 616 6
8 1 445 1
8 8 445 1
9 9 1002 1
10 10 385 14
7 2 1276 7
7 7 1276 1
16 4 1043 5
16 16 1043 4
12 5 700 14
12 12 700 2
19 13 1319 9
19 19 1319 5
1 17 543 8
1 1 543 4
2 2 829 5
3 19 185 2
3 3 185 1
16 18 959 13
16 16 959 7
19 19 1167 7
7 15 44 8
7 7 44 1
17 15 227 9
17 17 227 4
7 2 1350 11
7 7 1350 1
6 6 678 3
16 16 1186 5
13 13 464 7
12 17 118 5
12 12 118 2
18 18 464 1
1 13 392 10
1 1 392 1
1 14 115 10
1 1 115 13
19 1 259 3
19 19 259 2
3 3 669 8
3 3 1104 15
16 3 812 4
16 16 812 5
7 7 520 4
11 11 755 10
10 10 1353 5
12 1 1327 7
12 12 1327 3
1 17 886 10
1 1 886 2
7 14 629 3
7 7 629 5
0 4 1172 13
0 0 1172 1
8 8 1008 1
4 10 786 14
4 4 786 2
8 8 896 1
9 9 124 7
11 15 279 11
11 11 279 4
13 13 604 3
15 9 1373 10
15 15 1373 3
16 16 218 8
17 10 236 14
17 17 236 8
19 19 1357 5
19 17 183 9
19 19 183 4
2 1 901 8
2 2 901 9
5 5 1175 9
3 9 955 5
3 3 955 3
5 9 392 10
5 5 392 1
10 10 895 7
9 9 973 3
0 0 273 12
13 13 120 6
12 12 1216 4
15 15 372 10
0 19 366 1
0 0 366 9
8 13 1300 8
8 8 1300 8
6 6 1283 3
6 13 1035 10
6 6 1035 2
5 5 980 10
9 3 862 7
9 9 862 9
11 4 667 13
11 11 667 13
17 2 405 13
17 17 405 4
15 15 1139 10
16 4 1356 6
16 16 1356 3
0 0 285 1
14 14 42 12
13 13 1000 1
0 11 1276 3
0 0 1276 1
19 1 1177 7
19 19 1177 7
13 13 1377 12
8 2 824 5
8 8 824 25
5 5 869 19
19 19 1174 3
13 17 321 8
13 13 321 8
10 0 531 12
10 10 531 10
17 17 513 5
15 15 587 3
1 1 306 3
2 18 1005 2
2 2 1005 1
6 1 434 2
6 6 434 1
2 2 193 1
8 8 903 11
5 1 571 7
5 5 571 2
7 9 662 7
7 7 662 18
7 7 1117 1
19 5 1143 7
19 19 1143 1
9 17 801 14
9 9 801 1
14 14 267 14
13 17 1281 10
13 13 1281 27
19 13 1362 10
19 19 1362 3
2 0 924 1
2 2 924 6
5 14 1168 8
5 5 1168 4
5 5 1387 7
4 4 485 10
19 6 1076 10
19 19 1076 10
9 15 1014 2
9 9 1014 14
11 11 515 3
7 5 1266 5
7 7 1266 10
0 4 543 3
0 0 543 3
2 19 194 4
2 2 194 2
3 3 167 3
5 5 183 6
5 0 1299 7
5 5 1299 2
8 9 58 4
8 8 58 3
7 7 34 2
8 8 928 5
15 4 482 13
15 15 482 5
0 7 654 6
0 0 654 7
0 0 1267 2
3 3 651 8
5 5 216 3
6 6 222 2
19 19 576 2
17 15 851 10
17 17 851 8
10 10 1403 16
9 16 924 11
9 9 924 15
12 4 912 11
12 12 912 2
17 17 762 1
15 3 19 10
15 15 19 11
0 19 968 5
0 0 968 1
0 15 1341 9
0 0 1341 1
3 3 792 5
6 11 105 3
6 6 105 7
16 7 344 12
16 16 344 22
9 9 110 5
13 13 25 4
15 15 798 5
16 10 669 5
16 16 669 7
1 1 753 4
2 2 298 5
11 3 680 4
11 11 680 8
8 5 82 3
8 8 82 3
18 18 475 2
3 3 42 6
6 3 255 12
6 6 255 1
1 7 959 6
1 1 959 4
8 18 240 13
8 8 240 1
0 12 641 6
0 0 641 2
17 4 276 8
17 17 276 8
1 1 1347 5
3 3 611 3
6 6 765 1
5 12 267 5
5 5 267 13
5 9 966 7
5 5 966 3
7 7 27 1
10 10 269 7
9 9 1283 13
11 14 92 10
11 11 92 7
11 4 483 1
11 11 483 4
16 16 1175 7
12 9 824 9
12 12 824 5
12 12 1349 3
16 1 1014 1
16 16 1014 1
1 10 403 9
1 1 403 10
2 14 697 8
2 2 697 10
4 4 181 10
5 5 667 2
5 5 1271 10
16 18 517 14
16 16 517 2
18 18 332 11
1 0 268 1
1 1 268 9
0 4 1332 14
0 0 1332 6
19 12 967 14
19 19 967 6
8 7 949 2
8 8 949 2
19 19 1285 1
7 7 370 2
10 10 111 8
7 7 1107 2
13 13 18 7
16 2 378 1
16 16 378 4
15 9 722 1
15 15 722 8
14 6 846 13
14 14 846 4
15 15 49 2
5 6 483 4
5 5 483 3
7 5 1301 2
7 7 1301 2
9 9 1102 2
12 1 283 3
12 12 283 6
17 19 970 10
17 17 970 2
4 4 598 1
1 0 635 9
1 1 635 1
1 1 46 4
2 2 769 1
3 3 149 6
8 16 1289 9
8 8 1289 5
7 7 316 4
10 10 763 7
14 11 1251 6
14 14 1251 1
14 14 1364 7
17 17 1040 7
14 17 450 3
14 14 450 3
15 4 496 5
15 15 496 1
16 10 1130 4
16 16 1130 1
19 15 863 8
19 19 863 11
3 3 290 2
9 0 1203 13
9 9 1203 4
8 11 813 7
8 8 813 1
5 14 645 11
5 5 645 2
7 2 467 8
7 7 467 1
9 0 706 9
9 9 706 3
0 0 406 2
17 10 1374 7
17 17 1374 2
19 14 851 8
19 19 851 3
14 7 934 4
14 14 934 1
2 10 1303 5
2 2 1303 4
1 1 261 1
0 1 1291 10
0 0 1291 6
11 5 577 7
11 11 577 1
12 7 611 2
12 12 611 3
3 3 774 10
0 0 334 1
19 3 956 5
19 19 956 5
11 9 1042 3
11 11 1042 19
13 13 363 1
17 6 983 13
17 17 983 4
14 11 284 11
14 14 284 7
15 4 150 12
15 15 150 8
10 10 70 36
19 13 211 9
19 19 211 1
5 5 1350 2
3 3 919 5
10 10 787 13
7 12 1298 11
7 7 1298 3
9 15 1143 6
9 9 1143 10
12 2 274 9
12 12 274 7
15 8 925 3
15 15 925 5
15 15 328 2
19 19 1059 2
1 4 636 10
1 1 636 1
0 9 740 6
0 0 740 2
0 0 1065 1
2 2 792 2
4 4 735 12
6 16 1182 9
6 6 1182 2
8 6 666 12
8 8 666 3
6 10 739 7
6 6 739 8
16 19 1157 10
16 16 1157 6
14 13 453 11
14 14 453 7
14 14 574 16
0 11 505 10
0 0 505 6
18 6 1023 1
18 18 1023 10
16 9 699 10
16 16 699 3
6 12 1077 10
6 6 1077 3
5 7 51 8
5 5 51 3
15 15 1223 11
13 13 462 2
7 7 613 8
7 7 1072 3
16 16 1359 21
17 17 1367 7
17 17 749 11
16 14 627 9
16 16 627 4
18 18 190 20
1 1 286 4
19 7 163 13
19 19 163 4
15 15 236 1
6 6 82 1
7 7 352 1
11 5 1084 8
11 11 1084 3
15 17 885 14
15 15 885 2
14 14 743 3
0 4 7 7
0 0 7 1
12 12 1320 1
4 4 567 20
3 6 457 10
3 3 457 8
3 3 924 29
5 7 469 11
5 5 469 5
7 7 497 7
11 11 1176 19
11 19 559 11
11 11 559 1
17 16 1137 11
17 17 1137 9
15 15 922 3
15 1 337 3
15 15 337 5
17 17 576 10
1 18 1366 2
1 1 1366 2
3 3 131 9
8 9 1335 10
8 8 1335 3
3 3 1069 1
7 8 6 3
7 7 6 4
10 10 294 17
11 11 700 12
14 14 129 1
13 13 656 4
7 7 887 3
14 10 460 3
14 14 460 2
16 9 987 3
16 16 987 2
8 19 328 5
8 8 328 1
1 17 486 11
1 1 486 18
19 16 3 8
19 19 3 1
18 18 1033 24
1 11 1223 11
1 1 1223 16
3 3 743 1
18 18 1134 29
13 13 737 4
12 16 948 2
12 12 948 4
15 15 119 14
19 19 1286 18
1 11 279 4
1 1 279 7
0 11 1305 9
0 0 1305 1
16 1 1347 10
16 16 1347 8
16 16 804 2
1 14 885 9
1 1 885 1
6 19 85 8
6 6 85 15
9 1 503 1
9 9 503 11
9 7 906 12
9 9 906 2
8 9 378 7
8 8 378 3
8 6 984 12
8 8 984 10
13 13 626 5
1 1 888 2
15 18 882 4
15 15 882 3
3 3 103 6
16 11 761 5
16 16 761 2
1 2 128 10
1 1 128 13
15 17 1326 3
15 15 1326 2
5 5 1352 8
15 15 96 10
4 4 1386 3
9 9 795 6
0 0 71 7
16 18 1124 10
16 16 1124 1
16 16 510 7
1 1 923 1
16 3 1147 2
16 16 1147 1
18 18 1265 10
2 7 746 14
2 2 746 7
8 2 883 14
8 8 883 5
8 13 648 8
8 8 648 18
5 0 826 4
5 5 826 1
9 11 209 5
9 9 209 7
7 7 1425 1
16 16 13 25
16 16 978 1
0 19 503 2
0 0 503 2
1 1 511 12
19 5 447 12
19 19 447 1
15 5 1301 7
15 15 1301 14
4 4 169 4
1 1 826 5
8 8 172 14
11 1 201 3
11 11 201 5
12 1 614 13
12 12 614 6
17 16 1172 14
17 17 1172 2
14 14 955 4
18 18 176 7
19 19 556 4
16 11 631 4
16 16 631 9
5 5 1312 10
3 8 893 4
3 3 893 25
6 6 1019 2
5 4 513 8
5 5 513 9
7 7 342 2
9 9 947 6
2 2 773 1
19 19 521 20
10 10 315 34
15 19 237 6
15 15 237 1
5 9 560 11
5 5 560 10
2 2 1231 24
5 7 1254 8
5 5 1254 4
4 4 114 7
4 4 463 9
6 12 906 13
6 6 906 1
6 1 479 6
6 6 479 7
7 7 1401 12
16 16 501 9
17 17 505 3
1 2 924 7
1 1 924 5
2 8 1026 1
2 2 1026 1
2 2 184 9
19 3 442 6
19 19 442 5
4 12 692 6
4 4 692 1
5 4 157 3
5 5 157 1
5 18 360 10
5 5 360 4
11 11 113 17
12 18 65 4
12 12 65 12
17 9 1276 7
17 17 1276 3
16 13 4 14
16 16 4 7
2 2 1352 9
19 19 17 1
2 15 43 5
2 2 43 9
3 15 286 10
3 3 286 1
6 6 1054 6
8 14 969 3
8 8 969 7
8 8 286 3
10 10 622 16
9 6 1201 2
9 9 1201 2
11 11 206 6
13 10 531 10
13 13 531 20
13 13 361 2
0 16 125 1
0 0 125 11
0 12 1303 10
0 0 1303 2
2 2 986 1
8 8 1027 3
8 8 600 6
5 10 522 7
5 5 522 2
12 12 748 22
12 4 1081 6
12 12 1081 6
15 15 319 3
17 17 180 1
1 12 559 7
1 1 559 4
15 19 346 12
15 15 346 2
4 4 1113 3
4 6 121 10
4 4 121 5
8 6 1170 9
8 8 1170 1
19 19 620 5
11 4 594 5
11 11 594 18
14 5 182 7
14 14 182 9
12 12 310 4
14 19 54 14
14 14 54 2
16 19 945 3
16 16 945 5
2 5 1053 14
2 2 1053 1
9 10 611 5
9 9 611 2
19 4 348 6
19 19 348 5
5 19 134 2
5 5 134 2
17 16 1271 8
17 17 1271 5
9 9 662 1
12 12 120 17
15 16 477 9
15 15 477 2
2 9 1347 7
2 2 1347 4
18 18 988 16
2 2 505 7
15 15 467 5
6 6 1041 13
6 10 602 11
6 6 602 1
11 9 1389 2
11 11 1389 3
7 2 1044 4
7 7 1044 1
2 2 295 3
7 3 861 5
7 7 861 12
12 12 929 1
3 3 118 2
14 14 901 23
18 18 162 1
19 19 570 2
12 12 1321 6
8 6 1034 5
8 8 1034 2
14 4 38 1
14 14 38 1
8 0 404 14
8 8 404 4
7 16 324 14
7 7 324 1
7 8 787 13
7 7 787 3
13 2 925 5
13 13 925 5
12 12 781 14
15 10 260 9
15 15 260 15
18 18 755 14
2 8 283 3
2 2 283 12
1 3 1281 12
1 1 1281 11
6 6 1262 1
3 3 1330 1
19 19 1233 2
11 18 30 12
11 11 30 4
10 10 1130 1
13 3 1006 6
13 13 1006 13
12 12 1159 5
15 15 437 8
0 14 146 4
0 0 146 1
0 19 1036 7
0 0 1036 1
2 2 954 15
7 8 1234 2
7 7 1234 1
9 13 196 9
9 9 196 3
12 12 969 3
16 5 967 4
16 16 967 9
19 19 395 19
0 9 769 1
0 0 769 1
11 11 1257 3
14 19 930 8
14 14 930 4
19 15 294 4
19 19 294 5
5 13 16 9
5 5 16 9
8 8 268 8
2 11 1307 13
2 2 1307 12
10 10 1331 3
3 3 616 9
13 10 208 2
13 13 208 4
16 16 316 5
17 17 21 2
0 0 944 2
1 1 1116 1
6 6 1004 3
5 0 636 14
5 5 636 2
10 10 1154 6
17 4 339 8
17 17 339 20
2 0 1148 4
2 2 1148 4
1 5 236 1
1 1 236 2
2 15 274 7
2 2 274 1
19 19 1229 2
5 13 1233 7
5 5 1233 8
8 8 1355 2
6 13 1322 4
6 6 1322 4
8 8 725 7
5 17 909 6
5 5 909 3
17 19 383 4
17 17 383 9
10 10 1045 35
15 2 973 1
15 15 973 20
12 12 881 12
15 13 967 8
15 15 967 6
1 1 999 9
0 15 873 2
0 0 873 1
14 8 639 3
14 14 639 2
1 1 1163 1
3 3 228 1
5 5 136 1
19 6 1107 4
19 19 1107 5
6 6 339 2
10 10 648 9
17 16 487 7
17 17 487 1
17 5 859 5
17 17 859 5
12 12 110 4
17 17 554 3
17 2 125 6
17 17 125 11
2 2 1365 6
18 18 974 3
19 14 36 6
19 19 36 4
2 14 52 7
2 2 52 10
17 5 79 7
17 17 79 6
0 0 443 8
5 5 25 3
7 7 240 13
9 18 529 8
9 9 529 4
13 13 574 7
15 3 1395 9
15 15 1395 1
19 19 1150 2
4 4 284 32
11 11 1061 11
10 10 39 3
7 18 1179 10
7 7 1179 8
16 16 322 3
1 5 1299 13
1 1 1299 2
5 15 1242 3
5 5 1242 1
8 11 1394 4
8 8 1394 3
5 9 315 9
5 5 315 2
5 8 1014 6
5 5 1014 3
10 10 800 2
7 7 918 15
16 16 305 5
11 15 12 4
11 11 12 8
13 15 992 1
13 13 992 8
17 17 1103 2
14 19 11 7
14 14 11 9
14 1 636 10
14 14 636 2
0 0 315 16
0 5 864 5
0 0 864 2
13 13 1328 5
1 16 1164 11
1 1 1164 6
3 8 237 11
3 3 237 12
2 2 877 7
9 13 1372 5
9 9 1372 5
16 16 1281 3
17 18 1240 9
17 17 1240 2
12 12 1284 7
16 16 565 1
1 13 873 1
1 1 873 1
0 0 799 5
2 5 450 11
2 2 450 16
19 19 919 8
4 4 831 5
8 16 1104 3
8 8 1104 6
6 4 591 3
6 6 591 7
2 1 85 3
2 2 85 5
7 7 290 7
9 9 71 3
15 15 1400 4
15 15 823 3
15 0 738 4
15 15 738 18
14 4 926 4
14 14 926 4
1 1 666 1
12 12 377 8
19 19 593 2
5 3 1293 11
5 5 1293 3
8 11 628 7
8 8 628 1
5 19 622 3
5 5 622 1
0 0 425 9
9 10 976 11
9 9 976 5
7 3 709 5
7 7 709 4
17 18 1012 8
17 17 1012 5
13 13 904 1
1 1 222 8
14 2 1229 2
14 14 1229 1
13 13 1193 4
16 16 723 12
1 1 523 1
0 10 573 10
0 0 573 2
2 2 849 4
5 16 292 11
5 5 292 13
8 8 24 1
10 18 811 13
10 10 811 2
7 7 911 2
5 5 459 2
16 18 152 7
16 16 152 8
1 4 1009 6
1 1 1009 6
0 9 871 5
0 0 871 2
18 12 1223 9
18 18 1223 24
3 3 210 9
5 14 250 11
5 5 250 15
4 17 1142 4
4 4 1142 1
8 4 231 1
8 8 231 1
11 19 1336 10
11 11 1336 1
11 11 146 1
8 10 1243 1
8 8 1243 6
13 13 874 9
12 18 1283 9
12 12 1283 1
14 2 1120 13
14 14 1120 8
2 19 1319 5
2 2 1319 9
4 4 1053 7
18 18 253 8
0 0 1152 5
13 8 433 9
13 13 433 2
8 4 1111 2
8 8 1111 4
8 14 289 7
8 8 289 1
10 10 1008 3
4 4 408 27
9 9 1238 21
0 0 187 19
13 13 560 5
1 1 1041 1
15 2 817 5
15 15 817 6
17 13 730 7
17 17 730 3
13 13 1308 11
13 13 1418 12
2 0 332 3
2 2 332 3
17 9 1119 13
17 17 1119 2
10 10 412 2
14 5 1230 13
14 14 1230 21
16 5 481 2
16 16 481 4
13 13 1186 2
13 13 1389 5
1 1 524 15
5 9 1093 8
5 5 1093 6
3 3 566 13
1 17 1389 7
1 1 1389 6
8 4 1376 10
8 8 1376 10
3 3 980 21
7 7 1363 38
10 3 1038 2
10 10 1038 3
14 14 590 1
19 10 1120 11
19 19 1120 17
1 1 445 1
2 15 110 9
2 2 110 2
19 12 820 4
19 19 820 5
3 6 219 3
3 3 219 6
4 4 235 28
6 6 243 12
5 1 777 4
5 5 777 1
10 10 742 4
9 7 1358 5
9 9 1358 5
1 1 1212 8
16 12 1220 9
16 16 1220 7
12 10 1338 13
12 12 1338 3
14 14 1017 11
1 1 891 3
0 2 1362 9
0 0 1362 3
2 2 586 6
8 19 915 4
8 8 915 3
9 9 446 40
7 7 223 5
7 12 682 14
7 7 682 27
11 11 853 4
10 14 1239 13
10 10 1239 3
16 16 1422 4
15 15 1358 2
14 11 194 12
14 14 194 2
0 0 87 1
0 6 924 8
0 0 924 1
19 4 168 5
19 19 168 6
13 10 806 7
13 13 806 4
6 17 346 13
6 6 346 8
4 4 265 3
17 12 691 6
17 17 691 7
4 4 1171 10
2 2 1160 25
11 15 361 11
11 11 361 3
13 13 954 14
12 0 1235 11
12 12 1235 9
15 15 353 6
6 13 946 4
6 6 946 2
1 1 200 4
2 2 246 28
8 18 1212 8
8 8 1212 13
6 6 859 3
5 10 993 1
5 5 993 3
9 4 152 3
9 9 152 2
11 16 51 4
11 11 51 4
18 18 1020 2
1 1 963 4
0 7 885 13
0 0 885 2
0 14 1263 2
0 0 1263 4
8 12 320 3
8 8 320 2
11 2 765 5
11 11 765 1
16 8 117 8
16 16 117 7
17 17 1219 3
15 14 7 13
15 15 7 1
19 0 64 7
19 19 64 4
0 0 1182 2
19 19 938 7
3 16 337 2
3 3 337 6
7 7 724 12
10 10 994 6
16 16 1279 2
14 19 98 1
14 14 98 3
13 13 237 11
17 6 679 14
17 17 679 2
15 15 180 16
4 4 1089 8
19 19 177 3
3 3 510 4
8 8 1236 7
6 5 963 9
6 6 963 1
8 8 446 16
15 7 1181 13
15 15 1181 4
17 1 3 6
17 17 3 13
18 18 941 6
13 3 126 14
13 13 126 34
19 19 1025 18
13 17 174 10
13 13 174 1
1 1 1407 4
8 15 1390 1
8 8 1390 4
8 2 1187 12
8 8 1187 2
4 4 1321 1
9 10 852 8
9 9 852 2
7 14 1345 1
7 7 1345 5
19 10 695 2
19 19 695 3
12 8 780 5
12 12 780 1
14 14 487 1
14 14 600 7
18 18 465 10
1 9 399 12
1 1 399 4
12 2 1293 4
12 12 1293 5
3 0 668 10
3 3 668 1
8 18 156 3
8 8 156 1
9 9 18 12
14 14 628 4
8 8 1287 2
12 6 995 9
12 12 995 4
15 15 593 1
2 17 1328 9
2 2 1328 10
4 4 788 43
0 0 1173 8
8 8 897 1
11 14 835 10
11 11 835 3
14 4 204 7
14 14 204 2
14 1 257 4
14 14 257 1
12 6 196 8
12 12 196 1
19 9 1356 9
19 19 1356 1
8 19 870 6
8 8 870 5
4 4 930 39
3 18 954 13
3 3 954 1
6 14 954 7
6 6 954 9
10 9 892 7
10 10 892 3
5 5 181 2
17 17 1427 1
0 19 212 6
0 0 212 36
0 8 537 5
0 0 537 1
0 0 1102 2
5 7 280 10
5 5 280 9
5 17 979 2
5 5 979 1
7 7 36 2
18 18 159 3
9 9 1296 14
10 10 1246 3
13 6 829 11
13 13 829 27
18 18 1220 3
13 13 1118 4
0 19 286 13
0 0 286 1
11 11 545 5
0 17 1277 13
0 0 1277 9
12 12 558 4
6 8 228 4
6 6 228 5
5 8 868 7
5 5 868 1
9 14 686 3
9 9 686 15
9 2 1377 4
9 9 1377 2
17 15 39 10
17 17 39 1
16 11 1380 12
16 16 1380 1
17 16 1386 4
17 17 1386 6
16 1 871 7
16 16 871 2
2 10 1291 3
2 2 1291 6
0 0 1319 10
2 2 599 1
8 17 1139 8
8 8 1139 3
5 4 111 3
5 5 111 2
5 5 570 1
0 0 46 17
9 9 1266 17
1 8 1158 13
1 1 1158 4
15 14 561 13
15 15 561 13
8 12 640 12
8 8 640 2
13 13 798 8
19 6 1365 9
19 19 1365 4
13 13 1110 3
6 13 1384 5
6 6 1384 6
5 3 496 14
5 5 496 9
8 7 428 13
8 8 428 1
9 14 1013 4
9 9 1013 1
8 8 746 2
12 14 691 11
12 12 691 5
17 13 991 9
17 17 991 21
16 16 865 6
0 3 171 14
0 0 171 15
1 11 1353 8
1 1 1353 3
5 2 1056 3
5 5 1056 6
8 8 1308 1
8 14 849 9
8 8 849 7
6 6 401 3
17 10 1279 12
17 17 1279 6
9 12 248 1
9 9 248 19
11 17 493 11
11 11 493 19
13 13 822 7
12 17 770 14
12 12 770 10
11 9 1337 9
11 11 1337 18
19 19 1148 2
6 8 20 4
6 6 20 11
0 0 1246 12
5 4 199 13
5 5 199 6
5 10 658 10
5 5 658 2
7 4 178 13
7 7 178 19
10 15 1400 10
10 10 1400 2
17 4 1379 10
17 17 1379 5
17 17 1206 4
17 17 761 1
0 15 388 10
0 0 388 3
0 16 969 7
0 0 969 5
0 12 1342 7
0 0 1342 1
1 1 1131 10
7 7 372 4
9 10 544 10
9 9 544 4
7 7 1109 2
11 19 260 1
11 11 260 2
19 10 886 5
19 19 886 8
12 12 731 4
16 12 102 8
16 16 102 10
1 1 238 2
6 8 1341 8
6 6 1341 2
19 19 635 7
5 19 1363 9
5 5 1363 5
8 16 1225 2
8 8 1225 5
8 8 542 6
11 11 405 4
13 8 990 9
13 13 990 2
17 1 976 2
17 17 976 5
3 3 323 6
6 5 177 6
6 6 177 1
1 1 212 4
0 9 1116 3
0 0 1116 1
5 16 1065 2
5 5 1065 2
8 0 1283 3
8 8 1283 1
8 8 856 6
5 9 266 13
5 5 266 1
8 4 34 9
8 8 34 3
9 0 180 7
9 9 180 8
11 19 1221 12
11 11 1221 2
10 10 1424 9
12 12 492 24
15 15 490 2
19 6 1157 3
19 19 1157 1
6 5 1080 9
6 6 1080 6
6 8 214 4
6 6 214 3
7 7 171 5
11 1 1362 7
11 11 1362 5
12 12 620 2
15 9 684 2
15 15 684 4
6 6 45 1
0 16 411 14
0 0 411 3
14 2 658 1
14 14 658 11
8 2 581 5
8 8 581 19
5 8 556 4
5 5 556 4
10 6 902 13
10 10 902 12
17 10 1160 14
17 17 1160 3
16 16 144 8
17 17 1205 1
12 19 298 3
12 12 298 11
5 6 1153 1
5 5 1153 4
19 19 1346 10
6 2 496 9
6 6 496 4
18 18 172 4
11 11 560 17
9 9 1101 1
17 8 1414 13
17 17 1414 11
12 14 1262 7
12 12 1262 12
15 15 322 6
19 19 1053 6
19 2 353 9
19 19 353 5
19 19 1324 14
19 17 753 7
19 19 753 1
4 4 721 7
6 15 1184 1
6 6 1184 6
4 4 1293 14
14 19 426 1
14 14 426 11
11 3 641 10
11 11 641 2
17 17 1047 16
8 15 669 8
8 8 669 16
2 2 1381 2
18 18 1022 1
2 12 68 9
2 2 68 4
2 12 689 13
2 2 689 8
8 8 814 5
5 0 644 6
5 5 644 1
11 11 1355 3
9 9 1172 5
11 4 165 14
11 11 165 3
13 0 750 8
13 13 750 6
13 13 185 7
14 8 935 10
14 14 935 3
1 9 849 5
1 1 849 1
4 4 1015 33
8 2 1128 3
8 8 1128 1
10 4 23 2
10 10 23 7
17 12 817 12
17 17 817 19
15 17 730 7
15 15 730 2
6 6 776 12
19 19 1384 6
19 19 1249 36
3 3 918 1
5 2 491 11
5 5 491 5
14 1 25 7
14 14 25 13
7 18 838 3
7 7 838 6
11 13 1020 6
11 11 1020 10
10 10 1173 1
15 1 1057 6
15 15 1057 12
16 2 385 10
16 16 385 1
10 15 199 2
10 10 199 3
0 0 331 3
1 1 627 5
0 9 1066 2
0 0 1066 6
3 18 157 9
3 3 157 10
6 6 1179 3
5 18 161 11
5 5 161 6
8 8 800 5
11 11 77 15
15 15 691 1
13 19 1090 7
13 13 1090 3
0 13 815 7
0 0 815 5
4 4 754 12
3 3 737 6
6 6 639 4
6 11 192 1
6 6 192 12
8 7 191 6
8 8 191 1
7 12 1075 5
7 7 1075 20
11 14 218 1
11 11 218 24
14 0 1178 4
14 14 1178 6
13 13 381 2
17 19 748 6
17 17 748 1
1 1 682 15
18 18 776 10
2 2 974 12
19 19 980 2
3 1 443 2
3 3 443 5
6 1 83 9
6 6 83 2
10 10 30 9
15 19 930 2
15 15 930 30
14 6 1029 12
14 14 1029 13
12 12 704 27
12 12 1037 2
16 2 1389 1
16 16 1389 1
15 15 158 7
1 3 142 13
1 1 142 6
2 2 865 9
4 4 126 12
5 18 468 9
5 5 468 1
19 18 473 2
19 19 473 1
19 18 908 11
19 19 908 1
4 4 1048 5
0 0 874 1
13 13 1372 5
2 7 167 10
2 2 167 2
5 14 926 9
5 5 926 1
6 6 149 2
3 0 601 2
3 3 601 3
5 5 170 3
8 8 642 5
13 13 1319 7
0 19 438 10
0 0 438 5
11 11 1256 1
14 14 1176 1
8 8 1020 5
14 10 1319 10
14 14 1319 16
17 6 596 7
17 17 596 2
12 12 38 17
0 17 497 8
0 0 497 6
1 1 485 1
0 7 1387 14
0 0 1387 5
19 19 876 1
8 6 1407 9
8 8 1407 8
8 8 1415 2
18 17 1091 14
18 18 1091 8
7 15 150 8
7 7 150 4
6 6 1310 12
10 10 1308 6
17 13 451 11
17 17 451 2
15 14 225 14
15 15 225 5
13 0 374 14
13 13 374 7
14 14 380 4
17 13 40 6
17 17 40 1
2 12 412 7
2 2 412 3
2 17 969 12
2 2 969 3
2 2 562 4
18 19 1163 11
18 18 1163 6
7 4 344 7
7 7 344 8
19 6 326 8
19 19 326 1
15 15 296 2
1 14 732 14
1 1 732 2
18 18 1375 15
19 17 663 11
19 19 663 12
6 6 1198 4
6 6 1359 1
5 15 477 2
5 5 477 3
5 9 936 11
5 5 936 2
10 10 770 2
7 7 948 3
7 5 1283 6
7 7 1283 6
11 11 433 10
16 16 1125 5
8 0 1253 14
8 8 1253 8
1 12 589 5
1 1 589 9
19 19 337 11
1 16 1198 10
1 1 1198 5
6 6 734 5
5 2 825 9
5 5 825 1
10 10 661 7
7 7 965 1
14 14 1269 7
17 6 909 14
17 17 909 6
15 0 1188 11
15 15 1188 14
10 10 267 2
16 13 979 9
16 16 979 8
0 18 456 8
0 0 456 1
17 10 464 4
17 17 464 10
6 3 1060 9
6 6 1060 1
8 4 963 6
8 8 963 1
6 14 178 1
6 6 178 2
9 0 33 7
9 9 33 9
11 11 1406 4
5 5 153 4
12 3 218 10
12 12 218 18
2 2 774 11
13 8 367 7
13 13 367 4
16 16 610 1
0 6 1297 13
0 0 1297 1
1 7 1413 12
1 1 1413 1
6 3 354 11
6 6 354 8
2 2 145 1
5 5 512 1
11 4 1080 9
11 11 1080 1
6 6 167 6
12 12 169 27
17 13 335 14
17 17 335 4
12 0 1101 10
12 12 1101 5
17 6 178 2
17 17 178 2
0 7 22 11
0 0 22 5
0 0 603 22
1 1 1334 4
8 3 1367 12
8 8 1367 2
7 7 176 1
6 6 907 4
4 4 1362 11
7 10 486 7
7 7 486 3
9 9 1129 3
13 13 1019 5
15 15 1003 13
17 4 504 5
17 17 504 1
1 8 915 3
1 1 915 8
15 15 861 10
1 1 9 9
4 4 693 7
6 6 794 16
10 10 668 6
9 9 876 3
17 13 1392 12
17 17 1392 4
11 11 112 1
14 14 1276 19
14 14 418 2
12 9 1377 2
12 12 1377 10
0 0 820 6
14 1 890 4
14 14 890 4
4 4 836 11
6 6 181 11
9 5 42 4
9 9 42 5
10 10 1294 8
17 17 1337 17
15 11 1234 10
15 15 1234 5
15 15 649 2
1 0 701 2
1 1 701 15
10 10 714 7
2 0 366 9
2 2 366 6
2 1 987 12
2 2 987 18
19 19 1003 7
3 3 869 3
5 5 1049 5
9 14 955 4
9 9 955 4
9 2 590 13
9 9 590 3
11 11 907 3
17 9 1101 3
17 17 1101 1
13 13 46 36
14 12 132 6
14 14 132 8
16 17 803 8
16 16 803 1
2 2 1131 2
18 18 644 9
0 19 1415 4
0 0 1415 6
5 5 1262 2
8 8 1374 1
8 8 1171 8
11 1 817 14
11 11 817 3
7 7 938 10
17 5 704 2
17 17 704 6
16 16 1107 3
17 17 942 4
17 17 497 1
18 18 385 1
1 8 607 1
1 1 607 4
4 4 700 5
7 18 1235 12
7 7 1235 7
5 5 195 4
11 11 1311 3
9 9 47 11
13 14 272 9
13 13 272 7
16 16 124 2
1 18 456 9
1 1 456 4
0 0 1392 6
3 3 262 5
13 13 1265 3
8 6 1009 6
8 8 1009 4
5 1 737 10
5 5 737 3
7 7 253 12
9 14 742 1
9 9 742 4
12 12 930 4
14 14 337 2
18 18 163 3
6 14 141 8
6 6 141 1
19 12 95 2
19 19 95 2
7 19 327 3
7 7 327 11
4 4 1290 3
1 15 1123 13
1 1 1123 8
4 4 32 1
1 1 234 2
2 14 280 11
2 2 280 3
2 11 837 2
2 2 837 3
6 3 1263 11
6 6 1263 7
6 6 1328 6
6 7 901 10
6 6 901 3
8 9 100 10
8 8 100 1
7 13 468 3
7 7 468 6
19 19 1304 1
10 10 1131 1
14 19 5 8
14 14 5 2
17 1 1116 5
17 17 1116 3
11 11 1239 5
15 8 436 8
15 15 436 1
19 4 1095 2
19 19 1095 2
0 0 147 11
0 9 728 3
0 0 728 1
0 16 1037 10
0 0 1037 5
17 3 1325 6
17 17 1325 4
3 3 254 8
6 7 788 3
6 6 788 4
6 6 345 1
9 16 670 6
9 9 670 12
11 4 731 4
11 11 731 15
13 8 691 8
13 13 691 5
12 12 445 2
17 6 1261 9
17 17 1261 4
15 15 622 9
14 14 994 3
2 2 1371 6
0 14 770 5
0 0 770 2
18 18 1130 4
2 2 615 7
11 11 873 11
5 11 746 6
5 5 746 7
9 9 385 9
10 10 529 2
7 12 577 7
7 7 577 8
7 14 1036 8
7 7 1036 8
6 12 598 1
6 6 598 4
17 15 894 13
17 17 894 2
15 0 74 14
15 15 74 1
14 3 1080 2
14 14 1080 4
14 14 469 12
19 19 143 8
2 7 941 7
2 2 941 2
8 8 412 2
9 9 274 3
9 9 632 2
13 12 917 13
13 13 917 8
12 7 739 1
12 12 739 9
14 14 150 9
14 14 715 5
17 5 642 5
17 17 642 25
0 16 1429 9
16 17 257 9
16 16 257 16
16 7 1284 12
16 16 1284 14
8 10 1153 7
8 8 1153 9
5 0 305 10
5 5 305 2
8 17 107 3
8 8 107 11
15 9 1113 11
15 15 1113 9
11 13 1212 5
11 11 1212 4
18 11 460 6
18 18 460 4
15 15 1035 8
13 13 1031 14
13 13 608 5
0 17 735 14
0 0 735 5
8 2 438 12
8 8 438 2
1 0 1162 5
1 1 1162 1
5 15 797 6
5 5 797 4
8 8 580 1
7 9 553 11
7 7 553 2
18 8 1006 2
18 18 1006 1
17 13 1254 2
17 17 1254 7
15 18 631 13
15 15 631 4
14 14 997 10
16 16 806 6
19 3 830 5
19 19 830 11
19 0 4 13
19 19 4 5
0 12 1203 13
0 0 1203 4
13 10 883 12
13 13 883 2
3 3 548 10
6 6 1024 11
8 8 308 1
10 10 975 5
17 19 1242 7
17 17 1242 5
10 13 1339 8
10 10 1339 2
2 2 641 17
14 14 291 1
1 15 640 4
1 1 640 3
16 16 1052 7
2 10 379 1
2 2 379 16
1 7 1108 1
1 1 1108 2
6 2 1427 2
6 6 1427 2
6 6 996 2
5 5 612 2
12 12 666 3
3 9 109 6
3 3 109 9
14 14 775 10
18 3 36 12
18 18 36 6
0 0 551 6
19 19 261 1
5 5 1241 1
4 4 87 12
3 3 1001 11
5 1 314 5
5 5 314 1
7 6 913 5
7 7 913 2
17 6 975 9
17 17 975 1
11 11 466 2
16 16 1208 4
17 6 1102 6
17 17 1102 1
16 16 935 1
1 12 1023 14
1 1 1023 5
0 5 726 5
0 0 726 1
19 19 495 10
8 10 791 9
8 8 791 2
5 5 331 2
1 1 846 3
14 6 253 13
14 14 253 4
17 6 1247 6
17 17 1247 7
16 13 566 8
16 16 566 10
0 19 784 6
0 0 784 14
0 10 1349 9
0 0 1349 1
2 2 12 8
3 3 381 22
3 3 816 4
10 10 1314 15
14 14 1099 9
1 10 1042 3
1 1 1042 19
18 18 183 7
14 16 298 7
14 14 298 16
1 0 332 3
1 1 332 8
16 1 1110 11
16 16 1110 4
17 17 46 12
19 0 438 5
19 19 438 1
5 8 402 12
5 5 402 11
17 17 1112 2
11 11 1117 12
13 13 82 11
17 2 1017 10
17 17 1017 6
15 15 201 1
17 5 111 2
17 17 111 4
10 10 1224 5
5 3 1218 6
5 5 1218 9
6 9 435 11
6 6 435 9
10 9 357 4
10 10 357 23
2 2 1364 1
16 16 1215 5
1 12 1141 5
1 1 1141 17
17 10 702 12
17 17 702 2
0 18 307 6
0 0 307 8
0 14 888 13
0 0 888 1
0 19 1042 11
0 0 1042 6
8 8 798 1
4 4 1143 20
8 8 232 7
10 10 699 8
9 9 188 4
16 10 599 10
16 16 599 4
15 15 1166 2
17 0 539 12
17 17 539 8
15 15 48 1
0 0 418 2
2 6 474 12
2 2 474 1
19 2 927 3
19 19 927 5
3 1 825 8
3 3 825 2
6 6 583 8
8 16 290 7
8 8 290 3
9 2 436 10
9 9 436 4
9 19 514 7
9 9 514 4
12 12 236 1
15 15 1344 6
12 8 1427 11
0 4 902 14
0 0 902 8
19 11 162 6
19 19 162 1
12 6 484 4
12 12 484 5
6 6 982 2
8 9 433 7
8 8 433 4
10 10 1212 6
12 12 323 11
17 18 136 1
17 17 136 26
2 13 1094 7
2 2 1094 13
8 14 391 13
8 8 391 6
1 15 1388 12
1 1 1388 1
5 5 1227 6
8 16 715 8
8 8 715 2
7 2 56 11
7 7 56 3
9 5 809 2
9 9 809 9
11 1 61 5
11 11 61 16
14 14 1388 2
17 17 899 8
14 19 591 2
14 14 591 9
0 7 266 12
0 0 266 3
12 1 914 9
12 12 914 5
2 9 728 4
2 2 728 18
4 4 212 20
8 0 239 11
8 8 239 1
10 10 674 4
6 6 112 11
15 15 298 1
7 5 531 11
7 7 531 3
1 13 890 14
1 1 890 1
18 18 824 17
1 14 1038 5
1 1 1038 3
8 13 1119 3
8 8 1119 6
6 6 574 9
6 6 131 10
11 13 852 11
11 11 852 1
11 2 283 12
11 11 283 10
11 11 1151 13
12 18 1418 5
12 12 1418 9
1 1 747 6
0 0 925 19
1 1 819 7
9 0 1224 7
9 9 1224 4
8 6 611 13
8 8 611 4
5 1 607 6
5 5 607 1
11 11 1099 2
11 17 360 12
11 11 360 1
19 7 900 8
19 19 900 3
12 12 647 3
14 10 114 14
14 14 114 3
13 13 1242 5
14 13 792 6
14 14 792 1
1 10 207 10
1 1 207 2
19 3 280 10
19 19 280 3
5 18 669 7
5 5 669 18
3 3 178 2
19 19 265 4
13 4 112 14
13 13 112 3
4 4 1315 6
10 10 730 12
7 7 681 1
13 8 1067 8
13 13 1067 3
13 10 383 1
13 13 383 9
1 14 1174 11
1 1 1174 10
4 4 646 19
4 4 211 1
5 9 235 5
5 5 235 2
17 17 65 1
0 0 1181 1
11 6 1321 5
11 11 1321 14
12 17 19 2
12 12 19 6
17 12 192 5
17 17 192 6
12 12 1330 8
14 14 961 7
1 8 883 13
1 1 883 2
2 2 25 12
4 4 354 14
3 3 1274 19
4 14 1268 8
4 4 1268 1
5 5 660 7
9 9 524 5
7 10 1129 1
7 7 1129 6
11 19 272 1
11 11 272 7
14 8 202 5
14 14 202 1
12 12 1409 4
14 11 1141 10
14 14 1141 2
2 10 1193 4
2 2 1193 3
1 14 343 6
1 1 343 3
17 7 117 9
17 17 117 6
5 9 1196 11
5 5 1196 2
10 10 399 5
17 17 890 4
9 16 1104 1
9 9 1104 15
7 7 213 4
12 12 702 2
14 14 117 3
0 3 361 9
0 0 361 1
2 2 1112 2
16 2 1212 14
16 16 1212 3
19 19 724 9
4 4 766 8
8 3 761 13
8 8 761 2
4 4 1322 14
11 6 1233 10
11 11 1233 1
11 17 612 2
11 11 612 7
7 7 524 7
6 6 915 3
12 2 1370 13
12 12 1370 2
16 16 899 10
19 19 1137 6
18 1 923 6
18 18 923 7
2 11 682 12
2 2 682 7
15 2 1364 13
15 15 1364 9
8 15 819 4
8 8 819 1
5 4 687 6
5 5 687 3
8 9 157 6
8 8 157 7
12 12 1146 9
16 16 1390 5
12 12 599 12
17 19 1211 12
17 17 1211 4
6 6 173 4
14 16 968 10
14 14 968 4
1 1 319 1
0 10 1313 1
0 0 1313 6
4 4 989 11
6 15 362 8
6 6 362 1
8 8 898 2
6 6 125 6
9 14 431 6
9 9 431 5
7 11 1126 3
7 7 1126 3
12 12 153 10
17 17 226 1
6 6 50 2
6 6 204 3
7 11 1426 3
7 7 1426 7
9 9 1011 2
11 17 524 6
11 11 524 3
16 17 1036 11
16 16 1036 1
14 14 689 13
2 14 1107 4
2 2 1107 5
0 1 538 1
0 0 538 1
18 18 1177 12
19 1 733 12
19 19 733 4
5 13 1062 1
5 5 1062 3
3 9 631 3
3 3 631 12
4 4 399 4
10 10 1080 29
5 5 505 6
15 15 1149 3
16 17 53 12
16 16 53 2
15 19 487 8
15 15 487 1
0 1 287 13
0 0 287 7
0 12 836 2
0 0 836 11
18 18 1064 15
1 16 1248 9
1 1 1248 5
6 17 1103 9
6 6 1103 4
6 8 302 9
6 6 302 18
9 13 685 11
9 9 685 1
11 1 746 11
11 11 746 6
6 10 650 11
6 6 650 5
16 8 1381 13
16 16 1381 8
15 15 1335 2
17 7 519 5
17 17 519 3
2 2 446 4
19 0 516 3
19 19 516 5
16 16 1227 30
4 4 336 1
4 4 1274 16
10 10 917 26
7 7 197 16
13 13 30 2
14 3 212 13
14 14 212 7
13 13 1343 4
3 3 504 6
16 14 1304 11
16 16 1304 6
2 8 279 6
2 2 279 1
5 1 511 12
5 5 511 1
8 8 429 1
9 0 1090 12
9 9 1090 6
9 9 396 6
15 14 383 9
15 15 383 11
18 18 1423 6
1 1 1352 1
8 4 1309 1
8 8 1309 10
3 3 1075 7
1 1 1063 6
7 10 28 11
7 7 28 5
2 2 1114 5
16 9 1170 10
16 16 1170 5
12 8 1352 3
12 12 1352 1
15 3 492 12
15 15 492 4
9 2 762 11
9 9 762 8
18 3 909 10
18 18 909 6
0 2 1269 14
0 0 1269 5
8 10 103 4
8 8 103 4
8 8 374 3
2 19 1282 4
2 2 1282 1
0 0 673 5
17 17 760 1
2 2 1283 1
8 3 319 4
8 8 319 1
0 16 1343 12
0 0 1343 4
2 18 559 2
2 2 559 3
4 4 351 3
19 6 1061 6
19 19 1061 9
9 17 551 3
9 9 551 3
7 9 228 8
7 7 228 1
19 13 961 7
19 19 961 2
15 16 792 12
15 15 792 6
16 15 202 3
16 16 202 1
0 0 400 5
2 4 917 1
2 2 917 7
8 8 12 5
3 3 468 3
9 3 1099 5
9 9 1099 2
11 2 404 6
11 11 404 1
14 2 78 14
14 14 78 2
16 15 857 14
16 16 857 8
0 13 1117 12
0 0 1117 9
4 4 747 7
8 8 1284 3
5 5 265 1
11 11 41 4
9 9 846 6
12 12 1099 2
17 7 362 8
17 17 362 2
0 0 420 5
15 3 574 12
15 15 574 3
1 1 814 5
16 14 479 9
16 16 479 2
8 8 1427 1
8 8 381 1
6 10 280 14
6 6 280 22
7 3 11 6
7 7 11 5
11 11 175 18
12 2 55 8
12 12 55 2
16 16 60 9
15 4 1264 10
15 15 1264 10
14 8 360 8
14 14 360 8
16 16 519 30
2 4 432 3
2 2 432 7
2 2 1021 5
2 7 550 5
2 2 550 1
8 9 951 2
8 8 951 12
2 2 1408 9
17 2 839 10
17 17 839 9
19 4 757 9
19 19 757 3
13 13 581 3
12 6 1048 6
12 12 1048 20
15 15 732 4
14 14 844 1
1 1 179 21
16 2 139 6
16 16 139 2
7 1 1303 11
7 7 1303 13
3 3 649 2
16 16 676 4
16 16 395 24
15 9 333 4
15 15 333 1
1 14 950 1
1 1 950 9
0 14 186 10
0 0 186 1
0 5 1108 12
0 0 1108 3
2 2 799 8
5 6 167 14
5 5 167 1
5 7 973 3
5 5 973 6
7 17 18 5
7 7 18 9
11 4 1277 13
11 11 1277 2
6 6 667 11
11 7 1105 11
11 11 1105 3
15 15 519 17
14 7 565 10
14 14 565 9
0 14 484 1
0 0 484 2
12 9 314 2
12 12 314 9
19 11 426 7
19 19 426 1
3 3 292 3
16 17 755 6
16 16 755 6
4 4 1088 1
6 6 1379 1
10 5 133 13
10 10 133 8
11 2 785 7
11 11 785 9
11 9 164 5
11 11 164 1
6 18 948 1
6 6 948 4
14 14 371 6
17 17 593 3
18 18 325 7
2 2 395 3
8 3 1129 7
8 8 1129 1
6 6 1067 4
5 3 532 14
5 5 532 10
18 18 102 13
10 10 475 13
2 2 92 6
17 18 1163 11
17 17 1163 6
14 4 7 11
14 14 7 2
13 13 1188 5
18 18 673 3
1 1 1314 6
5 10 1348 5
5 5 1348 2
6 6 488 8
7 7 833 5
17 17 907 2
13 13 975 13
13 11 410 1
13 13 410 12
16 1 386 7
16 16 386 4
16 16 855 2
18 18 410 35
0 0 742 4
2 2 173 11
19 18 761 12
19 19 761 1
3 14 595 5
3 3 595 1
5 5 822 3
0 0 437 1
7 14 982 12
7 7 982 42
0 1 661 6
0 0 661 12
19 19 435 3
13 2 177 7
13 13 177 6
4 4 165 4
8 9 982 6
8 8 982 2
8 14 363 8
8 8 363 5
6 6 266 6
13 13 551 5
9 9 1180 10
17 13 806 11
17 17 806 5
15 15 1291 7
16 16 160 1
2 6 1260 2
2 2 1260 22
0 19 991 12
0 0 991 2
3 3 343 9
8 10 29 1
8 8 29 3
5 8 1340 1
5 5 1340 3
8 13 1040 5
8 8 1040 8
8 9 933 6
8 8 933 8
7 6 354 9
7 7 354 2
5 0 103 14
5 5 103 8
12 6 1009 13
12 12 1009 1
15 15 290 6
19 3 1392 7
19 19 1392 3
0 15 590 3
0 0 590 7
19 19 218 16
19 12 657 13
19 19 657 6
5 18 1266 9
5 5 1266 5
4 4 39 4
4 4 475 9
15 4 472 13
15 15 472 5
8 17 73 14
8 8 73 8
9 3 349 3
9 9 349 12
16 16 304 1
7 7 1232 2
11 11 443 10
13 13 968 7
17 17 954 10
0 0 136 4
13 3 788 13
13 13 788 3
2 12 785 11
2 2 785 7
9 9 174 3
10 16 292 8
10 10 292 2
12 12 77 1
14 13 1316 3
14 14 1316 3
13 15 484 6
13 13 484 41
18 11 866 7
18 18 866 16
16 10 989 11
16 16 989 16
5 4 1428 1
8 15 167 13
8 8 167 2
7 3 604 10
7 7 604 9
17 17 1169 3
15 8 711 1
15 15 711 11
1 10 674 4
1 1 674 8
1 5 277 12
1 1 277 2
1 1 1411 2
19 5 988 4
19 19 988 3
6 17 518 5
6 6 518 11
7 7 1208 3
15 3 299 14
15 15 299 13
15 15 230 4
1 19 723 1
1 1 723 9
0 2 581 11
0 0 581 9
16 5 1015 6
16 16 1015 14
8 11 1361 6
8 8 1361 6
5 5 476 1
7 7 441 26
7 7 951 1
11 13 550 10
11 11 550 9
15 13 887 6
15 15 887 13
13 13 396 6
3 3 17 12
19 19 414 2
0 4 1081 7
0 0 1081 8
16 5 1261 1
16 16 1261 4
5 5 146 1
5 5 365 8
6 6 1367 7
7 11 121 9
7 7 121 3
16 12 1312 9
16 16 1312 7
12 14 1387 1
12 12 1387 3
1 1 141 1
0 17 457 7
0 0 457 5
0 0 830 3
1 5 1246 4
1 1 1246 2
10 10 356 1
6 12 1061 7
6 6 1061 1
8 7 964 9
8 8 964 5
10 10 613 3
7 18 1056 1
7 7 1056 4
17 11 780 4
17 17 780 3
13 7 730 6
13 13 730 7
1 1 1121 2
1 7 699 14
1 1 699 2
0 0 1298 5
15 18 1397 9
15 15 1397 3
5 2 436 7
5 5 436 5
14 14 1044 8
15 15 1422 16
14 2 130 10
14 14 130 2
1 7 159 12
1 1 159 8
4 4 1389 36
6 6 1111 43
8 14 1261 8
8 8 1261 8
5 5 912 5
7 19 481 4
7 7 481 5
9 9 770 8
14 5 126 10
14 14 126 3
16 19 1117 1
16 16 1117 3
12 1 838 12
12 12 838 43
15 15 417 10
16 10 873 4
16 16 873 7
18 18 541 3
0 0 1072 3
6 6 1253 5
8 13 1319 14
8 8 1319 2
5 2 801 6
5 5 801 6
9 10 216 4
9 9 216 3
7 7 1416 4
16 16 1319 2
18 18 370 10
12 12 981 14
17 11 392 13
17 17 392 6
1 5 771 10
1 1 771 5
0 16 1199 4
0 0 1199 1
1 10 1239 3
1 1 1239 5
4 4 1060 2
11 11 1398 8
9 7 1207 10
9 9 1207 4
14 8 1132 10
14 14 1132 9
13 13 220 17
15 15 1245 9
14 15 335 13
14 14 335 1
17 13 25 5
17 17 25 11
18 1 882 12
18 18 882 4
19 6 567 7
19 19 567 2
2 2 517 1
5 5 1303 5
9 9 440 2
8 14 495 12
8 8 495 14
11 15 1072 14
11 11 1072 4
9 3 589 5
9 9 589 1
11 12 906 3
11 11 906 1
17 16 796 10
17 17 796 10
17 17 359 2
18 18 56 13
19 18 676 14
19 19 676 9
8 19 1375 9
8 8 1375 1
19 18 331 12
19 19 331 2
17 18 1189 9
17 17 1189 4
7 19 933 2
7 7 933 5
1 1 1364 2
8 12 462 14
8 8 462 6
16 11 478 9
16 16 478 1
12 16 893 3
12 12 893 16
16 16 494 7
18 18 1361 7
17 14 480 7
17 17 480 1
18 18 1249 4
5 5 1150 3
5 4 351 3
5 5 351 1
7 10 570 11
7 7 570 5
1 1 745 2
11 2 104 8
11 11 104 4
14 18 1220 3
14 14 1220 9
14 14 1337 9
12 3 972 8
12 12 972 3
15 15 479 3
2 2 1345 2
19 5 898 4
19 19 898 2
3 3 1171 10
5 3 736 7
5 5 736 1
3 3 1205 3
10 5 1334 3
10 10 1334 5
14 14 1143 4
15 15 1391 2
19 9 1311 7
19 19 1311 7
0 0 955 3
8 19 400 14
8 8 400 4
19 2 572 7
19 19 572 4
5 8 1296 12
5 5 1296 3
3 1 877 9
3 3 877 8
17 15 1121 1
17 17 1121 13
9 9 953 2
14 14 1267 2
14 14 705 8
15 19 253 12
15 15 253 2
18 18 51 5
19 13 246 6
19 19 246 2
2 2 834 3
6 6 1260 2
8 15 1179 6
8 8 1179 3
5 5 311 3
8 11 101 11
8 8 101 2
19 2 1144 10
19 19 1144 4
15 15 1016 1
16 10 938 5
16 16 938 7
19 12 1094 5
19 19 1094 1
0 13 729 12
0 0 729 6
2 15 136 14
2 2 136 2
5 19 1127 10
5 5 1127 1
4 4 199 3
5 18 787 13
5 5 787 3
9 9 669 1
9 9 1365 7
11 13 1110 4
11 11 1110 7
15 14 1202 11
15 15 1202 17
3 3 7 10
9 9 337 9
19 4 468 4
19 19 468 5
2 10 612 10
2 2 612 3
3 3 270 16
8 5 130 10
8 8 130 5
9 9 91 13
14 9 1161 8
14 14 1161 5
15 15 1396 1
15 15 803 4
16 1 131 10
16 16 131 6
15 16 85 8
15 15 85 11
0 0 946 1
14 19 191 12
14 14 191 1
2 18 535 6
2 2 535 13
8 8 1075 4
5 15 634 11
5 5 634 2
9 9 273 1
15 4 826 5
15 15 826 6
16 5 437 6
16 16 437 6
19 19 693 2
13 13 1205 12
17 14 164 10
17 17 164 14
18 18 42 9
19 19 255 4
8 17 1344 10
8 8 1344 5
8 17 1357 3
8 8 1357 1
9 9 821 7
11 2 578 6
11 11 578 16
17 17 482 5
0 3 294 6
0 0 294 6
0 7 875 5
0 0 875 1
2 2 131 5
5 5 1120 5
3 3 1136 4
5 5 321 4
9 9 243 5
14 6 80 2
14 14 80 7
13 1 886 2
13 13 886 4
17 8 115 3
17 17 115 2
19 11 1212 11
19 19 1212 1
18 18 972 2
2 2 639 2
3 3 714 15
17 9 284 2
17 17 284 3
8 4 309 8
8 8 309 2
7 3 1028 8
7 7 1028 3
14 11 1089 10
14 14 1089 10
12 12 516 18
14 14 239 14
19 18 151 11
19 19 151 7
5 10 1207 5
5 5 1207 5
6 18 46 5
6 6 46 4
2 2 1255 4
12 12 334 40
0 15 1133 6
0 0 1133 19
8 15 734 2
8 8 734 3
9 13 1417 13
9 9 1417 5
11 11 635 6
2 2 1048 5
12 18 477 5
12 12 477 1
15 3 1043 5
15 15 1043 8
14 3 9 8
14 14 9 2
1 19 1022 3
1 1 1022 1
0 0 866 5
0 1 727 7
0 0 727 1
5 5 864 2
8 2 27 10
8 8 27 1
5 5 1345 3
8 17 685 4
8 8 685 1
14 8 855 1
14 14 855 3
7 8 90 13
7 7 90 6
10 10 202 8
11 5 712 10
11 11 712 19
10 10 1360 21
12 10 428 3
12 12 428 3
12 5 1017 5
12 12 1017 8
3 3 1331 48
1 5 466 10
1 1 466 19
0 0 1350 12
18 18 1318 15
8 8 999 9
5 6 731 3
5 5 731 4
19 4 588 10
19 19 588 5
11 9 857 14
11 11 857 9
13 12 565 7
13 13 565 9
13 13 192 1
16 16 300 1
14 14 924 1
0 19 91 14
0 0 91 10
8 4 487 14
8 8 487 7
16 16 69 5
8 2 630 11
8 8 630 1
7 7 908 3
10 10 44 26
8 5 1116 9
8 8 1116 3
17 15 323 5
17 17 323 1
13 2 1394 14
13 13 1394 10
0 19 575 1
0 0 575 3
15 16 499 2
15 15 499 3
2 3 815 12
2 2 815 7
5 19 1217 14
5 5 1217 1
8 0 26 7
8 8 26 1
9 8 364 13
9 9 364 8
19 19 627 6
13 13 791 6
16 2 927 7
16 16 927 3
18 18 482 12
0 8 889 9
0 0 889 1
8 9 440 2
8 8 440 2
9 5 562 8
9 9 562 2
16 16 763 1
8 14 799 14
8 8 799 1
0 9 1218 10
0 0 1218 7
14 6 1184 14
14 14 1184 1
14 13 420 8
14 14 420 6
12 11 1341 14
12 12 1341 4
13 16 1417 9
13 13 1417 1
2 2 475 6
13 18 1168 2
13 13 1168 14
3 4 824 12
3 3 824 1
10 10 1022 12
12 12 237 1
12 13 570 14
12 12 570 2
17 17 864 14
17 17 254 7
1 5 324 2
1 1 324 3
2 2 1008 9
4 9 268 5
4 4 268 16
5 2 597 2
5 5 597 10
12 12 1002 7
16 16 775 3
14 14 790 2
4 4 521 7
4 4 70 1
4 11 403 6
4 4 403 3
7 19 59 10
7 7 59 7
7 14 1357 14
7 7 1357 4
11 9 60 11
11 11 60 1
19 18 112 3
19 19 112 8
14 18 1171 6
14 14 1171 5
18 18 477 5
0 12 880 1
0 0 880 5
0 4 1258 11
0 0 1258 4
19 19 711 1
10 10 987 7
6 6 241 2
10 8 252 8
10 10 252 15
15 16 133 11
15 15 133 1
14 18 1308 10
14 14 1308 4
13 8 300 8
13 13 300 8
13 1 1410 4
13 13 1410 2
19 19 1235 4
1 1 300 6
2 19 466 8
2 2 466 8
19 19 935 3
16 16 1346 1
19 19 301 9
9 18 444 1
9 9 444 2
7 2 217 10
7 7 217 1
8 17 920 5
8 8 920 1
14 14 192 2
14 9 545 3
14 14 545 13
2 2 1199 27
1 18 349 10
1 1 349 14
2 15 910 12
2 2 910 7
9 5 660 7
9 9 660 2
4 4 1181 4
9 1 960 3
9 9 960 13
7 7 218 5
16 8 425 4
16 16 425 2
14 0 793 11
14 14 793 3
1 1 539 1
18 3 731 12
18 18 731 24
5 14 1332 5
5 5 1332 5
1 1 1380 1
4 4 1310 5
16 15 1403 13
16 16 1403 16
9 12 158 11
9 9 158 2
10 15 276 11
10 10 276 16
7 7 1354 2
16 0 1198 2
16 16 1198 3
12 12 1372 5
16 16 909 8
0 8 887 7
0 0 887 1
18 18 1079 12
5 5 1092 1
5 1 234 4
5 5 234 1
8 5 322 9
8 8 322 6
8 9 151 3
8 8 151 1
9 9 239 1
11 11 1320 1
0 0 88 3
11 16 130 1
11 11 130 16
17 15 1217 6
17 17 1217 2
18 18 359 3
19 19 505 2
2 2 579 5
5 5 811 4
3 3 801 5
8 16 924 3
8 8 924 4
4 4 1269 2
10 10 573 1
9 9 828 4
10 10 1244 2
14 14 203 1
14 7 881 6
14 14 881 5
18 18 1292 1
5 5 1195 1
11 11 989 1
12 5 1220 7
12 12 1220 2
0 0 362 4
1 0 540 6
1 1 540 3
3 3 186 3
3 6 625 14
3 3 625 6
8 5 1189 6
8 8 1189 1
7 7 1190 4
7 2 480 3
7 7 480 1
13 13 770 11
8 0 615 11
8 8 615 1
15 15 546 15
17 17 455 9
16 18 764 12
16 16 764 5
8 8 444 1
1 4 1262 9
1 1 1262 19
5 10 1101 8
5 5 1101 8
8 1 820 6
8 8 820 4
8 15 329 8
8 8 329 3
19 13 1184 2
19 19 1184 5
17 16 272 1
17 17 272 1
6 4 761 13
6 6 761 4
14 14 404 8
0 0 392 8
0 12 1021 4
0 0 1021 2
19 18 1114 1
19 19 1114 4
17 3 793 13
17 17 793 3
9 9 564 5
6 6 272 8
2 16 667 2
2 2 667 3
2 7 1185 9
2 2 1185 8
18 4 362 10
18 18 362 8
5 11 1172 4
5 5 1172 3
6 17 952 12
6 6 952 2
8 0 423 2
8 8 423 5
19 19 1223 6
11 11 1144 5
11 11 527 18
11 11 409 2
16 1 1037 4
16 16 1037 2
17 10 1425 8
17 17 1425 2
14 14 125 1
17 1 303 6
17 17 303 10
15 15 445 22
0 15 539 7
0 0 539 1
18 18 1422 1
1 10 1398 5
1 1 1398 9
4 4 99 15
6 14 1286 13
6 6 1286 10
8 10 737 5
8 8 737 1
6 0 412 2
6 6 412 7
7 19 38 6
7 7 38 2
4 4 728 7
17 16 848 4
17 17 848 3
17 17 267 5
12 12 1362 8
13 13 1116 2
18 18 915 4
0 0 650 2
19 19 845 6
4 4 885 6
16 8 549 7
16 16 549 15
4 19 1108 4
4 4 1108 3
5 11 866 1
5 5 866 2
9 15 684 7
9 9 684 1
9 9 1383 8
14 10 1212 12
14 14 1212 1
17 3 1384 3
17 17 1384 2
12 12 1313 4
1 4 844 3
1 1 844 2
1 4 311 5
1 1 311 8
2 4 443 1
2 2 443 1
19 6 954 10
19 19 954 2
4 4 337 10
10 10 914 1
7 16 1118 7
7 7 1118 8
8 9 629 3
8 8 629 1
9 8 1096 14
9 9 1096 3
13 13 29 1
17 3 733 11
17 17 733 4
18 18 1406 12
16 16 611 1
6 10 1390 12
6 6 1390 20
1 1 263 5
8 0 430 5
8 8 430 1
10 10 446 17
9 8 1422 9
9 9 1422 13
7 7 1263 3
12 15 1274 9
12 12 1274 9
15 13 382 14
15 15 382 1
10 10 850 10
1 2 209 13
1 1 209 3
18 18 1169 1
13 8 254 14
13 13 254 9
5 14 180 12
5 5 180 1
8 11 744 11
8 8 744 2
8 1 61 12
8 8 61 2
9 9 177 3
9 9 836 10
9 9 1311 7
12 12 1353 3
2 2 1425 4
1 9 66 8
1 1 66 7
2 2 112 16
3 3 313 10
6 3 648 11
6 6 648 2
8 14 140 9
8 8 140 2
10 10 583 20
12 10 57 13
12 12 57 8
12 12 582 2
17 8 1204 4
17 17 1204 1
18 18 852 14
17 15 66 9
17 17 66 13
1 9 837 9
1 1 837 7
16 16 896 3
19 7 963 5
19 19 963 4
5 4 735 12
5 5 735 1
3 2 797 2
3 3 797 4
8 8 945 3
17 15 698 3
17 17 698 4
19 16 597 14
19 19 597 10
13 17 1197 8
13 13 1197 8
8 8 875 8
11 2 262 13
11 11 262 4
16 11 203 3
16 16 203 10
19 19 1372 3
19 19 198 3
3 3 471 33
4 4 495 4
8 15 85 11
8 8 85 2
7 7 391 1
13 13 988 2
5 5 1089 3
1 1 42 4
1 5 1344 6
1 1 1344 3
3 10 145 6
3 3 145 4
4 4 33 6
4 4 1136 6
18 18 449 11
6 3 398 5
6 6 398 3
11 11 1223 1
15 2 837 3
15 15 837 1
7 7 890 8
14 14 510 7
13 4 892 6
13 13 892 1
4 4 891 7
8 14 154 5
8 8 154 2
6 16 643 8
6 6 643 5
8 12 382 10
8 8 382 7
8 7 805 13
8 8 805 8
9 9 236 1
14 14 1166 5
13 14 329 8
13 13 329 11
17 17 59 6
1 1 862 9
1 4 257 8
1 1 257 4
5 5 949 2
2 2 551 4
6 6 1086 17
5 19 95 2
5 5 95 2
17 13 1428 6
17 17 1428 8
3 3 744 30
7 9 826 10
7 7 826 7
10 6 106 6
10 10 106 1
3 3 1204 1
0 0 633 2
14 14 845 1
5 5 653 5
0 19 625 8
0 0 625 1
6 6 1108 3
1 9 1320 2
1 1 1320 12
19 11 841 8
19 19 841 4
5 17 480 13
5 5 480 3
14 14 1108 2
11 0 396 10
11 11 396 2
6 16 904 5
6 6 904 1
16 8 849 13
16 16 849 3
19 2 1155 2
19 19 1155 2
1 4 632 10
1 1 632 3
1 1 1369 11
6 0 1190 10
6 6 1190 7
6 18 747 8
6 6 747 12
6 6 1039 2
5 5 972 1
9 4 163 2
9 9 163 6
11 0 643 9
11 11 643 17
18 18 531 6
14 14 1371 11
15 11 518 9
15 15 518 1
13 7 1095 12
13 13 1095 6
17 17 292 11
1 5 92 5
1 1 92 6
17 18 1413 5
17 17 1413 1
3 17 295 8
3 3 295 5
4 4 191 8
8 18 976 6
8 8 976 2
6 6 207 3
8 0 186 1
8 8 186 1
3 3 979 1
11 11 784 1
10 10 1384 16
16 16 1355 1
13 8 183 9
13 13 183 2
14 14 368 3
3 3 1070 5
5 7 1019 12
5 5 1019 1
9 9 593 6
8 9 1130 4
8 8 1130 2
4 13 1232 10
4 4 1232 35
7 7 356 5
9 6 1259 1
9 9 1259 7
11 12 308 2
11 11 308 2
17 8 454 8
17 17 454 1
14 14 174 5
13 1 1182 3
13 13 1182 4
17 8 205 10
17 17 205 2
2 2 1157 3
7 7 1069 3
19 2 212 7
19 19 212 6
4 4 587 3
17 0 1321 11
17 17 1321 4
6 6 932 1
5 18 932 2
5 5 932 4
9 6 1006 9
9 9 1006 4
7 11 1242 14
7 7 1242 12
11 0 389 11
11 11 389 1
16 16 216 2
8 19 748 5
8 8 748 13
0 0 715 11
18 18 561 72
2 4 170 8
2 2 170 3
19 17 760 2
19 19 760 1
6 4 395 11
6 6 395 2
3 3 594 1
5 12 378 7
5 5 378 5
19 11 685 13
19 19 685 8
7 1 10 13
7 7 10 1
9 9 895 4
13 13 660 15
13 13 863 1
15 19 1104 9
15 15 1104 5
1 7 368 4
1 1 368 7
15 12 506 10
15 15 506 6
1 1 831 2
1 7 85 1
1 1 85 3
3 3 300 4
10 10 18 5
10 10 141 9
9 19 1155 12
9 9 1155 14
13 13 741 6
13 13 176 1
12 14 952 3
12 12 952 2
16 3 161 6
16 16 161 10
15 15 107 9
0 1 107 8
0 0 107 1
2 10 972 3
2 2 972 2
19 19 982 6
5 2 1339 6
5 5 1339 1
14 4 225 10
14 14 225 14
10 10 950 6
17 16 289 12
17 17 289 3
14 18 507 6
14 14 507 3
12 12 1039 9
14 14 746 8
17 8 198 8
17 17 198 4
19 1 1395 12
19 19 1395 1
6 0 52 11
6 6 52 3
1 1 1338 6
5 15 1265 9
5 5 1265 1
6 14 1354 3
6 6 1354 5
5 2 941 7
5 5 941 8
18 18 919 2
9 9 791 4
14 14 179 3
16 9 1120 9
16 16 1120 3
13 13 402 8
13 13 1256 9
1 14 586 4
1 1 586 3
19 19 330 1
12 12 392 27
4 4 705 16
8 8 1338 3
5 4 168 1
5 5 168 2
5 13 355 9
5 5 355 5
8 11 217 1
8 8 217 1
9 11 173 2
9 9 173 1
9 19 1339 4
9 9 1339 6
10 7 1419 2
10 10 1419 3
19 19 854 4
13 9 856 1
13 13 856 7
8 19 622 5
8 8 622 6
17 9 586 7
17 17 586 6
1 7 507 4
1 1 507 4
8 7 25 2
8 8 25 1
1 1 1220 3
8 17 1417 10
8 8 1417 7
13 2 94 4
13 13 94 18
11 11 321 8
9 9 62 3
17 17 1357 3
15 15 645 4
14 14 951 4
18 12 769 12
18 18 769 4
2 2 410 2
19 3 552 14
19 19 552 4
19 19 991 2
4 4 316 1
8 18 941 6
8 8 941 4
6 2 72 10
6 6 72 10
5 5 113 7
7 11 1211 5
7 7 1211 2
2 2 219 1
2 1 658 11
2 2 658 1
17 17 372 10
14 9 806 3
14 14 806 7
0 0 17 5
14 1 334 12
14 14 334 1
6 6 918 5
10 10 349 7
11 3 173 7
11 11 173 2
16 16 419 6
13 15 395 1
13 13 395 1
17 7 946 10
17 17 946 3
17 15 261 14
17 17 261 3
0 0 347 2
18 18 1260 2
1 1 1196 2
5 15 145 3
5 5 145 1
5 3 364 7
5 5 364 1
5 8 807 7
5 5 807 4
7 14 120 9
7 7 120 1
13 14 1024 4
13 13 1024 2
11 12 694 4
11 11 694 4
16 6 1270 13
16 16 1270 4
11 7 827 6
11 11 827 8
14 7 527 7
14 14 527 3
15 15 849 9
19 19 13 1
19 19 448 20
2 2 934 2
7 7 1049 3
5 2 765 4
5 5 765 12
5 19 840 14
5 5 840 24
11 11 1392 6
15 15 1239 2
15 13 642 3
15 15 642 2
16 2 612 3
16 16 612 3
0 9 121 3
0 0 121 2
5 5 706 8
19 19 93 2
5 12 1325 5
5 5 1325 7
8 0 1055 9
8 8 1055 6
6 6 1022 1
2 2 822 7
13 1 359 4
13 13 359 2
11 13 916 14
11 11 916 4
10 10 1172 1
15 13 1417 1
15 15 1417 1
15 0 836 11
15 15 836 1
19 2 762 12
19 19 762 8
15 3 238 11
15 15 238 12
2 4 1134 9
2 2 1134 14
1 15 1332 12
1 1 1332 2
1 1 600 7
8 6 1369 10
8 8 1369 1
6 19 905 4
6 6 905 1
5 12 927 2
5 5 927 5
9 8 334 6
9 9 334 3
7 7 1217 1
6 18 543 7
6 6 543 31
15 15 1086 6
12 12 1164 11
16 2 1419 2
16 16 1419 3
13 13 213 4
14 14 632 4
6 6 1154 6
6 14 792 4
6 6 792 2
17 13 550 1
17 17 550 1
3 3 1379 8
7 5 1187 4
7 7 1187 3
14 14 1335 2
17 17 1265 6
14 14 534 1
2 12 1351 11
2 2 1351 1
9 9 554 2
19 19 18 2
0 17 1184 11
0 0 1184 15
2 2 659 8
8 8 215 2
2 16 128 13
2 2 128 3
10 10 746 17
15 12 1377 13
15 15 1377 8
15 5 651 9
15 15 651 4
16 5 603 9
16 16 603 3
18 18 166 6
16 17 1344 13
16 16 1344 2
8 18 1030 3
8 8 1030 4
5 18 631 5
5 5 631 3
9 10 486 2
9 9 486 5
7 7 791 1
15 15 871 4
14 18 1052 5
14 14 1052 17
4 4 612 30
15 7 312 4
15 15 312 3
2 2 840 9
6 14 1258 9
6 6 1258 2
3 2 1012 5
3 3 1012 5
5 5 461 7
17 17 619 23
9 3 778 7
9 9 778 5
2 2 678 4
17 6 940 14
17 17 940 2
0 0 158 1
2 12 142 11
2 2 142 3
8 2 1327 14
8 8 1327 8
3 3 1029 7
5 13 350 11
5 5 350 1
8 8 206 1
9 2 192 1
9 9 192 4
11 11 1297 3
4 4 1163 8
13 13 696 34
18 18 1008 5
16 16 126 1
1 1 795 19
0 13 781 10
0 0 781 3
2 14 500 10
2 2 500 2
7 7 1116 1
7 16 304 6
7 7 304 12
9 9 740 2
13 1 212 10
13 13 212 1
6 6 942 4
16 16 141 3
19 12 1310 10
19 19 1310 1
19 10 136 5
19 19 136 6
19 19 1010 4
5 6 421 4
5 5 421 9
17 4 367 1
17 17 367 5
6 6 692 1
11 14 329 2
11 11 329 17
12 12 1075 5
15 13 257 6
15 15 257 1
17 5 162 8
17 17 162 2
1 2 549 2
1 1 549 10
2 2 278 1
8 19 1351 6
8 8 1351 1
6 9 1334 2
6 6 1334 7
8 8 721 4
4 4 1346 16
14 14 1430 2
17 13 1106 4
17 17 1106 4
16 16 486 8
17 17 488 5
19 19 1097 4
1 1 598 2
18 18 524 7
19 7 358 3
19 19 358 5
17 9 85 6
17 17 85 2
3 3 695 9
5 19 140 3
5 5 140 5
10 10 217 3
12 14 114 3
12 12 114 2
12 0 447 6
12 12 447 16
13 13 263 3
15 13 616 3
15 15 616 2
8 8 738 1
0 16 772 3
0 0 772 4
3 3 708 6
5 12 744 4
5 5 744 2
7 7 297 7
11 19 1383 7
11 11 1383 6
11 9 810 8
11 11 810 6
13 13 205 3
17 17 784 9
0 4 78 9
0 0 78 9
0 10 947 3
0 0 947 8
17 4 1157 6
17 17 1157 3
5 2 996 12
5 5 996 18
3 3 853 10
5 12 430 1
5 5 430 3
8 8 414 3
9 9 939 8
8 11 902 5
8 8 902 1
12 19 669 6
12 12 669 1
14 14 713 2
0 5 253 12
0 0 253 11
0 5 546 6
0 0 546 1
0 0 1306 3
8 14 1358 6
8 8 1358 3
12 11 1106 11
12 12 1106 3
17 13 765 5
17 17 765 6
11 17 453 2
11 11 453 12
15 15 960 7
17 7 481 8
17 17 481 1
7 7 968 5
0 0 876 4
1 18 18 14
1 1 18 5
19 19 367 13
3 7 233 7
3 3 233 4
7 0 325 14
7 7 325 2
11 11 838 1
5 9 320 14
5 5 320 1
5 5 795 2
19 17 877 13
19 19 877 7
7 7 555 15
13 5 885 14
13 13 885 1
13 13 1430 4
1 1 1081 17
5 11 6 4
5 5 6 10
6 6 156 9
7 7 1031 2
15 1 1404 7
15 15 1404 6
16 16 310 3
16 6 576 7
16 16 576 6
0 2 69 3
0 0 69 2
17 10 1239 7
17 17 1239 1
2 7 377 14
2 2 377 2
2 2 930 1
3 3 48 2
5 15 1281 10
5 5 1281 8
6 6 1425 2
3 3 1399 5
4 4 1185 45
10 10 860 14
7 7 713 11
9 8 1082 9
9 9 1082 8
10 10 1160 12
16 16 1067 11
17 3 603 13
17 17 603 1
14 14 159 15
14 14 720 11
16 3 735 2
16 16 735 15
1 3 567 12
1 1 567 3
0 12 569 13
0 0 569 4
2 2 232 4
2 15 853 6
2 2 853 1
8 6 1397 13
8 8 1397 3
8 14 1162 4
8 8 1162 3
4 4 923 7
9 6 362 10
9 9 362 2
7 7 915 3
11 3 1 6
11 11 1 9
11 3 468 3
11 11 468 15
13 13 797 1
17 3 181 8
17 17 181 2
16 7 1310 6
16 16 1310 2
17 17 474 6
1 3 416 12
1 1 416 13
2 19 708 11
2 2 708 16
5 10 1128 2
5 5 1128 9
3 3 677 7
8 8 793 5
6 15 772 2
6 6 772 3
6 3 329 14
6 6 329 5
9 9 1345 1
13 13 675 16
14 14 1299 8
17 17 107 3
1 1 878 5
13 13 908 9
9 10 1028 13
9 9 1028 17
19 19 485 10
1 10 1074 6
1 1 1074 7
6 6 151 5
18 18 273 40
10 18 513 9
10 10 513 16
16 12 325 9
16 16 325 3
12 12 572 10
16 16 301 2
14 14 296 2
14 18 925 8
14 14 925 1
17 17 329 6
7 7 1316 9
19 2 269 6
19 19 269 4
3 4 57 13
3 3 57 7
5 10 1290 4
5 5 1290 3
6 6 1416 9
8 13 631 3
8 8 631 7
9 9 981 7
7 3 1165 6
7 7 1165 14
17 17 1023 4
16 16 769 6
2 2 227 5
19 16 263 10
19 19 263 2
5 5 289 3
5 2 1020 6
5 5 1020 1
7 7 489 4
19 6 698 4
19 19 698 13
0 0 993 2
16 8 1201 3
16 16 1201 2
15 16 1051 1
15 15 1051 5
16 3 459 9
16 16 459 6
0 5 890 5
0 0 890 1
18 18 633 3
2 0 146 1
2 2 146 16
8 10 768 4
8 8 768 1
5 16 690 5
5 5 690 7
5 10 781 6
5 5 781 6
10 10 697 2
7 10 537 10
7 7 537 16
9 2 1354 10
9 9 1354 4
14 14 1185 8
16 16 950 9
14 10 384 1
14 14 384 8
1 4 871 14
1 1 871 2
3 3 827 8
3 3 1166 5
6 3 142 7
6 6 142 7
9 9 442 2
1 1 850 1
19 19 181 2
7 11 1141 3
7 7 1141 24
12 8 238 4
12 12 238 2
13 13 248 2
1 1 1184 1
15 15 756 6
14 6 868 6
14 14 868 13
19 19 1338 5
2 18 331 1
2 2 331 1
2 2 948 6
12 12 534 10
8 8 638 2
9 9 267 6
7 7 880 7
9 6 1060 2
9 9 1060 8
17 3 1114 5
17 17 1114 2
12 12 650 1
13 11 1247 13
13 13 1247 9
1 6 244 12
1 1 244 13
12 14 478 3
12 12 478 6
2 2 807 3
4 13 71 11
4 4 71 7
0 5 1080 12
0 0 1080 1
8 14 717 3
8 8 717 4
10 10 721 9
7 13 1356 13
7 7 1356 1
17 17 184 2
15 9 394 2
15 15 394 2
2 15 1418 4
2 2 1418 3
18 18 935 6
0 0 678 15
19 11 825 13
19 19 825 5
5 16 1114 9
5 5 1114 6
3 3 659 9
3 3 1126 10
16 0 640 3
16 16 640 9
7 0 534 6
7 7 534 3
5 13 147 13
5 5 147 2
18 18 949 18
12 12 419 3
9 9 1346 7
17 17 530 9
15 19 59 9
15 15 59 7
2 2 1341 2
0 4 1365 11
0 0 1365 2
3 3 365 2
8 8 918 2
8 8 1036 4
7 3 126 5
7 7 126 24
12 12 562 3
15 15 774 16
14 18 314 2
14 14 314 6
0 2 42 1
0 0 42 1
18 18 841 11
4 4 680 9
8 8 442 2
7 2 873 4
7 7 873 7
10 10 1189 8
12 18 641 12
12 12 641 6
5 10 1184 5
5 5 1184 7
13 13 1240 2
8 10 686 13
8 8 686 13
2 10 1119 13
2 2 1119 4
18 18 1189 9
19 8 721 4
19 19 721 2
3 3 180 5
16 15 651 4
16 16 651 1
6 3 862 1
6 6 862 7
8 8 9 3
7 7 51 1
17 17 1079 19
1 1 744 1
19 9 14 4
19 19 14 3
17 10 400 4
17 17 400 4
1 5 1172 3
1 1 1172 2
6 5 1107 2
6 6 1107 1
5 6 233 10
5 5 233 1
6 6 233 8
5 5 895 1
11 11 766 12
14 9 140 3
14 14 140 9
11 3 968 11
11 11 968 21
15 19 1315 3
15 15 1315 11
12 9 999 3
12 12 999 3
17 17 523 7
0 11 434 9
0 0 434 1
19 19 69 24
2 7 23 11
2 2 23 2
3 3 448 4
8 17 1096 7
8 8 1096 2
11 11 962 3
10 10 119 9
2 2 1123 8
19 12 993 9
19 19 993 10
13 13 607 1
15 17 1360 7
15 15 1360 4
16 1 231 3
16 16 231 23
14 14 886 1
0 12 33 5
0 0 33 2
5 5 389 3
18 19 1293 12
18 18 1293 25
4 4 499 2
3 3 1293 11
8 7 417 5
8 8 417 6
7 2 504 13
7 7 504 7
14 14 785 5
7 8 1325 13
7 7 1325 2
16 16 427 10
16 16 1047 5
12 12 696 1
18 18 445 4
3 3 189 21
8 4 1297 10
8 8 1297 3
8 1 1190 6
8 8 1190 1
8 9 763 7
8 8 763 5
8 8 48 10
7 1 40 2
7 7 40 2
13 15 340 13
13 13 340 9
16 3 1094 10
16 16 1094 8
11 11 45 2
13 13 769 1
15 15 677 7
14 12 607 4
14 14 607 5
1 19 985 6
1 1 985 14
18 18 921 2
1 9 1261 5
1 1 1261 1
16 17 394 10
16 16 394 1
6 2 224 8
6 6 224 4
5 10 888 4
5 5 888 5
2 15 1284 14
2 2 1284 7
9 3 682 13
9 9 682 2
13 13 349 10
15 13 594 13
15 15 594 10
17 17 87 12
19 2 1248 11
19 19 1248 1
8 2 317 12
8 8 317 2
2 19 1006 4
2 2 1006 2
2 2 603 9
8 10 900 14
8 8 900 2
10 10 1000 6
10 13 549 7
10 10 549 5
9 9 571 14
9 9 68 3
12 19 544 12
12 12 544 10
1 16 174 8
1 1 174 5
19 18 187 3
19 19 187 11
2 2 897 3
7 9 400 3
7 7 400 21
9 10 1412 10
9 9 1412 5
9 9 1119 5
16 0 485 10
16 16 485 1
15 13 901 7
15 15 901 2
1 1 929 6
0 0 540 3
2 2 199 20
19 16 120 7
19 19 120 16
6 18 1202 12
6 6 1202 1
6 6 840 9
7 7 33 1
11 10 1224 12
11 11 1224 9
17 14 878 8
17 17 878 5
11 11 34 7
13 13 453 9
16 16 55 5
17 17 689 2
1 5 978 2
1 1 978 7
16 7 583 2
16 16 583 5
5 8 219 10
5 5 219 13
10 16 150 10
10 10 150 1
10 10 1134 20
14 14 1213 7
12 12 584 10
17 3 1202 2
17 17 1202 2
14 16 412 7
14 14 412 4
3 3 225 3
1 8 310 2
1 1 310 1
0 16 1338 8
0 0 1338 1
3 8 791 2
3 3 791 1
5 4 551 13
5 5 551 1
7 11 376 14
7 7 376 5
10 9 556 13
10 10 556 5
12 1 735 9
12 12 735 4
16 6 213 4
16 16 213 3
15 15 135 13
0 0 63 6
1 3 167 11
1 1 167 6
2 18 303 13
2 2 303 4
4 4 969 20
3 3 465 3
8 1 538 9
8 8 538 4
8 12 431 14
8 8 431 2
3 3 835 18
7 7 1262 1
10 10 1174 15
16 16 1029 7
17 9 604 1
17 17 604 3
14 14 702 3
2 2 222 5
6 16 766 3
6 6 766 6
6 15 404 13
6 6 404 8
9 9 1310 1
15 16 1092 10
15 15 1092 3
2 11 1390 2
2 2 1390 1
18 18 1057 7
13 13 893 6
4 4 202 9
4 9 1116 3
4 4 1116 20
7 0 634 7
7 7 634 19
9 9 1391 21
11 11 168 5
17 1 1376 4
17 17 1376 3
17 10 1195 6
17 17 1195 7
16 14 189 14
16 16 189 7
18 18 653 2
0 8 391 6
0 0 391 1
0 1 1329 9
0 0 1329 1
3 6 329 10
3 3 329 2
5 5 85 1
7 7 369 1
9 9 914 10
0 0 1381 1
14 14 102 10
12 11 137 9
12 12 137 1
14 17 221 5
14 14 221 4
1 1 757 14
0 8 635 12
0 0 635 6
19 10 201 1
19 19 201 2
5 12 1157 7
5 5 1157 11
5 2 1360 5
5 5 1360 3
5 7 486 7
5 5 486 5
9 9 605 5
10 10 877 14
11 11 1129 5
4 4 1373 3
17 17 981 2
14 3 641 7
14 14 641 7
2 2 1059 16
0 0 746 12
19 8 310 7
19 19 310 2
2 2 770 3
3 3 1082 11
8 8 37 11
11 9 487 9
11 11 487 6
16 11 1163 4
16 16 1163 7
17 12 614 6
17 17 614 5
13 13 1101 9
18 18 313 3
1 3 90 13
1 1 90 2
2 2 72 10
19 2 858 7
19 19 858 5
17 16 1356 3
17 17 1356 1
5 18 205 5
5 5 205 3
0 9 1170 7
0 0 1170 2
11 11 1367 16
11 11 794 2
18 18 118 19
15 1 1122 9
15 15 1122 1
8 14 710 5
8 8 710 2
17 1 58 8
17 17 58 1
0 12 414 5
0 0 414 1
19 19 97 2
2 2 548 1
12 12 1190 12
2 6 220 13
2 2 220 2
6 15 100 6
6 6 100 5
10 10 107 4
10 10 1329 2
17 12 949 5
17 17 949 5
13 0 14 13
13 13 14 4
16 6 382 1
16 16 382 1
1 1 781 4
14 17 850 14
14 14 850 5
1 8 718 3
1 1 718 5
18 18 676 14
2 16 874 6
2 2 874 3
5 1 1369 12
5 5 1369 6
19 17 607 12
19 19 607 13
7 7 511 9
11 11 1134 10
7 7 1297 1
2 2 1027 18
17 17 1147 10
14 11 87 12
14 14 87 11
14 14 648 4
0 0 375 13
19 19 754 3
8 15 32 14
8 8 32 2
15 7 1056 4
15 15 1056 1
5 5 971 1
17 0 987 6
17 17 987 4
11 11 1279 18
16 15 750 12
16 16 750 1
17 16 607 8
17 17 607 7
0 9 486 5
0 0 486 3
2 2 67 1
19 6 142 7
19 19 142 1
5 9 54 4
5 5 54 18
8 17 358 6
8 8 358 5
8 13 187 5
8 8 187 4
9 18 710 5
9 9 710 13
9 9 1177 3
13 13 747 3
1 13 1106 7
1 1 1106 2
16 9 171 3
16 16 171 1
14 5 938 11
14 14 938 13
0 18 405 5
0 0 405 1
1 10 108 11
1 1 108 7
19 9 541 13
19 19 541 11
17 4 783 5
17 17 783 1
3 3 1217 7
16 6 658 9
16 16 658 9
7 7 818 8
9 8 599 1
9 9 599 6
11 13 1254 11
11 11 1254 2
18 18 210 12
6 17 55 4
6 6 55 17
4 4 564 3
3 3 452 5
6 8 1360 14
6 6 1360 7
6 0 933 11
6 6 933 9
4 4 1376 10
9 9 346 3
17 17 811 4
12 12 270 2
17 17 266 1
1 5 909 3
1 1 909 6
10 10 1341 10
18 18 1275 15
16 12 582 2
16 16 582 1
3 16 597 13
3 3 597 4
5 13 174 11
5 5 174 3
19 1 416 13
19 19 416 10
6 16 377 13
6 6 377 6
13 13 279 2
7 7 976 6
19 19 1390 2
16 7 1332 2
16 16 1332 12
14 16 1315 4
14 14 1315 1
15 16 536 13
15 15 536 7
17 10 592 11
17 17 592 1
6 5 320 11
6 6 320 9
11 2 1421 4
11 11 1421 1
2 2 90 2
4 4 78 9
6 11 1065 11
6 6 1065 2
6 6 626 3
4 4 1097 11
7 10 154 12
7 7 154 17
9 9 1154 1
6 4 655 10
6 6 655 8
14 4 1177 4
14 14 1177 1
13 19 175 6
13 13 175 1
17 17 737 1
15 15 106 1
0 13 108 12
0 0 108 9
0 0 1286 4
2 10 566 7
2 2 566 1
14 14 1357 7
15 15 250 3
9 6 498 8
9 9 498 5
9 18 901 14
9 9 901 5
13 15 631 4
13 13 631 3
7 7 1213 4
6 6 372 5
11 10 354 2
11 11 354 6
17 5 815 12
17 17 815 2
16 9 817 11
16 16 817 27
0 0 27 6
2 5 307 4
2 2 307 3
5 13 1264 4
5 5 1264 1
8 8 1249 4
6 2 924 6
6 6 924 8
7 7 493 4
7 13 952 2
7 7 952 4
7 18 265 8
7 7 265 6
14 16 120 4
14 14 120 5
12 18 1256 6
12 12 1256 6
7 7 956 9
14 13 354 9
14 14 354 6
2 2 162 5
6 19 730 7
6 6 730 4
19 19 333 4
8 8 218 11
9 18 172 11
9 9 172 1
9 9 871 5
11 4 688 12
11 11 688 6
14 14 1265 2
12 12 1390 19
14 8 517 5
14 14 517 10
18 18 1007 1
0 9 1235 3
0 0 1235 11
2 7 670 10
2 2 670 1
6 8 629 9
6 6 629 10
8 13 276 3
8 8 276 9
8 5 169 12
8 8 169 3
11 11 193 8
11 16 212 14
11 11 212 2
17 17 964 1
15 15 1298 3
13 14 371 9
13 13 371 3
15 15 644 1
17 0 45 1
17 17 45 1
1 1 363 5
0 5 1309 13
0 0 1309 4
19 2 1014 7
19 19 1014 4
4 4 317 11
9 3 910 14
9 9 910 4
19 19 1305 5
11 16 293 11
11 11 293 2
14 16 1043 4
14 14 1043 1
14 14 754 1
17 14 190 13
17 17 190 2
16 9 1090 12
16 16 1090 4
11 11 849 3
5 17 474 7
5 5 474 2
5 3 917 1
5 5 917 9
9 9 324 10
7 5 1227 14
7 7 1227 5
8 3 948 10
8 8 948 1
17 4 1134 8
17 17 1134 3
14 10 40 4
14 14 40 2
14 18 669 4
14 14 669 9
1 1 578 8
0 17 758 5
0 0 758 3
3 3 140 5
3 3 579 7
6 11 363 11
6 6 363 9
7 19 966 7
7 7 966 2
7 10 1421 3
7 7 1421 4
13 13 645 6
0 0 1411 4
15 15 1185 3
16 16 342 2
1 4 776 9
1 1 776 5
10 10 707 7
2 2 483 6
1 1 1244 2
16 3 702 6
16 16 702 4
4 2 149 13
4 4 149 2
17 18 1069 10
17 17 1069 2
5 13 764 5
5 5 764 1
9 9 403 7
1 1 656 10
13 13 364 3
7 7 973 3
14 14 959 2
1 12 697 7
1 1 697 2
8 6 494 6
8 8 494 1
19 12 560 2
19 19 560 7
6 17 1023 4
6 6 1023 1
4 7 1230 2
4 4 1230 2
7 0 338 3
7 7 338 4
7 7 740 20
8 8 785 4
11 7 346 6
11 11 346 3
15 15 1416 1
14 7 1261 2
14 14 1261 4
17 17 364 3
17 9 183 5
17 17 183 1
19 0 1408 3
19 19 1408 11
7 7 736 4
19 12 234 2
19 19 234 9
5 5 1250 4
8 8 1370 4
8 12 548 6
8 8 548 8
6 6 467 12
9 9 154 4
18 18 222 31
9 9 1134 9
11 11 427 6
8 5 789 2
8 8 789 2
14 11 612 7
14 14 612 16
0 6 339 2
0 0 339 2
2 11 1054 7
2 2 1054 2
8 5 1321 1
8 8 1321 6
8 8 894 2
5 0 815 5
5 5 815 4
11 9 1307 3
11 11 1307 4
11 2 1108 4
11 11 1108 2
18 18 522 2
15 15 613 3
14 15 535 8
14 14 535 10
5 5 1412 12
3 8 729 8
3 3 729 8
4 4 1062 25
8 11 1230 9
8 8 1230 4
18 11 544 1
18 18 544 6
15 0 1376 7
15 15 1376 1
12 6 934 8
12 12 934 2
8 8 862 2
19 17 569 7
19 19 569 1
3 3 403 2
5 14 443 4
5 5 443 16
5 5 189 5
7 11 790 4
7 7 790 1
12 9 163 14
12 12 163 6
13 9 43 4
13 13 43 3
15 15 315 1
17 1 566 4
17 17 566 10
1 1 547 2
0 0 597 3
19 19 243 3
1 11 1292 5
1 1 1292 7
4 16 552 13
4 4 552 12
6 6 897 4
14 7 1420 13
14 14 1420 10
13 13 444 9
0 12 159 4
0 0 159 10
1 17 7 9
1 1 7 2
18 18 1247 2
8 8 125 5
8 14 1428 2
8 8 1428 3
6 10 719 11
6 6 719 9
17 6 1316 12
17 17 1316 5
8 8 207 8
9 6 199 8
9 9 199 10
9 3 666 3
9 9 666 3
19 5 712 13
19 19 712 5
12 5 116 7
12 12 116 2
12 12 385 7
6 6 217 5
16 0 127 9
16 16 127 4
5 5 722 3
0 18 1208 9
0 0 1208 7
14 7 201 12
14 14 201 1
3 3 267 3
4 4 155 5
16 3 254 8
16 16 254 3
8 11 1208 11
8 8 1208 4
11 11 820 7
12 12 203 15
15 0 1385 13
15 15 1385 4
16 16 313 3
17 17 16 5
2 11 1230 4
2 2 1230 1
1 0 382 10
1 1 382 10
2 5 356 9
2 2 356 6
6 16 1279 2
6 6 1279 4
17 8 41 7
17 17 41 2
5 6 1310 12
5 5 1310 2
5 11 420 7
5 5 420 1
5 19 639 6
5 5 639 5
7 4 320 8
7 7 320 3
16 16 328 1
16 16 797 6
15 11 255 11
15 15 255 2
13 13 1045 3
19 19 248 7
2 15 415 12
2 2 415 3
8 1 1352 12
8 8 1352 3
19 13 1086 7
19 19 1086 7
5 13 896 9
5 5 896 3
10 10 826 24
9 9 818 3
17 7 1105 12
17 17 1105 1
12 15 1155 11
12 12 1155 4
15 0 433 2
15 15 433 3
5 8 1125 7
5 5 1125 2
6 19 710 1
6 6 710 9
5 2 326 9
5 5 326 5
11 17 99 8
11 11 99 2
11 18 910 11
11 11 910 3
13 15 891 12
13 13 891 1
12 17 1298 8
12 12 1298 11
3 3 249 5
18 18 979 3
8 3 511 12
8 8 511 2
0 3 1215 2
0 0 1215 1
19 19 909 10
5 11 28 6
5 5 28 11
5 12 727 4
5 5 727 2
7 7 1033 2
8 7 1048 1
8 8 1048 7
19 2 952 2
19 19 952 2
17 6 883 14
17 17 883 5
17 17 710 6
19 0 903 7
19 19 903 5
19 19 1318 1
1 18 375 5
1 1 375 7
2 5 936 5
2 2 936 5
19 10 1018 4
19 19 1018 2
14 14 894 7
6 6 992 4
9 9 279 1
5 5 122 1
11 10 1335 6
11 11 1335 1
13 18 93 9
13 13 93 1
14 14 149 1
15 4 196 3
15 15 196 2
4 4 665 15
0 2 547 1
0 0 547 4
18 18 1214 3
5 15 1138 1
5 5 1138 9
4 10 542 7
4 4 542 4
3 2 558 4
3 3 558 6
6 6 1326 2
19 17 1160 9
19 19 1160 7
11 17 1201 14
11 11 1201 5
15 10 838 12
15 15 838 11
11 8 11 1
11 11 11 1
10 10 1041 4
10 10 488 5
17 14 1098 10
17 17 1098 3
17 17 925 15
13 10 32 10
13 13 32 7
18 5 494 11
18 18 494 19
0 2 1031 14
0 0 1031 5
19 1 805 14
19 19 805 15
17 5 186 9
17 17 186 4
5 19 244 4
5 5 244 2
2 2 1361 3
11 7 816 10
11 11 816 1
19 11 40 1
19 19 40 4
8 13 994 7
8 8 994 5
8 8 311 1
9 9 533 8
12 12 249 15
0 4 779 6
0 0 779 2
6 6 1160 6
1 4 328 8
1 1 328 4
2 6 502 12
2 2 502 3
2 2 931 3
13 16 864 1
13 13 864 10
8 3 1084 9
8 8 1084 7
6 3 987 14
6 6 987 5
9 0 280 5
9 9 280 6
15 15 859 2
16 18 779 7
16 16 779 10
15 15 205 20
19 0 262 11
19 19 262 1
3 3 64 39
6 6 874 1
9 9 361 1
11 5 1206 6
11 11 1206 6
6 6 603 21
13 13 423 5
14 15 1015 2
14 14 1015 2
8 3 262 8
8 8 262 6
1 12 106 14
1 1 106 2
15 15 701 10
5 5 1301 2
6 6 334 2
12 12 97 13
7 7 16 2
17 17 551 3
15 15 52 7
18 18 715 16
0 8 1368 2
0 0 1368 1
18 18 1115 15
19 19 299 2
5 4 729 6
5 5 729 2
7 8 229 1
7 7 229 9
12 1 240 4
12 12 240 9
17 17 1306 10
15 6 165 2
15 15 165 12
18 18 139 20
0 16 898 1
0 0 898 4
19 19 158 4
19 19 99 6
5 5 1289 1
4 10 263 4
4 4 263 2
5 0 415 5
5 5 415 5
8 8 397 3
9 9 709 1
10 10 42 2
16 5 1059 8
16 16 1059 8
12 12 652 2
16 18 445 4
16 16 445 14
15 15 287 3
15 13 202 11
15 15 202 2
0 18 1126 4
0 0 1126 7
1 1 1384 4
8 7 1405 8
8 8 1405 2
4 4 406 2
6 6 877 10
4 19 1336 2
4 4 1336 10
0 0 117 4
19 3 392 11
19 19 392 3
15 15 75 10
15 15 396 2
0 11 891 12
0 0 891 7
19 5 380 9
19 19 380 7
4 4 232 3
8 6 769 7
8 8 769 13
10 10 678 19
9 6 1353 14
9 9 1353 1
14 4 1307 14
14 14 1307 1
12 12 1010 3
17 15 99 8
17 17 99 1
18 18 513 9
8 13 1115 1
8 8 1115 1
8 8 293 4
2 8 1196 8
2 2 1196 3
13 13 556 4
12 12 1356 1
1 1 785 10
17 16 681 8
17 17 681 8
1 1 346 3
19 9 167 3
19 19 167 1
5 5 1191 4
5 15 1394 2
5 5 1394 16
16 4 1321 1
16 16 1321 1
11 3 372 7
11 11 372 2
10 10 166 33
12 11 651 9
12 12 651 1
12 12 1232 1
6 6 775 1
6 6 1299 11
6 19 425 14
6 6 425 8
11 11 619 16
10 17 1034 6
10 10 1034 4
14 11 1395 11
14 14 1395 25
15 11 1123 11
15 15 1123 13
17 17 896 3
0 0 269 4
14 7 678 3
14 14 678 11
19 1 389 8
19 19 389 3
1 10 1170 2
1 1 1170 2
5 5 1113 1
13 16 39 1
13 13 39 4
14 8 731 7
14 14 731 12
10 10 250 2
14 17 1193 1
14 14 1193 8
11 11 1101 4
15 10 1168 5
15 15 1168 2
14 4 392 7
14 14 392 10
17 11 100 1
17 17 100 7
2 0 1338 1
2 2 1338 3
1 3 290 14
1 1 290 10
19 16 63 6
19 19 63 1
16 1 751 2
16 16 751 4
19 1 507 4
19 19 507 9
15 9 1152 2
15 15 1152 7
11 15 1410 9
11 11 1410 11
11 18 841 11
11 11 841 6
5 5 1022 2
3 3 1387 12
12 4 1413 12
12 12 1413 5
0 7 43 8
0 0 43 3
18 18 1174 3
3 17 38 8
3 3 38 4
4 4 501 8
8 8 712 3
9 9 1068 12
14 3 112 6
14 14 112 1
13 13 950 4
18 18 967 5
14 14 113 1
16 16 880 16
15 16 577 11
15 15 577 10
1 19 204 7
1 1 204 3
8 8 1349 2
4 4 16 2
3 3 961 18
5 8 938 11
5 5 938 3
11 19 55 14
11 11 55 5
1 12 967 2
1 1 967 2
4 4 1087 1
5 5 899 3
5 9 232 7
5 5 232 1
2 5 1343 9
2 2 1343 2
9 2 237 9
9 9 237 2
15 15 1283 8
1 1 309 1
17 9 522 11
17 17 522 1
0 0 435 2
8 8 316 1
19 19 68 1
2 4 20 13
2 2 20 3
1 3 1028 1
1 1 1028 5
3 3 523 23
4 4 1271 3
10 10 1006 2
16 11 112 1
16 16 112 5
10 10 1242 2
12 12 554 4
16 2 275 3
16 16 275 22
14 12 258 6
14 14 258 3
14 4 887 4
14 14 887 3
1 1 340 3
18 18 1290 2
6 6 419 6
3 11 953 12
3 3 953 1
9 16 308 8
9 9 308 8
10 10 1197 4
15 15 1017 18
12 12 697 1
12 0 1222 3
12 12 1222 1
16 16 1426 3
0 9 518 6
0 0 518 1
1 12 1395 14
1 1 1395 3
6 1 1208 12
6 6 1208 29
8 13 1191 2
8 8 1191 5
1 1 1414 8
11 11 1234 5
11 12 665 1
11 11 665 2
2 2 1045 1
16 12 1191 11
16 16 1191 7
17 7 1071 1
17 17 1071 8
17 17 453 1
0 4 693 12
0 0 693 10
0 8 1274 10
0 0 1274 2
1 18 1260 5
1 1 1260 1
5 0 1099 5
5 5 1099 2
2 2 1421 4
17 1 1235 4
17 17 1235 4
12 12 594 5
15 17 1254 11
15 15 1254 10
15 19 8 9
15 15 8 8
0 7 1023 10
0 0 1023 8
2 2 418 1
2 3 600 11
2 2 600 3
17 5 207 9
17 17 207 19
3 3 785 6
5 13 573 8
5 5 573 11
19 6 595 3
19 19 595 2
7 7 660 2
11 3 839 14
11 11 839 2
11 11 266 6
11 11 1081 3
14 14 261 6
17 17 231 5
1 19 173 4
1 1 173 1
19 19 625 2
16 2 667 11
16 16 667 2
3 3 958 3
9 4 1049 4
9 9 1049 11
9 17 317 3
9 9 317 7
11 11 411 16
16 16 1039 4
13 13 115 5
15 19 900 9
15 15 900 1
11 5 1300 1
11 11 1300 7
13 13 619 7
6 13 433 11
6 6 433 1
2 12 196 7
2 2 196 3
6 6 1203 5
8 9 739 1
8 8 739 5
9 6 142 14
9 9 142 1
9 9 833 3
8 9 782 9
8 8 782 3
16 7 1182 8
16 16 1182 4
17 1 518 6
17 17 518 1
6 12 1343 10
6 6 1343 1
13 13 1114 2
0 0 652 2
1 5 1253 5
1 1 1253 7
8 6 152 13
8 8 152 2
6 6 663 4
8 8 135 5
7 7 177 1
10 5 151 2
10 10 151 15
13 13 767 2
15 14 1328 7
15 15 1328 7
3 3 866 3
18 18 343 16
18 18 800 24
0 0 1339 1
6 6 506 3
2 13 595 9
2 2 595 4
4 4 774 11
9 13 104 11
9 9 104 6
7 1 653 13
7 7 653 7
11 11 892 11
12 8 1247 2
12 12 1247 9
14 8 1069 3
14 14 1069 11
14 14 219 2
15 15 134 1
19 18 1369 6
19 19 1369 3
6 18 1276 14
6 6 1276 3
16 6 844 5
16 16 844 5
6 17 887 1
6 6 887 10
5 15 951 9
5 5 951 2
7 7 392 8
17 3 1216 9
17 17 1216 1
11 6 518 11
11 11 518 6
5
0 15 510
16 12 297
16 8 707
14 12 465
0 8 222
