10 3378
2 7 1065 11
2 2 1065 9
1 2 1357 2
1 1 1357 7
4 4 751 3
6 6 1194 6
8 5 853 5
8 8 853 11
5 9 269 7
5 5 269 9
9 7 842 6
9 9 842 12
1 1 1278 7
6 6 654 1
4 4 1117 2
9 4 0 7
9 9 0 8
9 2 731 6
9 9 731 10
1 9 270 2
1 1 270 4
1 5 1135 9
1 1 1135 16
4 2 346 8
4 4 346 1
3 5 1234 9
3 3 1234 14
4 4 1260 1
9 3 364 8
9 9 364 2
7 4 650 8
7 7 650 5
1 5 756 1
1 1 756 2
5 5 565 1
4 8 583 6
4 4 583 24
4 4 489 10
5 3 944 11
5 5 944 16
9 2 994 13
9 9 994 6
3 3 1419 4
1 4 40 13
1 1 40 9
8 9 1287 12
8 8 1287 3
6 6 827 2
9 0 883 3
9 9 883 1
9 0 266 3
9 9 266 3
4 1 1235 13
4 4 1235 3
2 2 690 33
5 4 204 6
5 5 204 3
6 6 1246 8
1 1 263 2
1 1 1120 11
8 6 1125 10
8 8 1125 1
8 5 463 7
8 8 463 7
9 3 557 11
9 9 557 4
1 4 717 8
1 1 717 1
8 2 1268 6
8 8 1268 15
5 5 494 5
8 5 94 10
8 8 94 7
5 5 248 17
1 0 907 10
1 1 907 9
1 3 33 6
1 1 33 7
3 3 913 33
3 3 1058 21
8 8 664 3
9 9 884 4
0 9 812 11
0 0 812 1
1 9 1224 3
1 1 1224 1
6 1 1079 14
6 6 1079 6
3 8 1203 5
3 3 1203 4
6 0 205 8
6 6 205 15
6 3 278 5
6 6 278 7
9 5 709 6
9 9 709 5
0 0 406 3
2 2 1011 23
4 4 1234 1
8 2 19 12
8 8 19 2
0 0 88 49
9 7 1257 3
9 9 1257 4
1 1 227 2
0 9 5 3
0 0 5 5
4 4 1062 14
2 2 866 12
6 0 495 9
6 6 495 1
9 2 1004 7
9 9 1004 11
7 7 1236 3
2 2 1074 5
1 6 58 2
1 1 58 2
2 2 168 13
5 8 1031 2
5 5 1031 2
6 5 1183 14
6 6 1183 1
5 5 173 2
6 6 821 4
0 0 803 1
0 0 1245 5
4 4 1415 8
1 4 1404 11
1 1 1404 2
5 5 1337 7
8 8 936 2
9 4 900 7
9 9 900 3
9 1 1042 1
9 9 1042 7
8 5 48 12
8 8 48 2
8 9 567 3
8 8 567 2
8 3 1150 6
8 8 1150 7
7 7 492 4
7 9 1229 7
7 7 1229 7
1 1 901 6
0 0 1061 5
2 2 748 7
8 8 646 4
8 1 219 14
8 8 219 5
9 3 211 6
9 9 211 7
9 9 1337 2
1 1 822 3
3 3 560 8
5 9 39 6
5 5 39 16
8 2 277 8
8 8 277 6
6 5 256 9
6 6 256 8
8 8 600 5
0 0 1310 14
2 2 1173 4
4 7 571 2
4 4 571 4
5 4 797 6
5 5 797 12
4 8 461 12
4 4 461 2
9 8 798 2
9 9 798 1
9 9 1228 5
9 9 647 1
0 0 349 25
5 5 1033 7
4 4 7 2
6 1 722 7
6 6 722 4
8 4 194 6
8 8 194 1
7 7 122 10
8 8 330 1
0 0 1382 4
2 1 662 7
2 2 662 1
6 5 621 1
6 6 621 1
9 9 402 1
7 7 139 11
5 5 433 2
9 1 1052 2
9 9 1052 1
4 6 1099 11
4 4 1099 1
1 5 1290 8
1 1 1290 6
3 3 103 6
6 0 1265 7
6 6 1265 6
4 4 1408 7
6 6 911 4
4 4 1374 15
9 2 332 4
9 9 332 5
8 2 1170 3
8 8 1170 5
1 6 602 1
1 1 602 1
2 2 181 11
1 6 1211 4
1 1 1211 2
4 4 689 13
6 3 355 11
6 6 355 4
7 7 1413 3
3 3 1182 16
1 1 768 5
1 6 459 11
1 1 459 4
0 0 1405 3
0 0 1186 12
2 2 657 5
6 7 1043 13
6 6 1043 1
9 3 46 13
9 9 46 1
3 3 982 5
1 1 1093 13
8 8 1032 1
8 5 605 5
8 8 605 8
8 8 402 4
9 5 959 12
9 9 959 4
4 4 1277 14
2 2 285 17
2 2 838 18
3 3 547 2
3 1 1014 9
3 3 1014 7
9 6 373 14
9 9 373 8
9 9 776 1
8 0 657 8
8 8 657 1
0 9 144 5
0 0 144 27
3 3 688 5
6 6 716 5
4 4 35 9
9 7 1324 2
9 9 1324 3
1 1 793 6
9 6 1286 8
9 9 1286 3
5 6 749 12
5 5 749 4
1 0 650 5
1 1 650 1
5 5 1309 9
3 3 878 35
9 9 493 8
7 2 782 3
7 7 782 29
1 6 238 5
1 1 238 8
3 3 552 8
8 2 723 2
8 8 723 6
9 9 382 6
8 2 774 7
8 8 774 8
1 5 1205 11
1 1 1205 2
6 9 1138 8
6 6 1138 1
9 6 642 6
9 9 642 2
3 3 1394 10
1 1 786 7
2 2 54 32
4 4 1045 5
7 2 299 3
7 7 299 15
9 7 531 7
9 9 531 4
2 0 530 14
2 2 530 11
3 3 384 3
6 2 993 14
6 6 993 4
8 8 384 11
9 3 937 9
9 9 937 11
1 6 572 6
1 1 572 6
1 5 1309 12
1 1 1309 1
3 3 529 7
8 5 1157 7
8 8 1157 1
4 4 1355 6
7 7 1379 2
8 5 308 7
8 8 308 19
0 2 313 4
0 0 313 3
4 7 686 4
4 4 686 3
3 3 702 52
6 3 771 2
6 6 771 10
6 7 340 2
6 6 340 1
0 1 215 1
0 0 215 3
1 1 875 1
2 7 452 11
2 2 452 3
4 7 138 1
4 4 138 5
8 4 1088 7
8 8 1088 5
9 0 1239 6
9 9 1239 5
0 0 964 19
1 0 335 14
1 1 335 8
8 8 1085 3
5 4 405 10
5 5 405 12
9 9 287 3
1 1 565 4
1 0 248 1
1 1 248 8
4 4 518 7
8 4 1164 6
8 8 1164 2
6 4 875 4
6 6 875 6
6 9 444 4
6 6 444 7
4 4 661 4
8 9 795 4
8 8 795 2
0 0 316 7
5 5 770 22
9 9 249 2
9 6 652 2
9 9 652 5
1 9 876 8
1 1 876 2
4 0 804 9
4 4 804 2
8 4 1002 4
8 8 1002 9
4 5 1051 10
4 4 1051 2
9 3 74 9
9 9 74 2
7 7 691 13
1 1 669 4
3 3 1033 18
5 5 1213 3
4 4 971 8
8 8 1060 2
7 9 885 14
7 7 885 3
7 7 704 9
2 2 225 4
4 4 525 11
6 9 1236 14
6 6 1236 1
5 5 303 12
7 7 63 2
2 2 733 4
4 1 668 6
4 4 668 2
3 3 684 1
8 8 770 2
6 4 253 13
6 6 253 1
6 6 662 9
2 2 470 5
2 8 3 14
2 2 3 3
4 4 803 1
4 4 1026 10
9 5 518 3
9 9 518 8
6 7 931 14
6 6 931 4
2 2 329 4
7 7 1156 30
1 1 467 24
0 1 196 12
0 0 196 2
0 0 521 4
5 5 1079 18
3 3 516 13
3 3 987 10
4 5 1312 6
4 4 1312 9
7 7 899 11
8 8 558 6
1 4 973 9
1 1 973 5
0 1 883 11
0 0 883 3
6 1 675 6
6 6 675 2
5 2 884 2
5 5 884 2
1 1 894 1
0 0 1367 9
3 3 1273 2
9 8 1218 12
9 9 1218 9
4 4 502 1
1 7 195 2
1 1 195 3
1 1 1006 15
9 3 131 2
9 9 131 11
9 3 854 3
9 9 854 2
6 1 745 1
6 6 745 3
2 2 1411 4
6 0 1105 11
6 6 1105 1
8 5 154 7
8 8 154 7
7 7 66 1
9 4 1402 6
9 9 1402 3
6 6 1018 1
6 8 565 1
6 6 565 5
5 5 563 1
9 9 1227 1
2 2 347 2
4 4 928 11
9 9 315 9
2 2 823 2
3 3 191 3
8 4 1299 12
8 8 1299 4
6 6 1106 2
8 7 50 12
8 8 50 1
0 6 284 11
0 0 284 1
1 0 386 12
1 1 386 5
0 4 1275 2
0 0 1275 35
1 8 1251 14
1 1 1251 4
6 7 1096 4
6 6 1096 9
6 2 230 7
6 6 230 1
5 5 870 7
6 5 1391 4
6 6 1391 1
7 7 518 13
0 9 395 13
0 0 395 3
6 0 556 10
6 6 556 1
9 9 102 3
7 7 1122 13
1 9 761 3
1 1 761 1
8 9 1326 1
8 8 1326 3
8 5 188 5
8 8 188 4
9 0 1015 9
9 9 1015 9
1 5 1355 3
1 1 1355 2
5 0 1058 10
5 5 1058 1
8 8 1306 2
8 9 740 1
8 8 740 5
9 1 1307 11
9 9 1307 9
0 0 377 2
5 6 660 2
5 5 660 4
6 6 290 4
2 2 1136 7
0 0 1340 2
4 4 775 5
6 1 551 13
6 6 551 1
6 6 104 11
7 7 1115 7
7 7 910 5
3 3 28 11
9 0 421 5
9 9 421 2
6 7 507 11
6 6 507 4
7 7 854 6
3 3 1416 3
0 9 379 3
0 0 379 6
3 3 173 4
3 3 1079 9
6 0 394 5
6 6 394 4
1 1 371 11
2 1 1388 1
2 2 1388 1
8 8 502 6
6 0 655 3
6 6 655 1
9 0 456 7
9 9 456 1
8 5 143 13
8 8 143 6
9 7 1389 2
9 9 1389 6
9 7 899 11
9 9 899 1
0 0 409 2
2 2 437 15
4 4 347 2
4 8 1261 3
4 4 1261 5
9 7 555 8
9 9 555 2
1 2 715 8
1 1 715 2
1 1 190 2
4 4 925 3
8 8 1230 1
3 2 1378 12
3 3 1378 3
9 7 302 12
9 9 302 13
0 7 748 6
0 0 748 7
1 1 1349 6
4 4 44 2
8 2 658 12
8 8 658 1
5 5 960 6
1 9 88 1
1 1 88 7
4 4 1156 7
6 6 1085 11
5 2 203 14
5 5 203 1
9 0 8 2
9 9 8 5
9 8 1174 3
9 9 1174 3
1 2 262 11
1 1 262 1
8 4 141 12
8 8 141 2
6 1 529 3
6 6 529 1
7 7 1097 2
0 0 628 2
5 5 1164 8
6 0 1375 1
6 6 1375 2
6 0 928 1
6 6 928 3
7 7 1299 27
0 4 190 5
0 0 190 3
1 1 1374 10
5 2 1053 10
5 5 1053 5
6 6 1189 5
8 7 836 3
8 8 836 17
9 9 1146 1
9 9 891 6
0 0 504 1
0 0 813 6
0 0 658 1
4 4 877 2
8 1 979 7
8 8 979 3
4 0 1100 3
4 4 1100 1
5 5 858 4
7 7 159 2
7 7 1073 3
1 5 852 10
1 1 852 18
4 8 1020 12
4 4 1020 6
6 1 93 2
6 6 93 1
9 4 1256 4
9 9 1256 1
1 0 136 1
1 1 136 6
1 1 1318 10
5 5 1344 14
5 5 470 9
6 5 492 8
6 6 492 2
7 0 1239 11
7 7 1239 4
1 7 57 6
1 1 57 1
1 6 1367 10
1 1 1367 2
4 4 709 9
6 9 1180 12
6 6 1180 1
0 0 804 8
6 3 1071 8
6 6 1071 8
6 6 624 6
5 5 648 12
8 3 164 2
8 8 164 2
9 6 1152 12
9 9 1152 1
2 2 564 2
5 5 1336 1
6 0 515 6
6 6 515 9
9 3 907 6
9 9 907 7
5 9 479 14
5 5 479 15
9 3 788 7
9 9 788 3
2 2 1034 2
6 6 1175 5
6 6 813 2
0 0 1376 6
1 5 1241 12
1 1 1241 5
5 3 753 1
5 5 753 2
4 4 1423 1
9 8 35 8
9 9 35 7
9 9 758 6
4 0 994 8
4 4 994 10
4 8 319 11
4 4 319 8
5 3 439 5
5 5 439 13
2 6 1170 11
2 2 1170 2
1 0 1328 12
1 1 1328 4
8 8 163 1
9 6 330 7
9 9 330 2
0 0 1085 10
1 1 1185 9
7 7 1071 2
8 8 195 2
2 2 663 2
6 3 610 7
6 6 610 6
9 9 401 1
9 4 767 8
9 9 767 9
2 2 1274 33
0 0 929 24
0 0 1119 9
3 3 1334 3
4 4 1224 10
9 5 949 11
9 9 949 6
7 8 477 3
7 7 477 2
8 3 864 14
8 8 864 8
6 3 799 4
6 6 799 2
6 4 352 4
6 6 352 3
9 6 220 5
9 9 220 3
1 9 775 1
1 1 775 6
4 7 158 3
4 4 158 26
8 5 975 14
8 8 975 4
6 6 174 10
9 8 410 7
9 9 410 4
9 9 45 1
8 8 693 3
2 2 513 17
8 8 1033 6
9 7 491 5
9 9 491 1
9 9 958 1
1 2 148 7
1 1 148 3
6 3 1257 5
6 6 1257 5
8 7 1176 12
8 8 1176 1
9 0 783 4
9 9 783 5
9 9 664 4
0 0 1210 10
2 0 617 11
2 2 617 13
6 6 1035 4
9 9 1212 5
2 2 1228 18
2 2 354 6
1 1 1117 3
6 3 1007 14
6 6 1007 2
9 9 492 1
0 0 241 5
0 0 249 20
3 3 1022 11
6 6 894 1
5 5 910 7
7 3 467 2
7 7 467 10
7 7 1381 3
3 3 1198 5
8 8 406 10
5 5 739 10
1 1 30 3
6 6 1139 1
5 5 324 12
4 4 435 21
9 2 1364 5
9 9 1364 3
2 2 608 7
5 2 725 8
5 5 725 5
9 8 388 14
9 9 388 5
9 3 530 6
9 9 530 1
5 7 143 7
5 5 143 5
0 9 963 7
0 0 963 1
3 3 163 3
1 1 642 6
3 3 387 21
8 6 1079 6
8 8 1079 4
9 7 611 3
9 9 611 4
5 5 1243 10
6 5 1243 11
6 6 1243 3
6 5 1324 13
6 6 1324 4
6 7 881 8
6 6 881 13
3 3 673 11
8 8 682 8
5 0 792 12
5 5 792 5
9 8 650 14
9 9 650 2
1 5 874 12
1 1 874 1
2 2 635 16
4 9 830 8
4 4 830 1
6 0 1029 12
6 6 1029 1
4 4 1053 8
2 2 1246 6
2 2 929 6
5 5 404 1
7 2 432 5
7 7 432 6
9 2 1087 11
9 9 1087 1
1 1 564 1
5 5 1220 7
6 6 1234 2
6 1 1319 13
6 6 1319 1
5 5 293 10
5 3 1008 14
5 5 1008 17
4 4 266 23
8 2 337 12
8 8 337 7
9 6 1123 6
9 9 1123 6
1 9 982 8
1 1 982 1
7 7 231 2
7 7 690 1
7 7 1145 11
1 1 327 6
4 4 257 5
8 3 634 2
8 8 634 3
8 6 960 11
8 8 960 3
0 0 206 7
1 9 1390 9
1 1 1390 12
6 3 1237 11
6 6 1237 2
6 6 436 4
7 7 62 1
7 7 1360 5
5 9 917 10
5 5 917 11
8 4 344 5
8 8 344 1
7 7 538 4
4 5 377 1
4 4 377 11
9 4 447 9
9 9 447 1
7 7 1142 3
1 1 661 8
8 8 1068 1
6 6 971 4
4 4 1170 15
7 7 422 10
9 3 963 2
9 9 963 7
2 2 408 4
8 4 1382 9
8 8 1382 3
4 1 415 9
4 4 415 12
8 2 5 1
8 8 5 7
7 9 55 1
7 7 55 1
5 3 368 9
5 5 368 9
2 2 1417 4
1 3 1168 9
1 1 1168 3
6 7 1119 3
6 6 1119 9
6 7 245 13
6 6 245 3
7 7 531 7
0 0 995 5
2 2 430 4
3 3 366 6
8 4 921 7
8 8 921 3
7 7 270 13
9 9 526 2
7 7 1135 1
0 0 886 4
0 3 45 7
0 0 45 24
4 6 503 8
4 4 503 8
3 4 1289 2
3 3 1289 7
8 9 445 13
8 8 445 2
2 2 723 2
1 2 543 14
1 1 543 1
6 6 1288 6
8 5 759 11
8 8 759 2
5 6 1003 6
5 5 1003 5
6 0 678 9
6 6 678 6
1 8 392 8
1 1 392 4
6 0 1110 9
6 6 1110 3
9 9 19 3
5 9 510 1
5 5 510 3
1 1 886 8
0 0 1018 6
4 4 367 10
6 9 554 1
6 6 554 2
1 4 743 11
1 1 743 1
6 0 1392 8
6 6 1392 2
8 8 420 9
7 0 404 5
7 7 404 16
6 4 1347 8
6 6 1347 4
7 7 1326 34
1 1 528 4
2 8 820 13
2 2 820 3
9 5 1177 2
9 9 1177 8
6 9 1283 10
6 6 1283 1
4 4 133 4
8 4 51 14
8 8 51 3
9 7 1297 2
9 9 1297 2
7 7 944 1
0 0 285 10
5 0 1097 11
5 5 1097 28
6 5 231 14
6 6 231 4
8 0 130 12
8 8 130 11
1 1 1043 5
6 3 557 13
6 6 557 4
8 5 1310 11
8 8 1310 16
9 2 326 10
9 9 326 4
9 4 1116 10
9 9 1116 5
5 5 989 8
1 1 983 3
8 4 1184 1
8 8 1184 2
6 6 1200 2
8 7 372 14
8 8 372 12
8 0 888 14
8 8 888 4
4 6 768 13
4 4 768 7
4 4 349 2
6 2 548 11
6 6 548 2
7 7 655 19
1 1 753 3
1 6 164 10
1 1 164 2
6 1 1378 6
6 6 1378 6
3 3 1404 12
9 0 1093 4
9 9 1093 11
2 2 1063 2
5 5 966 1
9 9 181 4
2 6 1389 14
2 2 1389 1
8 0 447 12
8 8 447 5
5 5 193 6
4 4 1119 5
5 5 855 3
9 9 729 2
6 6 648 6
2 9 434 2
2 2 434 3
6 5 96 10
6 6 96 8
9 6 554 9
9 9 554 1
2 2 878 4
8 9 1231 2
8 8 1231 4
3 3 1381 10
4 4 1405 3
8 1 1051 14
8 8 1051 1
8 4 967 12
8 8 967 5
6 7 756 1
6 6 756 5
8 4 659 11
8 8 659 5
4 1 1292 4
4 4 1292 3
8 6 1183 11
8 8 1183 1
2 2 1380 8
1 1 95 11
6 0 451 13
6 6 451 3
8 6 813 12
8 8 813 20
6 6 200 5
6 7 285 2
6 6 285 5
7 7 161 4
1 7 850 4
1 1 850 2
6 6 534 13
9 3 551 9
9 9 551 3
6 6 1294 3
5 5 286 7
8 1 523 12
8 8 523 6
5 1 935 13
5 5 935 5
7 7 839 9
5 5 381 14
4 4 1291 1
9 9 1293 4
0 0 505 7
0 0 659 6
0 0 1240 5
2 9 651 10
2 2 651 5
6 8 377 7
6 6 377 3
4 4 187 8
6 6 195 5
1 6 1151 11
1 1 1151 17
9 1 897 4
9 9 897 2
9 6 596 7
9 9 596 5
1 1 708 5
1 2 1317 6
1 1 1317 1
5 5 1268 5
5 7 1359 6
5 5 1359 10
6 6 920 8
5 4 928 11
5 5 928 7
2 2 682 8
1 6 898 13
1 1 898 3
3 5 131 8
3 3 131 2
6 6 1181 2
6 4 1108 9
6 6 1108 2
6 4 380 8
6 6 380 7
0 6 1386 8
0 0 1386 9
5 5 60 26
4 9 1076 10
4 4 1076 2
2 6 968 1
2 2 968 13
3 2 1227 1
3 3 1227 4
9 9 605 6
4 4 1097 2
3 3 570 13
4 4 907 1
6 4 915 10
6 6 915 5
8 5 78 8
8 8 78 3
9 9 1121 2
8 2 345 2
8 8 345 3
1 2 923 6
1 1 923 20
1 8 49 5
1 1 49 8
8 2 1342 1
8 8 1342 7
5 5 148 7
6 6 616 5
6 6 726 6
1 4 677 12
1 1 677 4
8 8 1052 2
6 9 1019 5
6 6 1019 10
5 7 513 5
5 5 513 3
7 7 342 44
9 4 1049 13
9 9 1049 3
8 8 898 6
2 0 882 8
2 2 882 4
5 5 1254 14
4 9 463 7
4 4 463 17
8 0 544 8
8 8 544 3
4 4 1361 13
9 7 1130 12
9 9 1130 5
2 2 566 3
1 6 10 11
1 1 10 7
3 3 1051 7
9 9 218 2
7 7 1422 14
1 3 781 1
1 1 781 5
0 0 819 1
0 0 1400 5
1 7 1233 3
1 1 1233 8
6 8 1054 6
6 6 1054 11
8 1 286 14
8 8 286 6
9 6 400 9
9 9 400 1
5 5 1321 9
3 3 1337 21
9 9 948 1
9 9 591 1
9 3 1323 11
9 9 1323 1
6 5 1271 2
6 6 1271 2
6 1 1336 13
6 6 1336 11
6 2 909 11
6 6 909 2
6 6 470 2
8 1 772 14
8 8 772 2
1 9 917 6
1 1 917 6
3 9 589 7
3 3 589 3
8 6 529 5
8 8 529 6
1 4 774 6
1 1 774 1
9 9 743 12
1 7 695 9
1 1 695 2
0 2 953 8
0 0 953 8
2 4 360 7
2 2 360 7
2 9 981 1
2 2 981 13
2 2 542 11
5 5 1298 11
7 7 734 13
1 9 544 10
1 1 544 16
0 0 552 12
5 5 940 4
3 3 549 1
8 8 1177 1
5 9 457 14
5 5 457 3
7 7 1391 9
4 4 536 3
0 0 301 2
8 8 872 4
8 8 1158 6
0 0 213 1
3 3 212 3
8 6 731 7
8 8 731 6
1 6 799 10
1 1 799 16
6 6 605 3
7 6 251 5
7 7 251 4
9 9 1187 4
1 1 648 2
6 6 130 1
6 0 1212 8
6 6 1212 3
5 8 417 3
5 5 417 16
6 6 49 3
7 7 1186 2
1 1 569 3
8 2 1355 14
8 8 1355 1
6 4 1322 13
6 6 1322 2
6 0 895 9
6 6 895 2
9 9 823 7
1 0 29 3
1 1 29 1
5 5 136 3
7 6 99 5
7 7 99 4
9 2 1371 9
9 9 1371 6
9 9 1153 12
0 0 1202 6
7 7 1100 8
7 7 293 6
9 2 529 13
9 9 529 1
2 2 935 18
3 3 857 21
8 8 589 1
4 0 1190 8
4 4 1190 12
9 0 276 9
9 9 276 3
2 2 1143 27
1 1 229 4
2 2 237 36
5 7 1242 10
5 5 1242 1
6 6 1240 3
5 5 315 6
8 8 17 2
3 3 1143 3
8 4 224 9
8 8 224 20
7 7 551 2
0 0 426 33
4 2 831 7
4 4 831 32
8 7 1104 4
8 8 1104 2
3 3 1156 15
6 5 144 4
6 6 144 5
7 7 233 18
8 6 519 13
8 8 519 4
1 1 333 2
3 3 52 7
5 5 622 26
9 9 1086 1
6 2 1254 4
6 6 1254 1
2 2 1102 20
0 0 573 10
1 0 1300 10
1 1 1300 9
3 3 69 2
3 3 536 7
8 6 1166 5
8 8 1166 4
9 0 366 8
9 9 366 3
8 9 1175 12
8 8 1175 1
0 1 684 10
0 0 684 2
0 0 1041 4
8 4 797 9
8 8 797 3
6 8 248 14
6 6 248 5
7 7 81 18
9 0 690 10
9 9 690 5
2 7 477 2
2 2 477 36
2 2 6 11
4 4 806 9
7 7 283 4
9 1 72 2
9 9 72 2
2 2 953 8
8 7 1062 11
8 8 1062 6
9 6 620 2
9 9 620 19
1 4 247 10
1 1 247 1
1 2 1389 1
1 1 1389 1
9 7 151 8
9 9 151 7
0 0 894 8
4 4 670 1
6 9 686 13
6 6 686 1
6 6 243 2
9 9 699 1
9 2 589 5
9 9 589 2
8 6 483 11
8 8 483 3
8 8 915 6
5 1 719 9
5 5 719 4
5 6 1188 14
5 5 1188 9
4 1 956 2
4 4 956 1
8 5 1069 6
8 8 1069 10
6 4 29 1
6 6 29 4
7 1 876 10
7 7 876 9
0 3 198 14
0 0 198 8
6 4 1229 9
6 6 1229 1
6 3 1302 13
6 6 1302 7
5 5 278 8
8 3 1408 11
8 8 1408 7
6 9 1116 5
6 6 1116 3
4 2 1124 12
4 4 1124 2
8 1 149 2
8 8 149 5
9 0 233 8
9 9 233 11
9 3 700 2
9 9 700 9
9 9 1399 3
8 8 429 4
8 6 1093 3
8 8 1093 3
3 3 1275 14
6 1 133 12
6 6 133 11
9 8 423 6
9 9 423 6
5 6 55 4
5 5 55 5
5 5 1197 4
7 7 1260 12
9 0 971 12
9 9 971 11
1 6 193 2
1 1 193 2
8 8 114 4
4 4 765 3
6 5 850 5
6 6 850 13
4 4 1321 7
9 9 799 1
1 9 1256 5
1 1 1256 3
5 5 672 13
9 3 18 10
9 9 18 1
8 1 23 7
8 8 23 20
8 0 1100 10
8 8 1100 1
3 3 1248 4
8 8 470 3
9 7 566 12
9 9 566 4
2 2 345 2
4 5 511 5
4 4 511 7
1 1 535 8
2 0 200 6
2 2 200 17
6 6 1215 3
8 0 1194 14
8 8 1194 14
2 2 1177 44
4 4 157 1
2 0 676 8
2 2 676 6
3 3 206 6
5 4 222 10
5 5 222 23
9 3 1377 4
9 9 1377 10
8 3 1139 4
8 8 1139 4
8 1 904 12
8 8 904 3
8 7 477 11
8 8 477 3
8 0 1039 6
8 8 1039 12
1 7 162 9
1 1 162 2
2 2 336 4
3 3 492 24
6 3 1384 10
6 6 1384 7
8 4 535 1
8 8 535 1
9 8 290 9
9 9 290 4
0 0 171 19
3 3 166 7
8 1 1308 4
8 8 1308 2
6 2 844 12
6 6 844 6
5 5 988 1
9 9 838 4
9 3 1305 7
9 9 1305 2
4 4 1036 8
0 9 655 9
0 0 655 3
5 5 199 3
5 1 877 9
5 5 877 3
9 4 28 7
9 9 28 7
7 7 633 8
4 4 1106 4
1 7 266 3
1 1 266 4
0 8 1342 14
0 0 1342 25
2 7 997 6
2 2 997 10
1 9 1131 11
1 1 1131 1
4 2 46 8
4 4 46 7
3 3 1262 11
8 9 452 5
8 8 452 9
3 3 469 5
8 3 1225 6
8 8 1225 5
9 6 299 9
9 9 299 3
7 7 848 6
1 1 958 2
8 4 283 6
8 8 283 3
0 0 1116 3
4 4 746 5
8 7 1283 12
8 8 1283 4
9 0 403 3
9 9 403 5
6 6 839 2
9 9 1282 4
1 0 815 4
1 1 815 7
7 7 171 6
0 6 411 9
0 0 411 15
2 2 553 4
3 3 768 5
1 5 713 10
1 1 713 2
3 8 474 12
3 3 474 12
8 8 1264 1
6 4 496 3
6 6 496 10
7 7 386 5
9 4 1036 8
9 9 1036 6
6 5 190 9
6 6 190 2
6 1 1184 1
6 6 1184 5
6 6 387 7
7 0 990 10
7 7 990 13
5 5 175 18
1 9 491 1
1 1 491 1
7 7 1108 4
8 4 355 12
8 8 355 1
6 9 274 13
6 6 274 4
0 4 402 11
0 0 402 3
4 4 1238 15
9 9 927 6
7 7 1099 1
9 6 1217 13
9 9 1217 1
0 0 630 1
2 2 317 12
5 1 1162 14
5 5 1162 2
3 3 451 18
6 3 1373 5
6 6 1373 2
6 3 491 1
6 6 491 1
9 1 341 11
9 9 341 21
9 1 1000 6
9 9 1000 4
9 9 1142 4
0 2 1066 8
0 0 1066 2
8 7 327 1
8 8 327 2
3 3 592 20
6 9 748 7
6 6 748 1
8 8 667 5
9 9 166 6
9 7 889 10
9 9 889 2
1 6 825 2
1 1 825 25
1 5 492 2
1 1 492 7
1 4 1229 5
1 1 1229 3
4 4 879 12
6 7 1066 5
6 6 1066 5
6 9 639 5
6 6 639 9
6 8 192 3
6 6 192 3
9 9 714 15
2 4 1263 3
2 2 1263 4
1 5 285 8
1 1 285 8
3 3 782 13
7 7 757 25
6 6 1129 6
1 1 142 3
5 5 1358 1
8 8 161 2
7 7 496 10
1 9 525 10
1 1 525 2
1 4 1365 9
1 1 1365 2
6 1 149 13
6 6 149 7
0 0 497 2
8 0 305 5
8 8 305 3
2 2 86 6
8 2 1407 8
8 8 1407 1
8 1 1415 10
8 8 1415 1
6 0 630 11
6 6 630 4
5 5 758 6
8 2 166 2
8 8 166 3
9 9 56 5
9 9 755 3
2 3 412 9
2 2 412 18
5 5 1318 3
5 5 519 2
9 8 905 10
9 9 905 2
7 7 754 3
1 5 732 7
1 1 732 11
4 4 1266 4
0 0 1417 14
1 1 1341 4
4 4 575 8
6 7 1359 8
6 6 1359 11
8 0 570 13
8 8 570 3
9 3 794 12
9 9 794 4
1 5 589 6
1 1 589 13
0 1 755 13
0 0 755 2
4 9 718 11
4 4 718 1
6 0 1173 13
6 6 1173 2
8 7 884 4
8 8 884 4
6 5 803 6
6 6 803 6
1 4 1247 9
1 1 1247 1
8 5 963 13
8 8 963 4
2 2 1252 6
7 7 602 12
8 8 43 5
4 4 1004 2
6 4 1016 10
6 6 1016 2
9 9 511 3
7 1 747 6
7 7 747 7
8 6 587 2
8 8 587 2
0 0 1408 9
5 5 1253 1
6 1 1277 8
6 6 1277 6
4 4 456 5
8 5 118 3
8 8 118 9
7 7 1400 3
9 3 1129 6
9 9 1129 1
1 8 582 8
1 1 582 7
3 3 583 1
6 8 721 8
6 6 721 1
5 0 343 6
5 5 343 7
8 3 197 9
8 8 197 3
9 0 1319 5
9 9 1319 4
0 0 463 1
0 0 820 54
0 0 1198 4
1 6 1232 8
1 1 1232 1
6 9 608 3
6 6 608 2
7 1 132 10
7 7 132 3
7 2 595 13
7 7 595 4
9 3 1200 10
9 9 1200 5
8 1 1099 7
8 8 1099 1
1 0 701 4
1 1 701 7
1 1 352 6
5 5 521 20
9 4 955 5
9 9 955 3
1 1 145 3
8 5 552 13
8 8 552 6
7 7 479 9
2 2 856 5
1 1 916 1
1 4 607 10
1 1 607 9
0 0 705 2
4 2 9 8
4 4 9 21
5 5 133 3
5 4 336 11
5 5 336 7
9 9 661 3
1 9 773 4
1 1 773 1
1 5 1065 11
1 1 1065 8
6 3 603 14
6 6 603 2
8 8 262 3
9 9 408 2
2 2 1267 7
1 3 1114 3
1 1 1114 3
7 7 1188 36
2 3 1122 11
2 2 1122 14
8 8 1349 3
6 3 1328 9
6 6 1328 7
8 8 473 4
2 2 139 9
5 5 1144 18
3 3 693 1
2 7 1371 10
2 2 1371 9
1 1 449 10
2 2 615 2
3 3 1177 5
6 9 167 14
6 6 167 1
1 7 1107 5
1 1 1107 7
3 7 851 3
3 3 851 6
4 8 1208 13
4 4 1208 13
9 7 933 11
9 9 933 4
0 0 544 8
8 8 1356 3
7 6 461 11
7 7 461 2
0 0 874 8
6 6 336 1
7 7 553 4
3 3 372 5
6 0 597 9
6 6 597 3
5 5 723 2
9 5 394 10
9 9 394 6
9 3 93 7
9 9 93 9
9 6 528 6
9 9 528 1
9 6 1195 8
9 9 1195 5
2 5 1221 6
2 2 1221 7
0 0 904 3
4 4 960 11
8 9 590 1
8 8 590 3
9 5 283 3
9 9 283 4
5 5 756 1
4 9 428 13
4 4 428 6
6 3 440 10
6 6 440 1
5 2 460 10
5 5 460 1
1 1 1023 4
6 5 1128 12
6 6 1128 1
9 1 648 13
9 9 648 2
9 9 1347 17
0 6 784 13
0 0 784 3
1 8 1084 1
1 1 1084 9
6 8 1297 9
6 6 1297 5
5 5 1201 12
5 5 1292 6
7 7 889 10
9 7 1085 14
9 9 1085 1
2 7 229 2
2 2 229 8
5 9 1218 9
5 5 1218 2
4 6 427 9
4 4 427 1
8 8 708 14
9 7 800 11
9 9 800 7
7 7 1365 2
2 9 148 10
2 2 148 6
0 8 1153 5
0 0 1153 33
9 9 436 5
9 1 514 14
9 9 514 4
1 4 658 3
1 1 658 3
0 0 902 2
2 6 333 3
2 2 333 3
6 4 1421 2
6 1 982 1
6 6 982 6
8 3 433 9
8 8 433 1
2 2 725 8
1 4 515 10
1 1 515 10
1 9 246 3
1 1 246 1
1 7 1388 12
1 1 1388 1
5 5 1227 15
7 7 56 6
4 5 671 14
4 4 671 15
6 4 1114 5
6 6 1114 1
6 3 687 6
6 6 687 4
8 9 1218 10
8 8 1218 3
2 2 1343 2
6 5 131 2
6 6 131 2
7 7 1136 6
4 5 957 3
4 4 957 3
3 9 847 7
3 3 847 4
6 6 969 2
0 0 246 3
1 1 207 1
5 5 1076 3
6 6 1218 11
8 1 754 9
8 8 754 1
9 8 159 4
9 9 159 6
2 2 1415 2
1 7 437 1
1 1 437 12
1 7 1174 12
1 1 1174 2
3 3 1133 2
6 4 235 4
6 6 235 8
1 0 616 14
1 1 616 6
2 2 1334 1
1 2 1031 3
1 1 1031 5
4 6 354 5
4 4 354 2
6 9 561 9
6 6 561 1
7 7 674 16
6 6 563 2
1 8 343 13
1 1 343 6
6 6 1164 5
6 0 1407 1
6 6 1407 1
8 6 618 6
8 8 618 12
6 6 21 8
9 9 970 1
9 1 1104 13
9 9 1104 12
1 1 192 1
1 1 1406 11
3 3 187 4
3 3 965 2
8 3 761 14
8 8 761 9
6 6 420 1
9 6 128 2
9 9 128 3
6 6 225 5
1 0 1196 6
1 1 1196 4
0 0 280 4
1 2 1263 4
1 1 1263 2
3 3 200 6
4 2 218 7
4 4 218 2
6 9 311 13
6 6 311 25
9 9 17 1
9 2 1407 14
9 9 1407 6
8 5 651 13
8 8 651 6
1 9 884 7
1 1 884 2
1 5 1048 10
1 1 1048 6
8 1 1101 5
8 8 1101 1
6 2 552 1
6 6 552 1
6 4 125 12
6 6 125 5
8 6 1210 8
8 8 1210 6
0 4 38 6
0 0 38 1
3 3 19 9
3 0 486 11
3 3 486 6
8 4 129 4
8 8 129 1
6 6 955 14
6 0 12 13
6 6 12 9
3 3 1146 6
1 3 534 13
1 1 534 1
0 0 1103 5
4 2 741 7
4 4 741 5
3 3 631 5
8 0 1235 5
8 8 1235 28
8 8 616 2
1 1 391 1
1 2 74 12
1 1 74 14
1 1 1248 3
6 4 656 4
6 6 656 1
5 5 867 3
9 3 685 9
9 9 685 5
8 8 800 2
0 0 398 1
6 1 547 13
6 6 547 1
7 7 197 30
9 3 574 10
9 9 574 4
1 1 161 1
8 9 536 14
8 8 536 7
6 9 7 10
6 6 7 1
2 2 1321 2
9 4 1090 7
9 9 1090 3
1 3 623 8
1 1 623 1
2 2 192 8
2 2 781 4
8 3 1352 6
8 8 1352 3
3 3 636 37
7 7 1003 53
1 5 981 7
1 1 981 1
1 1 408 8
1 3 67 2
1 1 67 7
4 4 200 10
3 2 1088 10
3 3 1088 29
6 6 220 1
0 1 389 2
0 0 389 1
1 5 265 13
1 1 265 1
2 0 994 1
2 2 994 3
2 2 559 5
4 8 351 13
4 4 351 3
8 8 1186 3
8 4 1097 9
8 8 1097 2
1 2 626 9
1 1 626 6
8 3 12 7
8 8 12 5
8 2 543 10
8 8 543 1
3 3 795 8
5 5 104 1
1 4 957 14
1 1 957 1
0 2 744 1
0 0 744 4
1 9 1345 2
1 1 1345 4
5 5 265 4
5 9 207 11
5 5 207 15
8 9 596 9
8 8 596 1
0 8 961 12
0 0 961 2
8 0 951 13
8 8 951 4
4 4 1256 4
9 5 450 11
9 9 450 6
8 5 876 4
8 8 876 8
4 7 638 3
4 4 638 16
3 3 754 8
5 8 1371 14
5 5 1371 24
8 8 1265 3
9 2 339 6
9 9 339 2
0 0 1108 2
9 1 188 4
9 9 188 12
8 8 356 8
5 5 862 5
9 8 13 8
9 9 13 4
2 2 395 3
6 6 532 2
8 0 499 5
8 8 499 3
9 4 926 13
9 9 926 1
9 5 593 3
9 9 593 3
3 3 1207 3
0 0 631 10
2 5 314 7
2 2 314 1
1 9 1314 2
1 1 1314 3
3 3 15 4
3 3 450 1
6 5 935 5
6 6 935 6
7 7 506 12
7 3 1243 9
7 7 1243 9
8 7 547 4
8 8 547 5
2 2 1079 19
6 6 749 7
9 5 165 10
9 9 165 1
9 5 888 5
9 9 888 1
4 4 1044 1
2 2 92 26
3 5 543 7
3 3 543 4
8 8 982 20
1 1 681 13
3 3 442 2
5 5 541 9
9 4 145 12
9 9 145 1
9 6 602 14
9 9 602 3
9 9 1261 12
0 0 25 7
8 1 564 8
8 8 564 1
4 3 1389 2
4 4 1389 1
8 4 749 2
8 8 749 5
0 1 323 10
0 0 323 10
2 5 164 5
2 2 164 4
1 3 1364 9
1 1 1364 1
3 3 133 30
8 9 254 5
8 8 254 3
5 5 169 4
6 6 809 4
8 2 1416 9
8 8 1416 1
6 2 184 8
6 6 184 1
9 0 903 4
9 9 903 2
8 7 690 1
8 8 690 3
1 1 674 3
1 1 277 8
3 3 419 2
4 9 1221 12
4 4 1221 3
9 0 501 4
9 9 501 10
1 1 1176 9
3 3 217 53
8 0 1361 6
8 8 1361 6
4 4 233 6
8 8 112 2
7 7 488 4
4 4 719 6
6 6 1162 1
5 5 365 3
3 3 955 6
9 1 874 1
9 9 874 9
2 2 1359 10
1 3 509 7
1 1 509 6
1 3 1246 2
1 1 1246 1
3 3 283 38
6 6 622 2
7 7 1056 15
7 5 867 3
7 7 867 9
2 2 961 7
4 0 314 2
4 4 314 5
4 2 551 13
4 4 551 20
8 1 1368 6
8 8 1368 1
6 7 1351 9
6 6 1351 4
7 1 1403 14
7 7 1403 1
1 1 581 1
3 3 568 1
8 8 892 6
7 7 573 5
7 3 1416 7
7 7 1416 6
4 4 1061 1
7 2 135 4
7 7 135 4
9 9 764 1
9 9 1207 5
6 9 481 12
6 6 481 9
2 2 367 7
4 3 980 7
4 4 980 2
4 4 289 25
8 3 1193 14
8 8 1193 1
9 9 1024 12
1 4 1132 3
1 1 1132 3
0 0 238 3
0 0 595 11
6 6 409 2
2 2 785 21
2 2 1051 12
6 6 1171 2
6 1 786 7
6 6 786 11
6 5 359 6
6 6 359 4
9 7 660 14
9 9 660 1
9 9 1327 10
8 2 643 13
8 8 643 1
2 2 1345 14
1 1 463 4
5 0 1423 8
4 4 153 4
6 4 600 7
6 6 600 1
9 9 741 2
6 7 58 9
6 6 58 1
4 4 979 1
3 3 1312 3
6 6 60 12
9 9 488 3
1 0 233 13
1 1 233 5
9 3 381 3
9 9 381 1
8 3 101 8
8 8 101 11
0 0 10 15
0 0 303 7
0 8 1038 14
0 0 1038 3
1 9 1200 7
1 1 1200 5
8 5 244 4
8 8 244 9
7 7 563 10
2 1 462 5
2 2 462 2
3 3 270 13
6 6 1370 3
9 6 1185 4
9 9 1185 2
8 6 90 5
8 8 90 4
1 1 1106 1
7 6 721 5
7 7 721 12
5 5 757 1
2 5 861 6
2 2 861 3
6 6 1255 2
6 2 1320 14
6 6 1320 2
6 1 454 9
6 6 454 1
9 2 821 14
9 9 821 2
1 1 997 9
1 1 424 7
6 7 1142 3
6 6 1142 20
5 5 321 3
6 6 337 3
9 3 1369 12
9 9 1369 2
3 3 177 10
4 4 65 6
4 5 143 12
4 4 143 5
5 5 7 32
9 1 393 3
9 9 393 1
9 9 535 7
6 6 997 3
9 7 1083 14
9 9 1083 1
1 5 560 3
1 1 560 4
4 3 539 11
4 4 539 12
4 0 80 8
4 4 80 28
6 5 441 11
6 6 441 3
9 9 830 8
1 9 1022 2
1 1 1022 1
2 2 154 1
8 2 1054 11
8 8 1054 4
9 8 244 13
9 9 244 5
1 8 879 13
1 1 879 2
2 1 630 12
2 2 630 5
3 3 819 28
6 6 589 8
4 4 627 11
8 1 206 1
8 8 206 1
6 5 988 9
6 6 988 5
6 0 33 6
6 6 33 14
9 9 259 7
9 9 982 7
9 0 1084 1
9 9 1084 1
3 3 71 12
8 8 1403 1
9 7 280 13
9 9 280 3
7 3 450 1
7 7 450 11
9 9 807 14
0 0 686 1
4 8 657 10
4 4 657 1
6 0 693 14
6 6 693 23
6 6 254 2
7 7 542 9
0 0 1000 2
2 9 475 13
2 2 475 2
1 2 1076 3
1 1 1076 8
9 2 443 12
9 9 443 1
9 6 1236 10
9 9 1236 3
4 4 1095 2
3 3 63 6
6 7 1410 3
6 6 1410 11
8 0 637 4
8 8 637 6
8 5 434 1
8 8 434 8
0 0 193 3
0 0 566 7
2 6 806 7
2 2 806 14
6 2 1309 12
6 6 1309 10
8 0 1 2
8 8 1 2
9 9 149 2
8 6 1011 7
8 8 1011 20
2 2 1421 4
6 0 1115 13
6 6 1115 1
6 2 684 6
6 6 684 2
4 4 1151 5
9 4 230 14
9 9 230 3
1 1 300 10
2 2 466 4
2 2 31 23
4 6 815 2
4 4 815 15
4 4 356 9
9 9 444 3
6 1 562 3
6 6 562 1
1 1 746 7
1 1 349 3
5 5 606 4
9 7 269 14
9 9 269 3
0 7 525 6
0 0 525 19
0 4 1138 13
0 0 1138 15
5 5 1075 1
8 8 1385 12
8 9 755 3
8 8 755 2
9 5 158 1
9 9 158 1
8 8 370 2
0 0 700 5
1 1 1173 1
3 3 194 6
4 1 220 9
4 4 220 1
4 4 1126 9
5 5 880 4
7 3 65 6
7 7 65 1
8 2 650 7
8 8 650 1
2 2 1335 8
1 6 293 5
1 1 293 5
3 3 339 27
3 3 806 2
8 2 924 11
8 8 924 12
5 5 566 29
7 7 267 2
4 4 1185 5
9 0 563 1
9 9 563 3
3 3 1315 19
0 0 32 6
0 0 917 10
6 6 1135 3
8 8 416 1
1 8 199 1
1 1 199 8
0 0 1097 6
8 5 1189 12
8 8 1189 3
6 5 421 12
6 6 421 15
1 3 181 6
1 1 181 2
1 1 986 5
0 0 1272 3
4 2 654 9
4 4 654 3
8 8 329 1
6 6 308 3
7 3 190 10
7 7 190 7
1 2 318 11
1 1 318 4
2 2 17 14
8 6 1102 4
8 8 1102 2
6 5 553 13
6 6 553 1
4 4 1276 1
0 0 39 6
1 7 175 7
1 1 175 6
8 6 65 7
8 8 65 13
5 5 1172 7
9 0 1387 8
9 9 1387 2
7 6 860 3
7 7 860 7
9 3 1413 3
9 9 1413 11
0 0 564 2
0 6 214 6
0 0 214 1
1 1 216 7
5 5 1061 14
8 8 1303 3
6 5 1286 6
6 6 1286 2
8 4 737 9
8 8 737 3
8 8 54 11
1 0 1073 9
1 1 1073 2
0 9 512 14
0 0 512 9
1 4 1255 1
1 1 1255 1
9 1 1166 7
9 9 1166 8
6 5 657 14
6 6 657 5
0 0 399 3
1 4 1040 5
1 1 1040 3
3 3 321 18
9 9 471 14
2 0 302 1
2 2 302 12
5 8 1181 5
5 5 1181 7
4 4 939 17
4 4 480 9
6 9 947 11
6 6 947 8
5 5 105 1
1 7 622 11
1 1 622 1
0 0 1095 2
6 9 1204 8
6 6 1204 4
6 6 761 10
5 5 161 8
6 6 817 4
0 0 641 14
8 7 802 9
8 8 802 7
6 1 221 6
6 6 221 4
6 0 294 7
6 6 294 1
0 0 390 5
5 5 86 12
9 9 550 1
9 1 1273 5
9 9 1273 9
1 8 758 12
1 1 758 3
6 6 1377 1
8 8 512 7
6 5 511 8
6 6 511 4
7 9 391 2
7 7 391 12
7 7 1252 8
3 2 612 3
3 3 612 5
6 9 398 4
6 6 398 3
1 7 1265 7
1 1 1265 13
4 4 891 16
5 5 893 17
8 1 809 13
8 8 809 4
7 9 165 1
7 7 165 6
2 2 1307 14
4 0 327 6
4 4 327 19
6 7 530 12
6 6 530 2
8 2 461 5
8 8 461 2
7 7 641 9
9 9 1250 6
3 3 569 1
6 7 941 2
6 6 941 3
9 4 338 11
9 9 338 1
2 2 1098 4
0 0 374 3
1 8 632 14
1 1 632 10
1 0 1369 13
1 1 1369 5
5 5 1040 13
3 3 621 10
8 8 833 3
4 5 1295 14
4 4 1295 5
9 1 1289 7
9 9 1289 4
0 0 1220 20
3 3 762 6
6 5 634 14
6 6 634 5
8 8 186 2
7 7 1076 21
0 0 985 8
5 2 1330 5
5 5 1330 6
6 9 94 8
6 6 94 1
9 9 458 12
9 8 592 8
9 9 592 1
0 0 3 2
2 3 315 6
2 2 315 2
3 3 1391 3
7 7 1295 2
0 0 333 16
0 0 1068 14
6 6 738 6
5 5 378 3
6 5 1262 6
6 6 1262 2
1 4 1219 5
1 1 1219 5
8 8 364 6
6 7 267 3
6 6 267 7
7 7 614 19
5 5 155 1
2 6 1261 12
2 2 1261 2
1 1 1417 8
2 1 569 12
2 2 569 25
3 1 445 4
3 3 445 5
6 3 524 5
6 6 524 5
9 5 601 5
9 9 601 1
9 3 659 14
9 9 659 1
1 1 729 3
3 3 685 3
8 2 565 1
8 8 565 1
4 8 1390 13
4 4 1390 1
9 6 791 8
9 9 791 3
0 0 137 5
1 4 61 10
1 1 61 6
4 4 30 4
8 9 644 3
8 8 644 2
8 6 217 13
8 8 217 2
9 5 173 2
9 9 173 8
9 0 864 10
9 9 864 10
9 2 1339 6
9 9 1339 6
0 7 499 7
0 0 499 5
1 4 507 11
1 1 507 2
8 7 1417 5
8 8 1417 10
6 1 185 5
6 6 185 5
8 7 1126 10
8 8 1126 13
1 3 673 12
1 1 673 1
0 0 983 2
6 6 72 21
9 9 578 11
1 4 133 10
1 1 133 3
1 3 991 6
1 1 991 5
2 2 886 34
2 2 273 12
3 3 1373 5
7 7 1405 8
7 7 1224 5
0 0 757 27
0 0 1082 3
2 2 745 3
6 5 1163 9
6 6 1163 1
6 9 732 11
6 6 732 6
6 9 801 6
6 6 801 2
8 3 192 2
8 8 192 2
4 8 863 9
4 4 863 14
4 1 148 13
4 4 148 5
9 9 1165 1
4 4 1006 14
5 5 435 4
8 7 489 3
8 8 489 10
8 6 1192 8
8 8 1192 1
1 8 158 3
1 1 158 3
1 1 1332 9
8 8 1369 12
5 5 452 5
7 7 943 1
9 6 1135 4
9 9 1135 2
5 5 1140 4
0 8 295 9
0 0 295 6
9 1 223 10
9 9 223 6
8 1 972 10
8 8 972 1
8 8 257 5
1 1 358 10
8 5 1333 11
8 8 1333 9
6 0 1009 9
6 6 1009 7
8 8 400 2
7 7 328 10
8 3 1290 6
8 8 1290 3
1 1 151 7
5 5 461 9
8 9 127 1
8 8 127 2
0 0 707 37
1 1 1214 5
4 6 702 14
4 4 702 7
5 5 350 15
5 5 809 11
6 2 1044 7
6 6 1044 10
6 7 601 1
6 6 601 2
9 6 414 7
9 9 414 7
7 7 255 3
9 6 680 6
9 9 680 5
2 3 541 8
2 2 541 1
6 4 1000 4
6 6 1000 7
2 2 835 3
3 3 83 17
3 3 550 2
3 3 1021 1
7 7 1384 7
7 7 150 9
4 8 1301 2
4 4 1301 10
1 0 1207 3
1 1 1207 4
8 2 672 10
8 8 672 8
7 5 103 2
7 7 103 19
9 2 668 4
9 9 668 4
9 7 1367 12
9 9 1367 1
2 2 1369 2
6 6 1039 3
6 0 165 6
6 6 165 2
1 0 653 6
1 1 653 5
1 5 368 13
1 1 368 3
6 3 52 11
6 6 52 6
9 9 272 4
0 0 1431 7
6 6 455 15
7 7 463 4
6 6 825 2
1 6 996 1
1 1 996 1
1 4 431 3
1 1 431 6
5 5 245 3
6 6 781 3
9 5 1368 1
9 9 1368 1
8 8 480 3
6 5 1030 10
6 6 1030 5
3 9 1152 1
3 3 1152 4
6 3 156 7
6 6 156 9
8 4 696 13
8 8 696 12
0 0 69 19
3 3 48 4
8 0 1083 12
8 8 1083 2
6 9 47 9
6 6 47 2
7 9 713 1
7 7 713 8
5 5 610 12
1 1 1296 4
8 3 1397 7
8 8 1397 6
4 9 1328 9
4 4 1328 7
9 2 362 5
9 9 362 2
7 7 915 28
1 5 1021 12
1 1 1021 1
1 3 416 3
1 1 416 8
9 8 615 1
9 9 615 5
2 2 155 9
4 0 224 14
4 4 224 1
6 8 691 2
6 6 691 2
8 5 1216 4
8 8 1216 2
9 8 1345 4
9 9 1345 2
2 2 1323 10
3 3 383 1
6 6 578 11
5 5 730 9
7 7 287 6
5 5 202 1
5 6 1276 8
5 5 1276 16
1 5 322 2
1 1 322 5
4 1 262 1
4 4 262 4
5 5 1216 2
8 0 1404 13
8 8 1404 3
7 7 1367 12
3 2 1171 1
3 3 1171 6
0 0 890 4
0 0 687 13
4 4 658 2
4 4 239 5
9 6 252 2
9 9 252 7
9 1 695 13
9 9 695 4
1 5 298 5
1 1 298 2
8 9 292 2
8 8 292 7
7 9 227 2
7 7 227 4
5 5 1395 8
5 5 596 10
9 9 990 4
9 7 1425 11
9 8 1060 8
9 9 1060 23
0 0 142 2
4 4 71 9
4 7 412 8
4 4 412 1
5 5 997 6
1 6 1171 4
1 1 1171 2
4 5 665 7
4 4 665 3
8 1 348 10
8 8 348 7
5 5 886 7
9 9 229 1
9 0 1395 10
9 9 1395 4
1 6 1036 3
1 1 1036 4
6 4 572 3
6 6 572 6
8 8 299 5
7 7 269 1
9 2 1244 8
9 9 1244 6
0 8 927 9
0 0 927 2
4 1 1202 12
4 4 1202 6
3 3 39 9
6 3 975 7
6 6 975 7
8 9 442 2
8 8 442 1
3 3 59 4
6 2 419 11
6 6 419 1
9 7 251 10
9 9 251 1
1 7 960 9
1 1 960 13
0 0 1250 22
4 7 221 12
4 4 221 3
8 6 782 2
8 8 782 13
1 0 881 13
1 1 881 3
0 0 1324 16
8 8 1096 1
4 9 1270 12
4 4 1270 1
9 3 562 7
9 9 562 1
2 2 349 5
6 8 490 12
6 6 490 1
4 4 617 10
4 4 499 3
5 8 395 11
5 5 395 9
8 8 417 3
1 4 878 13
1 1 878 1
7 7 1272 23
1 6 198 2
1 1 198 1
2 6 825 14
2 2 825 10
4 4 53 12
3 3 967 15
4 2 1300 7
4 4 1300 1
3 3 946 9
1 9 396 6
1 1 396 12
6 3 671 13
6 6 671 4
5 5 685 30
9 1 1405 1
9 9 1405 2
1 0 1054 7
1 1 1054 11
6 7 115 7
6 6 115 10
9 4 429 6
9 9 429 7
3 5 961 6
3 3 961 4
8 1 757 4
8 8 757 2
1 1 763 5
2 2 340 5
5 5 500 10
5 8 106 8
5 5 106 15
1 1 532 2
1 4 223 2
1 1 223 4
6 6 1202 1
5 5 976 12
7 7 33 22
6 2 816 7
6 6 816 1
1 0 978 7
1 1 978 3
2 6 118 12
2 2 118 21
4 4 195 5
3 3 1117 16
7 7 182 8
1 9 310 5
1 1 310 8
2 2 594 14
8 7 907 8
8 8 907 8
9 9 470 1
9 8 105 7
9 9 105 23
2 2 920 9
4 4 607 3
8 8 1221 4
6 2 944 9
6 6 944 3
4 9 1163 2
4 4 1163 7
8 6 1058 13
8 8 1058 2
9 8 1088 8
9 9 1088 2
1 5 954 12
1 1 954 3
1 3 208 9
1 1 208 8
8 5 745 11
8 8 745 4
2 2 1390 21
4 4 1311 1
5 5 671 1
6 6 295 3
8 2 81 11
8 8 81 9
2 2 557 2
4 4 780 23
9 6 914 6
9 9 914 9
9 8 549 9
9 9 549 1
4 2 1101 1
4 4 1101 5
8 6 1367 3
8 8 1367 1
2 2 217 8
4 4 725 16
4 3 34 14
4 4 34 1
9 0 185 8
9 9 185 3
0 0 665 19
5 5 664 7
4 8 1424 3
1 3 256 14
1 1 256 6
2 9 398 10
2 2 398 10
3 3 773 2
3 0 808 12
3 3 808 11
9 9 448 2
9 9 923 3
1 5 718 12
1 1 718 10
4 4 1271 5
5 5 1369 2
9 5 337 13
9 9 337 1
7 4 1297 4
7 7 1297 2
1 1 948 6
0 0 1110 6
5 5 967 4
8 6 1293 9
8 8 1293 6
6 5 744 14
6 6 744 1
6 9 829 1
6 6 829 10
5 5 971 5
1 6 1225 9
1 1 1225 4
4 3 184 7
4 4 184 3
5 5 156 3
0 1 405 3
0 0 405 1
6 6 95 1
9 9 457 1
3 3 215 2
1 1 1312 2
6 6 494 1
9 4 1147 9
9 9 1147 5
1 4 624 3
1 1 624 2
9 1 639 9
9 9 639 3
5 0 377 13
5 5 377 1
5 6 820 1
5 5 820 35
4 5 1078 1
4 4 1078 17
6 4 1065 13
6 6 1065 1
6 1 341 8
6 6 341 11
6 4 264 2
6 6 264 3
2 4 864 13
2 2 864 2
2 2 1258 3
1 0 274 6
1 1 274 3
4 6 908 3
4 4 908 17
3 3 444 1
8 2 508 5
8 8 508 4
7 7 811 28
9 3 1137 9
9 9 1137 5
1 7 728 5
1 1 728 1
6 8 1355 14
6 6 1355 4
8 8 566 1
4 1 1391 11
4 4 1391 14
2 2 1036 13
1 0 60 9
1 1 60 1
1 9 1194 11
1 1 1194 2
5 6 1025 10
5 5 1025 6
6 2 1169 8
6 6 1169 2
6 3 815 4
6 6 815 1
9 2 172 9
9 9 172 1
7 7 969 12
9 7 42 14
9 9 42 3
9 3 765 10
9 9 765 2
2 2 670 2
5 0 755 2
5 5 755 1
8 3 169 8
8 8 169 17
9 7 61 5
9 9 61 11
3 3 421 21
3 3 1231 3
5 5 516 3
2 2 1172 1
0 0 583 12
5 5 1273 3
6 4 1273 3
6 6 1273 4
8 9 573 5
8 8 573 14
6 4 472 8
6 6 472 9
9 8 324 5
9 9 324 2
7 7 945 24
7 2 1404 7
7 7 1404 1
1 3 578 14
1 1 578 3
6 0 363 14
6 6 363 14
0 0 459 4
1 1 499 8
2 2 665 5
5 3 764 4
5 5 764 6
7 1 317 10
7 7 317 3
7 1 599 4
7 7 599 3
1 8 697 11
1 1 697 4
8 6 597 8
8 8 597 3
7 2 338 2
7 7 338 4
9 4 1053 8
9 9 1053 7
0 0 606 22
3 3 100 3
6 3 1264 11
6 6 1264 1
8 4 1263 8
8 8 1263 1
1 1 603 4
2 2 737 8
3 3 584 5
8 8 200 6
9 2 657 8
9 9 657 2
9 9 1316 3
8 3 331 8
8 8 331 6
2 2 656 1
6 4 1042 11
6 6 1042 1
8 8 973 2
6 5 168 5
6 6 168 6
7 7 314 3
9 6 47 2
9 9 47 9
9 9 1205 2
4 4 982 12
8 3 1031 2
8 8 1031 1
6 6 59 1
9 1 485 14
9 9 485 3
7 7 733 1
3 3 1210 17
8 1 272 5
8 8 272 5
3 3 109 22
4 4 434 1
6 5 897 13
6 6 897 12
9 9 777 6
2 3 1049 2
2 2 1049 2
1 7 1213 11
1 1 1213 1
4 4 244 13
6 6 784 2
8 3 207 8
8 8 207 10
9 8 369 1
9 9 369 4
0 0 1395 5
0 0 1208 2
8 7 265 2
8 8 265 7
8 8 1208 2
1 7 651 4
1 1 651 2
1 3 382 5
1 1 382 4
3 3 408 11
7 9 320 10
7 7 320 8
3 3 1252 10
1 6 1285 3
1 1 1285 5
4 4 108 25
6 5 1335 1
6 6 1335 1
8 7 722 12
8 8 722 1
0 0 1024 14
2 3 755 7
2 2 755 26
5 7 1125 10
5 5 1125 15
3 3 694 8
5 5 139 4
9 5 200 2
9 9 200 11
7 5 557 7
7 7 557 6
8 9 938 10
8 8 938 13
0 0 464 33
8 8 304 1
9 9 89 4
7 7 578 17
9 3 1191 7
9 9 1191 1
6 0 797 6
6 6 797 2
9 6 279 11
9 9 279 1
0 0 1128 10
1 4 1310 11
1 1 1310 2
8 4 1359 2
8 8 1359 2
3 3 997 17
8 8 729 2
1 9 17 2
1 1 17 12
6 2 1140 3
6 6 1140 2
8 3 680 8
8 8 680 2
8 7 253 2
8 8 253 1
9 9 644 3
2 2 455 7
3 3 377 6
4 4 137 1
9 9 1192 3
0 0 907 10
2 3 374 9
2 2 374 21
3 3 1296 16
7 7 438 12
8 3 569 14
8 8 569 1
8 8 21 2
1 4 106 2
1 1 106 19
4 4 660 1
4 4 225 7
0 0 787 16
5 5 159 2
4 4 1335 20
4 3 1050 8
4 4 1050 1
9 3 542 10
9 9 542 7
9 9 1233 3
8 2 397 11
8 8 397 3
8 1 1329 12
8 8 1329 4
1 5 527 14
1 1 527 1
1 2 1384 5
1 1 1384 4
6 2 1239 7
6 6 1239 1
3 3 617 4
3 3 775 7
9 5 146 2
9 9 146 3
1 1 694 1
8 3 955 12
8 8 955 5
0 0 310 3
0 0 1045 16
4 6 232 3
4 4 232 1
8 7 1381 3
8 8 1381 1
1 2 870 8
1 1 870 4
0 0 1002 16
8 4 1115 2
8 8 1115 10
6 0 570 3
6 6 570 2
9 9 441 2
9 7 76 5
9 9 76 13
6 2 1408 9
6 6 1408 2
5 5 595 1
7 7 420 2
9 1 989 8
9 9 989 1
9 0 1424 14
9 9 1424 1
4 9 610 1
4 4 610 7
6 6 1230 4
4 4 413 2
8 5 3 4
8 8 3 2
8 3 613 8
8 8 613 3
1 8 183 3
1 1 183 7
0 0 269 11
0 6 882 12
0 0 882 1
6 7 1113 2
6 6 1113 1
4 4 210 8
1 8 895 3
1 1 895 3
0 2 993 4
0 0 993 2
2 8 464 6
2 2 464 2
1 2 1027 9
1 1 1027 1
3 3 803 3
5 4 715 4
5 5 715 4
1 6 744 5
1 1 744 2
5 4 1403 2
5 5 1403 20
6 7 1403 2
6 6 1403 4
8 6 443 12
8 8 443 2
0 9 218 12
0 0 218 20
1 1 1402 2
4 4 754 11
4 4 388 24
6 0 863 11
6 6 863 12
8 3 1178 4
8 8 1178 5
1 4 1075 3
1 1 1075 1
3 3 1358 15
1 5 125 11
1 1 125 8
1 3 1259 14
1 1 1259 4
6 8 677 5
6 6 677 1
8 1 1106 14
8 8 1106 9
7 7 67 14
9 0 672 14
9 9 672 8
2 9 1333 12
2 2 1333 1
1 4 1028 8
1 1 1028 3
4 1 365 6
4 4 365 2
5 5 121 12
5 5 564 1
7 7 261 6
9 1 561 8
9 9 561 1
6 6 1394 9
6 3 8 7
6 6 8 4
1 6 943 12
1 1 943 5
5 5 550 13
6 8 1208 10
6 6 1208 4
6 7 411 11
6 6 411 8
9 2 856 10
9 9 856 8
9 9 1299 6
6 3 401 7
6 6 401 8
4 4 1135 16
6 6 298 10
9 7 22 11
9 9 22 6
8 0 593 2
8 8 593 3
7 8 981 1
7 7 981 9
8 4 486 3
8 8 486 3
2 2 1007 4
5 3 98 5
5 5 98 6
7 7 258 3
9 9 570 4
1 4 762 3
1 1 762 1
5 4 499 3
5 5 499 1
7 8 403 13
7 7 403 1
8 0 630 1
8 8 630 4
8 9 395 6
8 8 395 2
5 1 1059 6
5 5 1059 2
6 5 1203 10
6 6 1203 1
6 6 1284 2
6 1 841 9
6 6 841 3
9 2 142 12
9 9 142 3
3 3 1135 8
7 7 888 1
2 2 672 4
4 9 1110 6
4 4 1110 7
7 4 177 10
7 7 177 5
0 2 385 10
0 0 385 4
8 7 1143 13
8 8 1143 7
6 7 550 3
6 6 550 1
4 6 1253 2
4 4 1253 3
7 7 1112 3
1 3 166 7
1 1 166 9
5 5 1179 2
6 8 506 6
6 6 506 1
9 9 294 5
4
1 3 467
3 8 141
3 0 389
5 2 317
