10 4478
3 1 609 14
3 3 609 3
8 9 853 12
8 8 853 1
8 8 746 2
4 4 1307 13
7 3 25 12
7 7 25 7
6 7 167 1
6 6 167 5
4 9 203 14
4 4 203 5
5 6 195 3
5 5 195 4
4 4 1117 5
4 4 412 2
0 0 408 1
2 9 436 5
2 2 436 10
3 3 1234 11
5 8 559 12
5 5 559 16
7 7 831 6
1 1 756 2
4 6 583 8
4 4 583 9
3 6 473 10
3 3 473 4
9 9 994 20
7 7 1307 3
8 7 163 2
8 8 163 1
1 1 946 5
1 8 613 9
1 1 613 4
5 4 1045 12
5 5 1045 2
8 8 1287 2
6 9 827 10
6 6 827 4
8 8 38 2
2 2 787 6
5 5 528 1
5 5 204 3
6 6 202 4
8 7 181 7
8 8 181 2
0 2 964 6
0 0 964 2
4 2 1012 12
4 4 1012 5
6 4 528 12
6 6 528 1
8 8 463 1
8 8 1273 5
5 5 1106 2
1 1 176 8
2 5 875 8
2 2 875 1
8 8 1268 3
4 1 1402 11
4 4 1402 6
7 9 837 12
7 7 837 5
9 9 1137 4
5 3 691 12
5 5 691 2
2 0 209 13
2 2 209 15
6 0 745 3
6 6 745 1
5 9 383 5
5 5 383 14
8 9 45 8
8 8 45 1
9 2 1295 3
9 9 1295 5
4 0 876 13
4 4 876 3
5 0 640 10
5 5 640 5
5 0 1328 1
5 5 1328 9
8 8 1132 1
3 3 1216 5
5 7 529 11
5 5 529 12
7 7 760 9
2 2 1155 3
0 1 586 6
0 0 586 2
2 8 866 13
2 2 866 4
5 5 1270 5
8 8 560 1
7 4 1236 6
7 7 1236 7
0 4 1000 5
0 0 1000 4
1 0 908 7
1 1 908 3
2 9 1074 11
2 2 1074 12
0 8 761 12
0 0 761 2
4 2 708 14
4 4 708 2
1 8 1076 5
1 1 1076 10
0 5 803 9
0 0 803 3
2 2 494 1
4 8 1415 13
4 4 1415 1
7 0 608 3
7 7 608 1
6 9 580 6
6 6 580 9
1 1 686 2
0 0 1287 3
2 2 970 22
5 5 1337 1
8 6 1043 12
8 8 1043 5
8 8 936 3
8 7 389 9
8 8 389 1
4 4 454 5
5 5 464 1
7 7 955 4
1 1 584 1
1 4 1193 2
1 1 1193 3
3 3 134 1
4 8 24 3
4 4 24 6
3 2 1040 14
3 3 1040 9
5 5 353 5
6 0 369 5
6 6 369 1
7 7 968 5
9 9 1337 14
0 0 1391 1
5 4 1321 3
5 5 1321 3
1 8 1242 1
1 1 1242 1
8 9 213 7
8 8 213 2
2 0 130 6
2 2 130 1
5 5 754 5
8 8 170 5
1 1 679 5
0 0 1310 2
3 3 891 2
5 0 72 3
5 5 72 5
4 8 1216 2
4 4 1216 6
7 7 340 6
9 9 1051 3
2 2 1173 1
6 6 1278 4
8 9 1257 12
8 8 1257 4
3 3 1375 5
9 9 331 9
2 2 1201 10
1 4 926 11
1 1 926 2
1 1 849 6
3 6 143 7
3 3 143 1
3 3 1049 3
8 8 653 9
8 9 194 12
8 8 194 3
7 7 961 4
8 3 363 7
8 8 363 8
5 3 1156 14
5 5 1156 6
1 8 498 13
1 1 498 8
2 6 480 2
2 2 480 8
2 2 662 8
3 3 723 4
6 6 182 6
2 4 1130 10
2 2 1130 1
1 1 869 1
3 3 429 1
8 4 1025 13
8 8 1025 3
6 6 65 14
7 4 743 4
7 7 743 3
5 5 61 6
4 4 146 1
0 3 234 7
0 0 234 2
4 8 546 14
4 4 546 5
6 7 1265 13
6 6 1265 5
6 8 270 10
6 6 270 1
5 5 450 4
1 1 602 1
2 2 1213 1
6 6 470 4
4 6 14 9
4 4 14 7
5 7 152 8
5 5 152 13
6 7 355 8
6 6 355 2
1 1 1379 7
1 1 768 3
0 0 1405 3
0 8 1186 11
0 0 1186 5
1 6 1236 1
1 1 1236 6
6 2 1043 9
6 6 1043 4
7 4 128 3
7 7 128 8
7 8 243 10
7 7 243 16
2 2 1225 4
0 5 114 13
0 0 114 6
7 6 785 11
7 7 785 8
7 7 732 7
7 0 1195 4
7 7 1195 19
0 0 225 7
3 1 547 5
3 3 547 16
4 5 435 9
4 4 435 4
5 5 902 2
2 2 1046 3
1 1 6 11
4 6 1019 5
4 4 1019 3
2 9 761 8
2 2 761 9
5 5 961 2
5 5 129 2
7 7 104 2
0 9 783 5
0 0 783 2
2 2 616 9
5 7 1420 2
5 5 1420 3
3 3 705 2
8 8 266 6
6 6 796 3
1 2 650 8
1 1 650 1
1 1 381 3
2 2 357 7
2 2 942 10
5 5 1309 4
4 4 1213 3
7 7 323 1
9 9 928 12
2 2 1214 4
7 7 1184 7
7 9 353 4
7 7 353 2
8 8 104 4
7 6 1386 7
7 7 1386 5
5 5 1171 1
1 4 596 10
1 1 596 2
9 9 609 1
6 6 398 3
2 1 752 8
2 2 752 3
5 4 1124 3
5 5 1124 6
6 3 711 12
6 6 711 6
5 5 325 1
6 9 349 3
6 6 349 6
6 5 1396 10
6 6 1396 4
0 0 465 1
3 3 371 3
4 4 131 7
3 3 1181 10
4 3 1045 7
4 4 1045 12
2 2 1347 6
7 7 701 5
8 8 950 2
2 4 380 3
2 2 380 5
4 4 965 1
5 5 428 3
7 7 775 3
2 2 1145 10
4 4 1385 1
3 3 90 4
8 8 1392 1
5 5 904 2
1 1 1018 7
2 9 715 11
2 2 715 1
6 6 1241 3
8 9 681 11
8 8 681 3
0 0 424 3
4 9 815 3
4 4 815 2
2 5 49 11
2 2 49 1
8 6 18 1
8 8 18 6
4 3 138 6
4 4 138 3
5 5 735 8
9 4 398 4
9 9 398 7
7 7 239 1
0 0 71 4
4 6 631 3
4 4 631 2
8 8 1304 3
8 8 626 2
6 6 45 2
9 5 978 14
9 9 978 11
4 4 393 2
7 7 1174 10
3 9 67 3
3 3 67 1
8 8 1164 3
5 9 294 7
5 5 294 3
6 6 444 7
6 4 1094 2
6 6 1094 1
7 7 1368 15
5 1 1039 5
5 5 1039 6
1 6 1159 6
1 1 1159 17
3 8 1146 5
3 3 1146 2
4 4 1140 1
7 2 546 6
7 7 546 2
9 9 1351 8
0 0 431 1
0 0 1166 1
2 2 629 10
3 3 820 1
7 9 691 2
7 7 691 3
1 7 669 4
1 1 669 1
2 2 334 2
3 3 675 3
5 8 617 4
5 5 617 5
8 7 684 10
8 8 684 5
0 5 205 2
0 0 205 1
0 9 1127 10
0 0 1127 7
1 1 1391 4
3 3 543 4
5 5 303 15
4 3 1337 9
4 4 1337 8
7 7 63 17
7 0 906 7
7 7 906 1
0 0 14 5
0 1 673 6
0 0 673 1
6 7 19 13
6 6 19 2
1 3 1176 5
1 1 1176 4
3 9 217 5
3 3 217 19
6 4 1127 9
6 6 1127 1
3 3 1123 6
5 9 688 5
5 5 688 3
5 1 779 10
5 5 779 7
9 9 693 27
0 0 422 2
0 0 1360 1
4 4 376 7
5 6 118 1
5 5 118 8
4 0 1026 1
4 4 1026 5
7 3 278 2
7 7 278 6
4 4 464 1
7 7 680 4
8 1 1261 8
8 8 1261 5
6 7 500 2
6 6 500 6
4 9 613 6
4 4 613 2
6 6 1409 12
8 5 608 6
8 8 608 9
6 6 31 4
9 9 265 1
0 7 196 12
0 0 196 3
1 4 1376 10
1 1 1376 3
8 5 1348 3
8 8 1348 1
4 7 414 14
4 4 414 5
5 1 995 12
5 5 995 15
6 6 1331 9
7 1 1358 3
7 7 1358 8
1 1 432 16
0 3 696 9
0 0 696 8
4 5 208 5
4 4 208 6
5 3 884 7
5 5 884 1
7 8 528 14
7 7 528 2
2 8 465 12
2 2 465 8
3 3 367 3
5 5 127 2
9 9 417 1
7 7 673 2
2 2 594 1
0 2 44 14
0 0 44 9
0 0 913 2
2 2 320 8
6 8 1400 1
6 6 1400 3
3 0 1286 4
3 3 1286 4
6 6 22 1
9 1 371 1
9 9 371 7
1 1 195 1
3 3 525 3
8 1 835 14
8 8 835 1
2 2 527 5
6 5 818 2
6 6 818 4
0 4 261 6
0 0 261 4
0 6 842 1
0 0 842 8
5 8 1313 9
5 5 1313 8
3 3 666 9
8 8 816 9
7 5 521 7
7 7 521 7
0 0 436 1
3 4 1278 7
3 3 1278 8
7 8 211 14
7 7 211 4
4 0 619 9
4 4 619 5
3 3 485 3
3 8 952 5
3 3 952 1
8 8 622 2
6 4 9 14
6 6 9 3
7 7 405 2
9 9 196 10
0 0 365 2
1 1 196 1
2 6 823 14
2 2 823 2
4 4 762 2
6 6 1209 2
6 3 1282 8
6 6 1282 8
8 4 765 11
8 8 765 8
4 9 1302 13
4 4 1302 5
7 8 1264 9
7 7 1264 9
0 0 833 2
2 2 678 8
9 9 1085 12
6 5 299 4
6 6 299 12
7 2 518 9
7 7 518 1
0 8 20 5
0 0 20 7
0 0 395 4
0 6 1317 7
0 0 1317 6
2 2 1004 15
7 8 381 9
7 7 381 9
7 7 200 3
5 5 1168 3
0 1 58 13
0 0 58 1
1 4 172 12
1 1 172 3
2 2 927 6
7 7 402 3
6 1 917 14
6 6 917 5
0 0 356 9
4 4 841 1
3 3 164 3
6 2 1200 1
6 6 1200 3
4 4 395 3
5 4 834 2
5 5 834 2
8 5 57 4
8 8 57 18
0 1 856 9
0 0 856 2
0 0 653 1
8 5 1402 5
8 8 1402 5
3 3 648 3
3 3 1119 4
4 9 1111 11
4 4 1111 2
0 9 1168 9
0 0 1168 1
3 5 1006 13
3 3 1006 33
5 4 867 9
5 5 867 4
0 8 1340 2
0 0 1340 2
2 2 592 2
4 4 775 1
4 4 348 2
8 7 215 10
8 8 215 1
5 5 549 10
9 9 468 3
9 9 1269 3
1 1 754 2
2 9 918 3
2 2 918 1
3 4 1405 10
3 3 1405 1
8 8 81 2
7 5 395 4
7 7 395 3
1 1 952 4
4 4 173 8
8 6 854 12
8 8 854 12
7 7 24 1
2 0 1229 3
2 2 1229 5
1 8 809 4
1 1 809 11
0 8 863 11
0 0 863 7
1 1 71 6
8 4 1316 13
8 8 1316 2
5 4 872 11
5 5 872 11
0 0 409 2
1 5 110 2
1 1 110 5
2 2 555 2
8 8 1151 3
8 8 1073 8
7 7 830 1
7 7 1104 4
8 8 582 4
0 7 8 10
0 0 8 5
8 3 762 8
8 8 762 3
2 2 913 2
4 3 576 13
4 4 576 4
3 3 943 2
6 6 498 1
7 7 1249 4
1 9 945 13
1 1 945 1
0 0 748 9
0 4 1105 1
0 0 1105 5
6 3 1186 12
6 6 1186 14
3 2 1084 8
3 3 1084 2
7 0 17 2
7 7 17 1
9 5 254 11
9 9 254 11
1 1 137 2
1 1 88 2
2 9 70 12
2 2 70 15
3 3 758 2
5 7 849 14
5 5 849 8
4 0 1075 3
4 4 1075 10
0 0 400 2
0 0 1290 4
4 4 1096 7
2 0 546 13
2 2 546 6
6 3 529 1
6 6 529 1
7 7 360 3
9 9 921 6
7 1 175 1
7 7 175 3
3 3 1361 2
0 2 628 14
0 0 628 1
3 1 10 12
3 3 10 8
5 5 1351 5
6 6 1375 6
6 6 1393 3
8 4 836 5
8 8 836 1
5 2 382 6
5 5 382 1
8 8 46 11
7 3 14 10
7 7 14 3
7 0 981 2
7 7 981 4
2 2 1113 1
8 3 576 9
8 8 576 3
5 5 52 2
5 5 655 3
6 8 279 14
6 6 279 1
7 7 618 6
9 9 1183 12
1 1 1144 5
3 3 441 5
8 4 1133 6
8 8 1133 6
8 6 930 2
8 8 930 5
4 6 1235 6
4 4 1235 3
2 2 992 12
9 9 898 5
6 7 1295 6
6 6 1295 3
5 5 285 5
1 7 58 1
1 1 58 1
1 3 1318 9
1 1 1318 2
3 1 115 1
3 3 115 13
6 3 1366 6
6 6 1366 5
8 3 561 10
8 8 561 10
7 7 502 4
5 2 1031 3
5 5 1031 8
8 0 915 5
8 8 915 4
2 2 786 1
3 4 128 13
3 3 128 4
6 4 810 2
6 6 810 8
5 2 818 4
5 5 818 2
9 9 1335 1
2 2 1401 7
2 2 495 1
8 7 1413 9
8 8 1413 15
3 3 1211 2
4 4 1408 3
7 7 1070 5
0 6 979 8
0 0 979 2
3 3 446 22
4 4 1242 3
7 5 752 2
7 7 752 5
7 7 1215 6
1 3 734 9
1 1 734 8
2 1 305 8
2 2 305 1
4 0 906 5
4 4 906 5
3 3 898 8
5 5 479 4
6 6 487 3
6 4 1421 10
6 6 1421 3
9 9 788 24
9 9 1122 3
2 2 1034 6
4 4 716 2
8 8 647 6
9 6 1336 4
9 9 1336 1
2 8 1392 1
2 2 1392 4
0 3 827 11
0 0 827 5
0 0 1237 13
3 3 278 2
5 5 753 1
4 6 1423 4
4 4 1423 5
6 0 1382 9
6 6 1382 9
7 7 1063 7
0 4 101 13
0 0 101 1
0 4 938 10
0 0 938 5
1 1 1098 6
3 3 423 1
8 7 1051 6
8 8 1051 2
6 6 79 16
7 9 802 12
7 7 802 13
9 9 583 3
1 1 727 4
0 0 1422 1
3 3 573 8
5 1 836 2
5 5 836 9
5 5 472 1
8 5 116 10
8 8 116 9
7 7 1221 13
6 6 908 2
1 6 925 8
1 1 925 1
1 2 576 1
1 1 576 5
3 8 581 1
3 3 581 2
8 9 889 9
8 8 889 1
9 9 219 1
9 9 1313 2
6 3 1211 5
6 6 1211 9
0 0 1196 1
3 3 287 2
4 7 151 1
4 4 151 1
8 8 285 8
9 9 767 2
1 1 354 10
0 4 1302 5
0 0 1302 5
4 0 294 6
4 4 294 7
2 2 1259 2
1 1 1351 1
1 1 552 4
2 9 259 7
2 2 259 2
2 2 385 1
6 6 1270 1
8 8 550 4
4 3 1375 5
4 4 1375 8
7 7 477 2
7 8 936 14
7 7 936 4
9 9 1132 5
0 5 236 8
0 0 236 13
2 2 1052 2
4 0 690 3
4 4 690 1
6 6 1153 7
5 6 135 11
5 5 135 2
6 6 799 3
8 8 202 9
7 7 114 4
0 0 777 6
2 3 504 2
2 2 504 1
1 1 1067 1
4 6 833 2
4 4 833 2
3 3 1198 3
1 1 688 9
1 7 1092 12
1 1 1092 6
5 0 1299 14
5 5 1299 4
4 4 301 2
8 9 606 3
8 8 606 2
7 7 325 2
9 9 958 9
9 9 220 2
8 8 1053 1
5 5 95 1
1 6 175 4
1 1 175 1
2 2 839 9
4 4 444 3
5 2 901 4
5 5 901 1
4 7 599 10
4 4 599 1
0 0 300 5
4 5 246 8
4 4 246 9
6 6 717 7
8 5 700 1
8 8 700 11
8 8 241 6
2 2 878 13
2 8 1373 9
2 2 1373 1
0 4 768 7
0 0 768 1
1 1 1068 8
5 2 1419 14
5 5 1419 1
5 8 17 7
5 5 17 2
6 1 161 1
6 6 161 4
9 9 319 6
9 9 745 2
8 5 810 5
8 8 810 3
3 0 849 1
3 3 849 5
6 1 950 2
6 6 950 16
9 9 634 10
2 0 1143 3
2 2 1143 2
0 9 249 2
0 0 249 4
5 0 1410 12
5 5 1410 3
4 9 529 10
4 4 529 4
8 2 1354 13
8 8 1354 2
6 1 894 3
6 6 894 2
6 6 451 2
9 6 816 6
9 9 816 2
8 0 975 9
8 8 975 2
5 4 137 11
5 5 137 4
5 4 324 3
5 5 324 1
9 9 206 8
9 9 1364 6
0 0 466 6
0 6 1201 4
0 0 1201 3
3 3 370 1
6 6 599 4
8 8 306 4
9 9 388 10
9 9 95 15
7 2 700 12
7 7 700 1
4 8 966 7
4 4 966 3
3 3 854 9
5 5 427 1
4 4 1189 6
9 9 611 8
5 2 262 11
5 5 262 3
1 1 563 4
0 0 549 6
2 2 236 17
4 8 536 10
4 4 536 4
3 6 528 7
3 3 528 2
6 6 1324 5
0 2 314 14
0 0 314 11
0 6 724 14
0 0 724 12
2 1 712 6
2 2 712 2
6 3 1174 4
6 6 1174 4
5 8 242 14
5 5 242 2
9 4 247 12
9 9 247 4
7 5 548 1
7 7 548 6
8 3 881 12
8 8 881 8
2 7 1327 12
2 2 1327 8
1 1 1086 6
8 8 996 3
3 3 872 8
9 9 539 3
3 3 1343 3
8 9 1407 9
8 8 1407 2
2 2 1246 8
1 1 334 3
5 5 1203 5
3 9 863 8
3 3 863 9
8 8 392 7
7 7 432 4
9 9 977 1
3 3 37 6
0 4 572 10
0 0 572 14
2 2 231 2
2 6 848 4
2 2 848 1
7 7 449 6
7 7 908 3
0 0 13 1
2 2 1163 1
0 9 305 14
0 0 305 5
0 0 870 3
1 0 104 5
1 1 104 6
1 1 1158 1
3 0 678 10
3 3 678 21
6 7 694 7
6 6 694 13
4 1 1141 3
4 4 1141 1
5 5 769 10
0 7 1167 4
0 0 1167 1
2 2 952 2
4 4 948 9
8 3 1061 10
8 8 1061 2
4 4 1195 10
5 8 39 7
5 5 39 5
0 7 206 4
0 0 206 6
1 1 240 17
2 8 254 12
2 2 254 3
1 5 1390 5
1 1 1390 1
6 6 1237 1
3 9 981 8
3 3 981 14
8 8 713 3
5 5 1017 2
8 8 1176 1
0 5 893 11
0 0 893 18
1 1 97 3
2 7 730 2
2 2 730 1
9 9 692 1
9 9 1359 5
0 5 1004 9
0 0 1004 3
0 0 1361 7
2 4 0 9
2 2 0 5
4 4 812 1
7 7 220 5
9 9 517 22
6 4 328 4
6 6 328 17
0 7 1110 1
0 0 1110 6
8 8 438 4
7 7 877 6
7 0 1336 6
7 7 1336 3
7 9 1159 9
7 7 1159 12
2 2 1091 1
8 8 1382 3
8 3 1211 10
8 8 1211 2
1 1 1007 11
5 4 994 8
5 5 994 1
9 9 812 2
7 8 1353 3
7 7 1353 1
8 8 778 4
4 2 1147 8
4 4 1147 2
5 5 883 1
8 3 484 1
8 8 484 9
1 0 1025 6
1 1 1025 12
6 9 1144 3
6 6 1144 7
5 0 126 1
5 5 126 1
5 8 713 5
5 5 713 10
1 1 337 11
5 4 1401 10
5 5 1401 2
5 5 399 1
6 6 23 8
2 1 1114 10
2 2 1114 1
8 7 903 5
8 8 903 3
6 6 35 8
2 7 829 2
2 2 829 6
4 5 764 5
4 4 764 4
4 0 73 3
4 4 73 8
4 3 1320 3
4 4 1320 2
7 7 1350 3
2 9 1408 11
2 2 1408 1
1 7 392 9
1 1 392 2
1 6 115 5
1 1 115 1
6 6 1110 6
6 3 667 8
6 6 667 12
4 4 1122 5
5 1 892 3
5 5 892 4
7 7 189 3
0 0 19 1
0 0 437 3
1 1 313 11
1 6 1050 9
1 1 1050 14
8 3 1099 4
8 8 1099 2
7 7 210 1
8 8 977 2
1 7 743 14
1 1 743 11
8 9 986 8
8 8 986 10
5 5 1175 7
5 9 1378 9
5 5 1378 12
3 5 1294 12
3 3 1294 5
1 1 523 9
5 5 473 5
1 1 941 4
2 2 1109 2
0 2 536 6
0 0 536 9
7 2 1079 7
7 7 1079 25
8 0 1193 3
8 8 1193 1
6 6 852 10
6 4 604 4
6 6 604 1
1 1 116 11
3 8 536 14
3 3 536 4
6 6 1097 3
3 9 1113 5
3 3 1113 6
4 9 1129 12
4 4 1129 7
8 3 130 13
8 8 130 1
7 1 186 11
7 7 186 2
2 6 416 12
2 2 416 2
8 8 24 1
5 5 96 5
6 6 118 1
7 7 380 1
7 7 203 5
7 2 662 8
7 7 662 4
7 6 911 1
7 7 911 1
0 0 59 1
2 2 924 3
3 0 22 8
3 3 22 2
6 6 1204 1
5 5 497 2
9 7 291 2
9 9 291 8
9 6 1014 5
9 9 1014 21
7 7 1319 2
6 8 1164 11
6 6 1164 1
0 8 170 8
0 0 170 7
6 6 146 4
3 3 167 22
3 6 634 8
3 3 634 3
5 5 183 5
8 5 741 2
8 8 741 1
8 3 1195 14
8 8 1195 1
5 6 525 4
5 5 525 3
1 1 983 2
0 7 654 12
0 0 654 16
0 8 1267 1
0 0 1267 1
8 3 98 11
8 8 98 6
3 3 651 2
6 6 661 2
4 1 1104 3
4 4 1104 2
9 9 720 6
9 5 1387 7
9 9 1387 11
2 2 1285 13
1 1 1044 3
4 7 768 7
4 4 768 4
3 2 792 6
3 3 792 4
5 3 105 10
5 5 105 2
8 8 451 12
9 9 475 14
9 9 110 3
7 1 655 4
7 7 655 1
6 6 1007 1
2 2 919 5
8 2 1224 14
8 8 1224 6
8 3 541 2
8 8 541 1
5 3 949 4
5 5 949 5
1 5 959 2
1 1 959 1
4 5 38 14
4 4 38 8
6 7 765 4
6 6 765 9
8 2 748 4
8 8 748 2
4 4 1285 8
0 7 1226 8
0 0 1226 1
4 7 181 4
4 4 181 2
6 2 282 7
6 6 282 3
7 7 168 4
9 9 729 9
8 2 802 3
8 8 802 8
8 6 1063 9
8 8 1063 10
2 9 1308 8
2 2 1308 19
2 7 1023 11
2 2 1023 1
2 2 552 3
4 1 324 13
4 4 324 3
8 8 359 4
6 6 1360 6
1 1 570 3
5 5 488 4
2 5 293 8
2 2 293 1
1 7 1323 1
1 1 1323 10
5 5 1373 5
3 5 942 12
3 3 942 1
5 5 483 5
6 5 499 1
6 6 499 1
9 9 301 15
7 7 1301 2
3 3 84 6
1 4 635 5
1 1 635 4
1 1 46 7
3 3 149 15
8 9 1289 11
8 8 1289 11
6 6 756 3
8 8 40 1
1 1 1269 11
3 3 290 2
4 2 188 8
4 4 188 1
8 8 813 3
5 7 645 9
5 5 645 10
6 9 285 14
6 6 285 1
0 7 966 2
0 0 966 6
2 0 397 14
2 2 397 5
8 8 1127 5
3 2 1245 1
3 3 1245 1
8 4 497 4
8 8 497 1
7 7 363 10
7 0 822 11
7 7 822 2
2 8 1158 6
2 2 1158 5
0 6 629 11
0 0 629 1
5 6 1163 2
5 5 1163 4
5 5 492 5
6 6 490 4
9 9 342 4
1 1 905 3
1 5 39 5
1 1 39 3
1 1 1373 3
6 6 1178 6
8 8 837 10
6 2 389 13
6 6 389 1
5 6 174 4
5 5 174 7
1 0 1230 7
1 1 1230 6
8 1 211 11
8 8 211 2
5 5 857 10
2 2 1238 8
0 7 104 9
0 0 104 5
2 2 388 6
5 9 1342 9
5 5 1342 6
5 2 543 12
5 5 543 1
7 7 815 1
6 3 708 13
6 6 708 2
5 7 1211 10
5 5 1211 3
0 0 588 15
4 4 567 8
5 3 1359 4
5 5 1359 4
5 8 1172 2
5 5 1172 3
9 9 351 1
9 9 786 2
7 7 1291 6
9 2 1144 1
9 9 1144 3
2 0 1072 5
2 2 1072 1
0 7 763 8
0 0 763 1
2 2 402 8
4 4 710 2
8 3 1335 8
8 8 1335 2
5 8 358 14
5 5 358 2
8 9 305 12
8 8 305 1
7 7 973 2
2 2 642 16
3 3 743 2
5 5 60 1
5 5 759 5
6 6 271 2
8 0 272 14
8 8 272 7
1 6 684 10
1 1 684 2
1 8 279 6
1 1 279 2
8 0 85 12
8 8 85 3
5 5 77 14
8 8 511 13
7 8 1214 10
7 7 1214 1
1 5 733 2
1 1 733 1
0 3 1416 14
0 0 1416 6
2 9 891 12
2 2 891 1
8 5 1371 2
8 8 1371 3
5 5 478 1
4 4 1386 7
8 0 1168 9
8 8 1168 6
1 1 923 2
8 8 1342 6
5 8 367 4
5 5 367 1
6 6 375 1
1 1 820 3
0 0 1313 4
4 6 169 13
4 4 169 4
8 8 279 1
4 4 1416 7
9 9 757 9
7 5 241 11
7 7 241 2
0 0 102 2
1 5 1414 4
1 1 1414 15
6 6 437 7
3 3 893 5
6 6 1019 5
8 2 1101 8
8 8 1101 1
7 7 797 2
6 9 731 14
6 6 731 7
5 5 992 1
0 7 1423 3
0 0 1423 1
4 4 114 7
3 1 906 7
3 3 906 2
0 8 132 3
0 0 132 4
0 3 1086 5
0 0 1086 10
3 3 241 33
6 1 1167 13
6 6 1167 4
8 8 890 3
5 0 360 5
5 5 360 6
5 6 803 5
5 5 803 4
7 7 1422 4
0 0 462 3
0 0 1197 2
8 8 1322 13
8 7 554 1
8 8 554 1
9 4 766 8
9 9 766 1
9 5 1201 8
9 9 1201 4
0 5 125 6
0 0 125 2
1 3 353 9
1 1 353 1
4 4 1002 1
6 1 1010 8
6 6 1010 6
8 8 493 4
1 3 559 9
1 1 559 3
6 5 43 11
6 6 43 2
1 7 1288 3
1 1 1288 11
4 3 121 11
4 4 121 3
5 7 923 2
5 5 923 13
9 9 370 1
9 9 773 13
4 5 1149 2
4 4 1149 1
0 6 704 13
0 0 704 10
0 2 1077 14
0 0 1077 1
4 2 691 12
4 4 691 15
3 3 589 2
8 8 694 3
5 5 812 3
0 0 453 6
5 2 522 10
5 5 522 2
2 7 505 6
2 2 505 11
6 4 1041 3
6 6 1041 1
4 4 1057 2
9 9 409 8
0 2 953 5
0 0 953 2
2 2 542 1
8 8 404 8
7 9 324 1
7 7 324 1
9 9 1035 16
2 7 1125 1
2 2 1125 5
2 3 283 9
2 2 283 6
8 5 1057 7
8 8 1057 4
4 8 96 8
4 4 96 6
8 6 1177 1
8 8 1177 13
8 1 558 5
8 8 558 2
6 6 457 10
7 0 1391 13
7 7 1391 9
8 8 1393 8
5 5 143 2
5 1 346 2
5 5 346 3
5 5 789 9
7 9 106 7
7 7 106 7
0 0 769 4
2 1 496 12
2 2 496 7
5 3 1418 7
5 5 1418 1
3 4 707 12
3 3 707 14
6 5 605 6
6 6 605 9
7 0 1037 6
7 7 1037 1
6 9 569 1
6 6 569 1
0 4 75 6
0 0 75 1
0 1 944 7
0 0 944 9
3 3 413 10
3 9 848 10
3 3 848 1
5 5 417 3
3 6 970 8
3 3 970 5
8 3 1310 9
8 8 1310 6
5 5 660 2
0 0 559 5
4 5 420 11
4 4 420 3
4 6 1358 2
4 4 1358 1
7 7 921 4
6 7 530 4
6 6 530 5
4 7 706 13
4 4 706 2
0 0 873 13
0 0 1027 4
3 3 699 4
8 8 879 2
5 5 798 5
7 7 99 5
0 3 1357 4
0 0 1357 1
4 4 141 5
5 6 25 6
5 5 25 14
6 6 153 4
7 7 293 9
7 7 240 1
7 7 1034 3
1 1 641 5
1 1 372 3
8 1 589 6
8 8 589 5
7 7 442 5
7 7 769 2
9 9 610 1
1 1 562 1
1 8 1299 5
1 1 1299 4
4 3 419 11
4 4 419 1
9 9 357 13
4 2 884 8
4 4 884 1
1 1 22 2
2 2 156 14
4 4 229 3
5 2 241 12
5 5 241 1
1 1 823 13
9 9 246 1
3 3 1305 5
8 2 826 9
8 8 826 1
1 4 873 6
1 1 873 12
2 2 488 3
4 6 372 4
4 4 372 4
6 6 591 6
7 3 233 3
7 7 233 6
2 2 670 6
2 2 958 8
3 3 52 5
3 3 395 13
8 8 628 2
5 2 622 7
5 5 622 5
7 7 894 9
9 9 619 8
0 8 200 2
0 0 200 5
2 2 849 17
4 7 102 2
4 4 102 3
4 0 93 9
4 4 93 3
6 6 434 3
8 8 1175 1
5 0 1108 13
5 5 1108 5
4 6 236 7
4 4 236 5
3 3 1148 1
4 9 1142 8
4 4 1142 5
5 5 768 1
7 7 540 6
8 0 216 9
8 8 216 2
1 7 866 11
1 1 866 3
2 2 477 1
8 2 1232 4
8 8 1232 4
2 2 571 6
9 5 515 9
9 9 515 2
1 5 659 13
1 1 659 10
5 6 993 9
5 5 993 1
8 1 12 12
8 8 12 6
7 7 424 2
7 7 887 7
7 8 706 5
7 7 706 13
6 3 844 1
6 6 844 4
0 4 564 3
0 0 564 1
0 9 1145 6
0 0 1145 1
1 8 1389 3
1 1 1389 1
5 5 301 2
5 1 1016 2
5 5 1016 1
1 1 595 1
0 7 265 3
0 0 265 4
8 7 96 10
8 8 96 2
2 2 731 11
4 1 670 3
4 4 670 20
6 4 243 12
6 6 243 17
0 0 440 4
1 4 302 6
1 1 302 2
0 2 1159 14
0 0 1159 3
4 0 813 2
4 4 813 2
8 8 1118 9
3 6 1266 4
3 3 1266 5
9 9 113 1
9 9 1247 22
4 1 624 11
4 4 624 7
4 4 402 6
4 4 615 1
5 5 1407 3
7 7 1339 3
7 5 1158 10
7 7 1158 1
2 2 803 2
4 5 408 9
4 4 408 4
8 1 753 3
8 8 753 3
6 6 428 6
3 3 24 6
1 6 963 12
1 1 963 17
2 2 722 4
3 8 192 10
3 3 192 20
6 3 1116 7
6 6 1116 1
7 9 530 12
7 7 530 4
8 4 536 8
8 8 536 4
4 2 353 3
4 4 353 2
8 6 922 12
8 8 922 1
7 6 675 4
7 7 675 4
6 2 634 5
6 6 634 2
0 0 915 1
3 3 43 4
8 5 1236 11
8 8 1236 5
8 7 617 1
8 8 617 4
3 3 1254 7
2 8 1115 12
2 2 1115 1
6 6 1220 5
6 6 423 5
2 5 1409 9
2 2 1409 2
5 8 749 10
5 5 749 1
0 0 689 4
0 2 1254 7
0 0 1254 1
4 6 217 13
4 4 217 5
5 5 213 20
5 5 672 3
7 7 188 1
1 8 885 5
1 1 885 10
0 0 1312 1
8 3 281 6
8 8 281 1
1 7 1049 14
1 1 1049 1
6 2 124 13
6 6 124 19
9 9 424 17
2 2 1298 4
1 6 742 7
1 1 742 1
0 8 618 8
0 0 618 3
4 4 930 3
8 8 1243 14
5 0 503 6
5 5 503 2
7 7 407 2
7 9 1321 10
7 7 1321 3
0 9 367 3
0 0 367 1
0 3 758 2
0 0 758 3
0 5 1102 4
0 0 1102 3
8 5 1301 2
8 8 1301 1
4 0 398 10
4 4 398 1
4 9 1296 4
4 4 1296 1
9 9 861 4
8 4 959 2
8 8 959 5
0 0 286 2
0 8 835 2
0 0 835 1
0 6 648 13
0 0 648 2
2 2 676 2
3 7 1112 4
3 3 1112 1
8 9 131 5
8 8 131 3
7 1 512 11
7 7 512 6
0 8 683 11
0 0 683 2
2 0 599 10
2 2 599 1
8 3 1139 10
8 8 1139 12
5 6 111 7
5 5 111 1
4 4 1273 9
9 9 465 3
7 0 657 13
7 7 657 5
7 4 1116 1
7 7 1116 4
2 2 1198 3
0 0 60 8
0 6 609 8
0 0 609 2
2 9 336 4
2 2 336 5
4 5 937 10
4 4 937 8
8 8 1218 6
9 9 1416 3
3 3 1149 19
0 8 528 12
0 0 528 8
2 0 195 4
2 2 195 1
5 1 1056 12
5 5 1056 3
3 7 637 10
3 3 637 11
3 3 1072 11
8 8 742 4
6 6 401 6
0 0 858 2
0 3 1268 3
0 0 1268 15
2 2 703 7
5 7 199 4
5 5 199 5
5 5 658 2
7 5 178 5
7 7 178 7
7 6 869 2
7 7 869 1
1 1 839 3
0 0 1342 1
2 2 558 13
4 7 350 6
4 4 350 3
6 2 549 9
6 6 549 8
6 5 110 8
6 6 110 1
4 4 477 1
7 7 654 1
6 6 932 1
3 8 30 8
3 3 30 3
5 1 1363 10
5 5 1363 9
3 3 1407 18
8 5 83 12
8 8 83 2
9 9 299 2
0 8 162 8
0 0 162 1
0 1 1116 9
0 0 1116 3
2 2 775 10
6 5 754 14
6 6 754 2
5 0 266 3
5 5 266 8
5 8 965 14
5 5 965 18
9 9 847 2
0 4 221 8
0 0 221 1
5 5 614 3
1 7 402 7
1 1 402 14
0 2 1227 7
0 0 1227 5
6 6 1080 10
5 7 192 5
5 5 192 3
4 8 1429 1
4 4 1429 2
9 9 5 18
5 6 693 14
5 5 693 2
5 5 524 1
0 0 411 8
0 7 960 1
0 0 960 4
0 9 1333 2
0 0 1333 1
3 3 333 17
6 2 540 12
6 6 540 1
4 9 1263 9
4 4 1263 10
9 9 451 14
7 5 277 8
7 7 277 1
7 7 647 7
2 2 1164 1
5 1 1153 6
5 5 1153 3
4 9 927 1
4 4 927 3
4 4 468 6
3 3 1380 11
1 0 364 1
1 1 364 8
1 1 951 1
1 3 45 7
1 1 45 1
2 2 798 5
4 0 46 14
4 4 46 11
3 3 1086 5
4 3 1293 1
4 4 1293 3
5 8 821 4
5 5 821 13
3 3 760 10
3 3 1103 2
4 8 1095 7
4 4 1095 1
7 7 160 5
0 0 402 6
4 4 1230 2
1 1 1125 4
3 3 434 7
4 4 332 16
8 8 957 2
4 5 1238 1
4 4 1238 4
9 9 927 1
0 4 630 3
0 0 630 18
2 2 870 1
5 5 1162 1
8 5 247 9
8 8 247 2
6 4 1373 10
6 6 1373 2
8 8 524 12
0 9 741 6
0 0 741 7
2 9 172 5
2 2 172 19
2 5 793 5
2 2 793 5
3 6 592 11
3 3 592 17
9 6 166 7
9 9 166 11
0 0 815 12
1 7 87 12
1 1 87 1
1 1 1229 1
4 4 879 4
6 2 1066 7
6 6 1066 6
5 8 50 7
5 5 50 2
6 6 192 6
8 7 191 9
8 8 191 3
7 3 1075 11
7 7 1075 1
0 0 1283 4
1 6 1150 3
1 1 1150 2
4 9 1022 13
4 4 1022 4
5 6 67 12
5 5 67 5
4 9 1245 2
4 4 1245 2
7 8 355 4
7 7 355 1
7 7 757 3
2 2 1182 5
5 5 1267 3
4 4 474 3
6 6 482 1
7 7 496 6
7 7 959 2
9 9 1151 17
5 5 265 1
1 2 897 6
1 1 897 8
2 2 1073 1
0 4 764 8
0 0 764 1
0 0 1144 1
6 6 808 2
6 4 381 11
6 6 381 4
7 2 1 4
7 7 1 9
2 0 1399 9
2 2 1399 2
0 9 806 9
0 0 806 4
2 2 493 1
0 0 1232 5
8 3 164 3
8 8 164 6
4 4 854 8
3 4 742 11
3 3 742 1
3 3 1213 3
7 7 150 2
0 7 163 9
0 0 163 7
2 6 1254 11
2 2 1254 4
0 5 981 2
0 0 981 2
4 4 306 2
3 1 1226 3
3 3 1226 8
5 5 1064 9
4 9 575 8
4 4 575 1
3 5 613 9
3 3 613 11
0 0 339 8
5 5 936 5
9 9 327 4
1 6 603 12
1 1 603 5
8 9 750 7
8 8 750 3
4 9 718 2
4 4 718 1
5 6 366 7
5 5 366 1
7 8 965 12
7 7 965 3
3 3 280 3
6 6 617 17
6 6 178 1
7 6 143 14
7 7 143 2
9 9 756 1
7 7 1057 2
0 0 674 2
1 1 1413 1
3 3 425 4
4 2 313 7
4 4 313 1
8 8 594 12
0 6 53 11
0 0 53 1
7 2 337 4
7 7 337 1
2 0 1187 10
2 2 1187 3
0 4 603 14
0 0 603 1
0 0 1408 2
5 5 454 2
5 8 913 10
5 5 913 7
7 2 1400 11
7 7 1400 5
9 9 1129 3
0 3 714 7
0 0 714 3
5 5 1142 9
3 2 583 8
3 3 583 2
5 3 343 7
5 5 343 3
8 4 197 2
8 8 197 5
9 9 217 2
2 0 1353 8
2 2 1353 6
4 8 890 3
4 4 890 3
2 6 661 6
2 2 661 1
4 4 836 5
6 6 1055 1
7 4 1061 8
7 7 1061 2
7 1 1054 13
7 7 1054 3
6 9 642 2
6 6 642 5
0 0 109 5
5 6 666 13
5 5 666 6
3 3 770 8
2 3 516 6
2 2 516 11
3 3 430 4
6 5 280 10
6 6 280 2
8 8 1194 1
2 2 1131 4
2 2 257 2
4 4 557 3
8 1 1374 5
8 8 1374 8
4 2 439 7
4 4 439 1
6 4 898 8
6 6 898 7
8 8 125 1
7 7 479 2
9 9 772 1
8 8 973 2
1 4 916 14
1 1 916 7
0 0 1078 5
5 2 1151 12
5 5 1151 2
4 4 9 1
8 1 866 3
8 8 866 3
0 6 1158 5
0 0 1158 1
0 9 212 10
0 0 212 9
1 1 456 6
0 5 1392 14
0 0 1392 12
1 2 1065 3
1 1 1065 2
4 2 835 14
4 4 835 1
4 2 152 3
4 4 152 17
6 6 603 1
6 1 172 4
6 6 172 1
9 9 408 1
3 3 737 5
2 4 543 14
2 2 543 3
4 1 978 5
4 4 978 24
4 3 303 2
4 4 303 3
5 5 423 4
7 7 327 1
4 4 501 5
7 7 729 3
9 9 114 6
2 4 837 4
2 2 837 2
5 5 1239 1
8 7 1349 1
8 8 1349 1
5 5 456 5
5 8 899 2
5 5 899 2
9 9 378 7
7 5 931 5
7 7 931 5
1 4 1005 12
1 1 1005 2
1 1 592 3
0 6 1037 5
0 0 1037 6
8 8 1318 3
5 5 142 1
6 8 345 13
6 6 345 4
0 0 477 8
2 2 58 1
4 9 842 5
4 4 842 4
5 2 746 9
5 5 746 3
9 9 385 3
0 0 76 1
6 0 59 12
6 6 59 5
2 2 941 1
1 1 1107 16
5 5 1306 3
8 8 412 5
1 2 384 10
1 1 384 5
8 8 1401 1
6 0 1323 11
6 6 1323 1
4 3 1359 2
4 4 1359 5
3 3 845 2
7 6 1383 8
7 7 1383 1
4 7 1170 14
4 4 1170 3
2 3 719 8
2 2 719 2
4 4 255 4
3 3 1137 5
5 9 322 5
5 5 322 2
8 7 250 9
8 8 250 3
2 2 876 2
9 9 1370 17
8 8 825 1
0 9 1358 6
0 0 1358 2
2 2 53 3
4 2 920 7
4 4 920 7
4 1 817 3
4 4 817 3
6 6 1024 1
6 1 597 5
6 6 597 2
5 6 723 1
5 5 723 7
3 1 912 4
3 3 912 8
9 9 1195 6
8 7 1366 2
8 8 1366 5
8 8 1081 13
3 3 1327 16
8 1 387 5
8 8 387 2
7 7 719 10
3 3 109 6
1 0 228 6
1 1 228 12
4 5 87 9
4 4 87 6
6 1 1314 6
6 6 1314 9
8 3 733 4
8 8 733 8
5 5 1013 3
8 8 1174 1
1 1 21 1
2 0 710 7
2 2 710 2
5 1 1130 14
5 5 1130 4
3 3 505 1
3 1 1142 12
3 3 1142 4
6 8 774 8
6 6 774 1
8 8 225 1
7 4 91 14
7 7 91 8
9 9 648 18
0 0 1010 2
0 0 427 4
1 9 467 8
1 1 467 15
0 3 1162 6
0 0 1162 2
8 8 1105 3
5 5 732 3
9 9 70 7
7 7 1026 8
3 3 1425 5
0 0 911 1
5 3 1201 12
5 5 1201 2
4 9 975 3
4 4 975 3
6 4 991 11
6 6 991 11
1 1 673 6
7 7 1171 3
8 8 477 4
3 7 68 12
3 3 68 16
6 6 1232 5
4 0 427 5
4 4 427 2
8 8 25 2
6 6 746 3
0 1 685 1
0 0 685 2
4 5 656 6
4 4 656 2
8 9 339 7
8 8 339 12
8 2 1048 8
8 8 1048 3
7 7 80 11
7 9 985 4
7 7 985 7
1 1 865 1
0 3 1372 3
0 0 1372 15
0 5 1153 14
0 0 1153 5
5 5 627 7
7 7 346 7
7 7 225 2
7 0 684 5
7 7 684 2
5 8 1295 12
5 5 1295 1
4 4 633 3
3 3 838 7
4 8 1173 3
4 4 1173 4
1 1 767 1
3 3 1299 3
1 1 162 4
0 3 565 8
0 0 565 2
0 0 1146 1
5 8 1227 14
5 5 1227 10
6 7 1308 9
6 6 1308 4
6 6 865 1
7 6 903 12
7 7 903 1
4 7 957 2
4 4 957 4
8 2 351 6
8 8 351 7
0 2 676 10
0 0 676 4
2 8 111 14
2 2 111 17
8 2 773 13
8 8 773 5
4 1 1150 2
4 4 1150 20
4 8 865 1
4 4 865 8
0 2 1176 6
0 0 1176 1
8 0 297 3
8 8 297 8
0 6 40 3
0 0 40 4
4 4 608 1
5 4 1406 6
5 5 1406 1
3 4 847 7
3 3 847 1
8 4 572 8
8 8 572 4
0 0 199 1
0 3 524 1
0 0 524 4
4 1 759 9
4 4 759 2
8 2 1213 5
8 8 1213 1
8 6 7 1
8 8 7 5
7 5 1020 3
7 7 1020 6
7 3 1355 8
7 7 1355 3
0 9 886 1
0 0 886 3
6 8 1117 1
6 6 1117 10
3 3 1133 4
9 9 1398 18
0 0 432 4
8 2 1094 8
8 8 1094 5
8 8 923 3
8 8 464 1
7 4 215 9
7 7 215 2
7 7 1129 17
0 9 916 11
0 0 916 4
5 7 397 13
5 5 397 2
6 0 21 9
6 6 21 1
7 7 409 1
7 7 1278 13
6 3 1131 6
6 6 1131 2
5 6 257 14
5 5 257 5
0 0 222 1
1 1 192 3
0 6 1096 14
0 0 1096 6
2 8 827 5
2 2 827 2
3 2 965 5
3 3 965 5
8 9 761 11
8 8 761 1
4 7 1322 8
4 4 1322 2
2 2 745 7
1 1 987 18
1 5 398 2
1 1 398 4
0 0 1255 5
5 1 1102 2
5 5 1102 4
6 2 665 11
6 6 665 2
8 8 328 1
6 6 311 1
6 6 922 10
2 3 423 1
2 2 423 13
4 6 361 14
4 4 361 7
5 5 101 4
3 3 33 4
9 9 1331 4
9 9 565 5
7 9 1126 3
7 7 1126 3
8 1 579 5
8 8 579 3
8 2 1167 7
8 8 1167 1
6 1 12 9
6 6 12 7
7 2 861 9
7 7 861 2
5 5 252 2
9 1 273 5
9 9 273 18
1 2 931 10
1 1 931 10
2 1 201 4
2 2 201 7
3 3 511 4
5 2 1062 11
5 5 1062 2
8 0 1302 5
8 8 1302 2
4 4 399 3
4 4 1297 4
9 1 137 2
9 9 137 20
7 7 1010 10
6 2 1271 14
6 6 1271 7
0 0 836 4
4 5 1177 5
4 4 1177 12
3 3 305 2
4 1 193 3
4 4 193 4
6 5 656 4
6 6 656 5
5 5 680 8
0 5 1260 10
0 0 1260 7
8 1 373 2
8 8 373 9
1 1 304 9
2 2 446 19
5 8 1348 4
5 5 1348 3
3 3 350 6
5 7 110 4
5 5 110 1
7 7 197 3
7 9 656 11
7 7 656 1
8 1 41 1
8 8 41 4
2 6 1211 9
2 2 1211 2
1 3 161 3
1 1 161 1
5 9 1182 13
5 5 1182 9
3 3 495 10
4 4 148 3
7 9 506 11
7 7 506 5
1 1 623 2
1 8 1352 2
1 1 1352 6
4 3 57 5
4 4 57 1
5 4 181 2
5 5 181 2
5 5 256 1
7 0 1243 12
7 7 1243 6
9 9 837 10
9 9 1304 9
0 1 278 14
0 0 278 8
4 4 883 1
3 5 653 5
3 3 653 13
6 2 651 11
6 6 651 5
4 4 1106 5
9 9 726 3
1 1 838 1
0 2 1343 2
0 0 1343 1
6 6 111 7
7 9 194 2
7 7 194 3
7 8 1108 10
7 7 1108 3
5 7 1024 2
5 5 1024 2
8 1 759 8
8 8 759 2
1 0 759 10
1 1 759 1
4 8 580 14
4 4 580 2
3 3 468 5
3 5 1406 1
3 3 1406 1
5 5 947 2
7 9 851 10
7 7 851 10
7 6 1310 3
7 7 1310 7
7 7 1253 2
0 3 382 13
0 0 382 3
1 1 608 5
4 9 747 9
4 4 747 2
4 6 32 3
4 4 32 6
6 2 836 12
6 6 836 1
8 8 35 3
7 5 992 1
7 7 992 3
8 8 399 5
0 0 493 1
0 0 850 6
3 1 319 5
3 3 319 14
4 4 183 1
5 5 207 6
4 8 1113 2
4 4 1113 2
8 8 178 3
0 6 94 13
0 0 94 3
0 0 1334 6
1 0 1123 4
1 1 1123 1
6 0 541 8
6 6 541 8
7 4 339 9
7 7 339 1
7 8 646 7
7 7 646 1
8 7 876 7
8 8 876 3
2 7 1165 9
2 2 1165 8
0 0 688 1
1 5 1321 3
1 1 1321 2
3 3 477 8
6 6 1371 2
6 0 940 3
6 6 940 10
7 9 1303 1
7 7 1303 4
1 1 633 2
8 8 832 3
6 6 831 4
7 7 18 6
9 9 887 11
9 9 1290 5
0 0 670 3
3 3 292 9
6 6 1072 8
4 1 1088 10
4 4 1088 7
4 4 1329 8
8 4 1337 8
8 8 1337 5
5 5 505 15
0 0 984 1
4 0 1399 6
4 4 1399 3
1 1 1124 1
4 8 1371 11
4 4 1371 1
8 1 1409 4
8 8 1409 4
8 6 499 7
8 8 499 1
7 6 357 13
7 7 357 3
7 3 816 4
7 7 816 1
4 1 544 12
4 4 544 2
0 9 2 3
0 0 2 6
2 7 871 12
2 2 871 4
4 4 125 6
4 1 903 2
4 4 903 3
3 8 921 14
3 3 921 21
9 9 340 2
9 9 1141 3
6 8 905 3
6 6 905 3
1 1 911 1
0 7 177 12
0 0 177 10
1 8 37 3
1 1 37 1
0 0 1067 10
4 8 729 13
4 4 729 14
6 6 749 5
6 6 822 5
8 8 1356 3
7 7 943 10
1 2 483 5
1 1 483 5
2 2 92 9
3 0 301 13
3 3 301 2
3 9 736 2
3 3 736 1
6 8 636 11
6 6 636 3
4 2 1103 10
4 4 1103 1
4 0 1412 12
4 4 1412 3
7 8 152 7
7 7 152 8
7 4 615 4
7 7 615 3
0 0 650 3
6 8 222 14
6 6 222 8
2 2 386 2
1 5 1149 13
1 1 1149 1
4 4 308 5
8 8 506 2
9 9 903 18
5 5 1357 2
1 1 913 3
6 6 483 4
9 9 1150 1
0 0 136 12
0 6 765 10
0 0 765 3
2 7 785 8
2 2 785 1
6 6 392 4
6 0 1171 8
6 6 1171 1
3 5 1071 2
3 3 1071 1
6 6 370 3
7 7 975 6
8 4 1108 14
8 8 1108 6
2 3 1396 11
2 2 1396 3
5 0 541 14
5 5 541 1
3 3 274 4
3 5 745 14
3 3 745 13
6 3 1248 6
6 6 1248 12
4 6 1411 13
4 4 1411 1
7 7 145 5
3 3 1052 4
1 1 1104 3
0 0 97 1
0 0 1307 3
1 8 1411 2
1 1 1411 2
1 1 1142 2
8 8 481 3
4 4 21 2
8 2 586 9
8 8 586 3
1 9 723 6
1 1 723 4
5 5 1275 20
8 8 571 1
4 5 1364 8
4 4 1364 7
4 4 1139 1
1 4 55 2
1 1 55 1
2 1 191 1
2 2 191 4
4 4 719 10
8 8 236 5
6 6 373 2
2 2 1359 8
0 2 1192 6
0 0 1192 4
4 4 862 3
8 7 964 9
8 8 964 9
6 6 179 3
6 9 260 5
6 6 260 10
1 8 699 14
1 1 699 5
0 6 1298 3
0 0 1298 2
4 4 1005 7
4 7 314 13
4 4 314 10
6 6 1017 2
7 0 799 11
7 7 799 3
7 7 746 6
0 0 604 5
1 1 1333 18
4 1 551 11
4 4 551 1
4 8 124 6
4 4 124 1
3 6 908 14
3 3 908 4
3 1 1347 11
3 3 1347 8
7 2 481 14
7 7 481 15
9 9 770 2
1 8 581 8
1 1 581 3
8 8 1359 1
6 6 1165 2
6 3 795 1
6 6 795 1
7 5 118 11
7 7 118 5
5 8 318 10
5 5 318 1
1 8 771 14
1 1 771 18
0 9 1199 6
0 0 1199 2
2 2 658 3
5 5 1414 4
3 3 727 9
5 5 44 4
8 8 256 10
7 5 312 10
7 7 312 11
7 2 594 4
7 7 594 2
0 2 127 4
0 0 127 1
2 4 367 9
2 2 367 1
8 3 1300 5
8 8 1300 1
6 6 1008 1
5 5 520 2
7 7 739 2
5 3 281 8
5 5 281 4
1 5 144 7
1 1 144 7
4 4 776 3
5 5 921 1
6 2 1032 14
6 6 1032 9
0 4 296 5
0 0 296 4
4 7 10 14
4 4 10 4
6 6 359 10
6 1 740 14
6 6 740 5
7 2 824 1
7 7 824 4
5 3 695 4
5 5 695 6
2 2 1345 2
0 1 722 5
0 0 722 2
2 2 503 1
1 3 1064 8
1 1 1064 1
5 9 1423 14
5 5 1423 4
6 5 1047 2
6 6 1047 8
4 8 1059 14
4 4 1059 7
9 9 82 13
6 5 1009 1
6 6 1009 1
9 2 865 13
9 9 865 6
0 4 955 6
0 0 955 5
5 7 1296 11
5 5 1296 3
6 0 1140 4
6 6 1140 4
3 7 1312 7
3 3 1312 1
8 3 795 9
8 8 795 7
7 5 781 8
7 7 781 4
7 8 1191 3
7 7 1191 2
8 2 784 3
8 8 784 1
5 0 335 4
5 5 335 8
4 4 533 3
6 6 1260 5
4 4 447 7
4 2 1345 2
4 4 1345 13
7 7 471 6
9 9 644 2
0 9 148 9
0 0 148 10
5 6 594 5
5 5 594 11
6 2 1151 13
6 6 1151 2
8 8 874 2
6 9 1172 11
6 6 1172 2
1 1 448 8
2 7 59 4
2 2 59 11
5 5 1372 1
4 6 1066 14
4 4 1066 3
7 9 302 14
7 7 302 8
8 6 160 12
8 8 160 3
0 8 77 4
0 0 77 15
2 6 353 6
2 2 353 3
4 6 279 7
4 4 279 15
5 5 431 3
5 5 634 6
7 7 447 2
7 1 778 12
7 7 778 3
5 5 701 12
6 7 206 2
6 6 206 16
0 7 545 9
0 0 545 4
8 1 1154 4
8 8 1154 2
5 3 1247 14
5 5 1247 20
4 8 105 11
4 4 105 2
3 2 995 9
3 3 995 11
8 6 108 2
8 8 108 6
9 9 354 3
5 5 461 3
0 1 294 10
0 0 294 2
2 2 131 6
2 8 716 13
2 2 716 3
8 8 785 10
6 6 780 13
9 3 646 5
9 9 646 2
2 2 805 2
1 1 790 4
0 3 1204 7
0 0 1204 16
2 2 639 2
6 6 1025 5
7 1 697 1
7 7 697 3
8 1 5 1
8 8 5 2
2 2 598 1
0 5 68 9
0 0 68 3
2 8 933 3
2 2 933 6
3 3 388 7
6 6 1424 3
5 5 611 3
7 7 436 2
7 7 771 1
6 1 557 13
6 6 557 12
5 7 1240 9
5 5 1240 6
6 0 1184 7
6 6 1184 2
4 9 429 12
4 4 429 1
2 9 966 9
2 2 966 4
7 7 912 9
2 2 154 1
1 1 1154 4
3 1 239 1
3 3 239 2
8 9 1054 13
8 8 1054 3
0 0 1032 5
6 6 775 5
8 8 226 10
0 6 785 14
0 0 785 10
5 8 0 1
5 5 0 8
6 6 150 3
7 7 284 9
7 7 694 3
0 0 1121 6
5 5 1200 1
4 4 261 6
8 6 630 6
8 8 630 8
1 1 760 7
8 5 625 2
8 8 625 1
8 3 89 5
8 8 89 7
8 8 390 1
1 3 1386 5
1 1 1386 3
5 5 290 4
4 0 595 9
4 4 595 4
0 0 889 2
0 0 1043 10
3 3 212 5
4 5 1136 6
4 4 1136 3
6 5 323 2
6 6 323 5
9 9 688 4
2 2 1174 1
0 0 419 1
1 8 299 7
1 1 299 3
2 3 625 1
2 2 625 3
3 6 824 7
3 3 824 14
4 4 189 4
4 8 1031 6
4 4 1031 7
9 9 443 6
2 2 1102 7
7 7 1146 12
2 2 1236 1
1 1 324 10
5 4 1209 2
5 5 1209 2
6 1 983 4
6 6 983 4
7 7 426 2
1 7 514 4
1 1 514 9
2 2 253 1
6 6 474 1
3 8 515 9
3 3 515 7
8 0 716 8
8 8 716 2
8 8 1 4
7 7 59 4
1 1 1180 13
4 3 664 2
4 4 664 4
7 7 535 5
2 2 1068 4
0 6 1007 10
0 0 1007 3
0 0 1177 1
1 9 1037 14
1 1 1037 7
3 3 362 3
3 5 801 9
3 3 801 3
5 7 114 9
5 5 114 4
4 4 1038 6
7 2 217 14
7 7 217 3
2 1 394 8
2 2 394 3
4 9 609 2
4 4 609 2
8 6 1307 5
8 8 1307 3
4 4 267 2
5 2 606 10
5 5 606 3
7 3 1123 10
7 7 1123 3
1 9 206 8
1 1 206 16
8 3 1385 12
8 8 1385 1
8 1 1214 4
8 8 1214 4
4 9 1324 13
4 4 1324 5
9 9 849 9
7 7 1354 1
6 6 535 5
1 3 127 7
1 1 127 10
5 8 1092 10
5 5 1092 7
6 6 679 15
8 2 151 3
8 8 151 8
7 1 817 6
7 7 817 1
2 2 1335 10
0 7 998 12
0 0 998 2
0 5 1323 14
0 0 1323 6
2 8 22 13
2 2 22 17
5 7 811 8
5 5 811 1
4 0 355 1
4 4 355 2
8 8 465 2
9 9 120 16
2 7 1190 5
2 2 1190 8
2 2 905 8
4 1 616 1
4 4 616 1
4 3 933 12
4 4 933 1
3 3 1290 2
7 7 1330 6
7 0 1273 10
7 7 1273 5
0 0 223 1
1 3 77 13
1 1 77 10
5 2 1084 9
5 5 1084 8
4 2 385 1
4 4 385 2
6 6 848 4
7 3 41 2
7 7 41 18
9 9 858 3
7 9 1347 12
7 7 1347 2
1 4 397 2
1 1 397 1
4 6 654 9
4 4 654 2
6 2 1109 2
6 6 1109 1
8 9 329 13
8 8 329 3
9 9 683 5
8 8 372 1
2 5 602 3
2 2 602 14
8 8 1102 3
3 2 1250 9
3 3 1250 4
5 9 575 8
5 5 575 19
8 5 1271 4
8 8 1271 2
7 7 666 7
7 8 1121 11
7 7 1121 2
6 8 934 7
6 6 934 5
3 5 283 7
3 3 283 4
3 9 18 5
3 3 18 4
8 8 423 15
7 7 401 1
2 6 835 13
2 2 835 2
1 9 930 10
1 1 930 1
4 9 1085 12
4 4 1085 3
2 3 198 14
2 2 198 3
1 4 1398 10
1 1 1398 13
5 5 1061 1
3 3 630 3
4 7 392 13
4 4 392 1
6 6 843 1
9 9 136 1
4 1 827 12
4 4 827 6
4 7 885 2
4 4 885 5
6 3 1100 5
6 6 1100 1
8 8 827 1
3 8 821 8
3 3 821 3
7 5 1255 12
7 7 1255 2
5 4 845 1
5 5 845 1
7 7 925 6
0 0 399 1
0 2 1012 7
0 0 1012 12
4 8 772 6
4 4 772 2
8 0 906 14
8 8 906 2
9 9 471 4
9 9 573 10
1 3 38 10
1 1 38 1
0 0 611 2
4 4 606 2
3 5 1400 14
3 3 1400 5
7 2 398 4
7 7 398 3
0 8 120 14
0 0 120 5
1 3 1372 1
1 1 1372 1
1 0 1359 1
1 1 1359 2
4 3 749 9
4 4 749 1
4 4 58 6
7 9 373 12
7 7 373 1
6 6 407 9
9 9 177 19
7 5 192 12
7 7 192 2
1 1 980 3
0 7 860 3
0 0 860 1
1 1 66 5
3 3 424 1
6 5 1095 4
6 6 1095 2
3 3 1091 12
8 7 140 5
8 8 140 3
7 7 172 3
1 2 670 8
1 1 670 3
6 6 469 1
1 9 1129 3
1 1 1129 13
2 2 1411 22
7 4 374 13
7 7 374 2
7 7 1111 5
3 3 236 2
8 6 999 8
8 8 999 7
1 9 758 12
1 1 758 1
2 3 297 6
2 2 297 8
4 1 1393 2
4 4 1393 4
5 6 752 7
5 5 752 1
8 5 1009 8
8 8 1009 16
1 4 956 9
1 1 956 3
1 1 42 3
2 6 773 7
2 2 773 2
5 5 1047 2
3 0 612 10
3 3 612 1
3 3 1083 1
6 6 837 3
5 9 963 14
5 5 963 2
7 8 995 11
7 7 995 15
3 3 1105 6
0 0 494 1
1 6 1265 13
1 1 1265 4
8 8 1428 2
8 2 382 3
8 8 382 5
7 7 165 3
7 7 624 22
1 0 862 8
1 1 862 3
1 4 257 4
1 1 257 21
4 4 327 5
8 8 952 5
6 9 103 10
6 6 103 4
9 9 449 2
6 1 639 2
6 6 639 1
1 1 1320 1
5 5 1167 1
8 9 1266 6
8 8 1266 2
6 9 1351 8
6 6 1351 9
8 8 546 4
0 0 374 6
0 4 187 2
0 0 187 9
0 7 736 10
0 0 736 1
1 1 1369 3
3 6 1056 3
3 3 1056 8
8 8 662 8
6 1 385 4
6 6 385 4
9 9 886 1
7 1 940 6
7 7 940 2
1 7 806 9
1 1 806 3
0 0 810 5
0 6 1220 12
0 0 1220 1
3 6 1201 8
3 3 1201 8
7 6 1076 14
7 7 1076 3
1 4 855 7
1 1 855 7
0 8 985 11
0 0 985 13
0 2 1294 14
0 0 1294 4
8 5 1196 4
8 8 1196 1
7 3 1038 11
7 7 1038 16
3 6 1246 14
3 3 1246 4
4 3 1232 2
4 4 1232 3
7 7 356 1
7 7 819 3
1 4 704 2
1 1 704 14
1 1 139 5
3 3 920 1
3 3 1391 6
4 4 1383 2
2 2 1024 10
6 8 119 12
6 6 119 1
0 0 333 5
1 1 625 8
2 4 170 3
2 2 170 2
5 5 1049 7
4 4 23 1
6 8 738 8
6 6 738 2
6 7 376 4
6 6 376 5
7 7 10 4
6 6 230 13
3 3 1221 5
1 3 482 13
1 1 482 1
5 3 542 1
5 5 542 1
4 9 873 13
4 4 873 3
5 2 48 5
5 5 48 2
6 6 198 4
9 9 53 13
8 5 498 1
8 8 498 1
8 8 689 5
2 2 1261 24
0 3 976 3
0 0 976 3
3 6 880 5
3 3 880 11
4 7 1247 6
4 4 1247 16
2 2 306 6
4 2 911 7
4 4 911 6
5 2 941 11
5 5 941 6
9 9 418 6
7 0 953 2
7 7 953 2
3 3 132 2
4 4 30 2
8 3 847 7
8 8 847 6
8 8 1241 2
1 3 731 11
1 1 731 2
0 0 499 1
2 7 491 5
2 2 491 2
2 5 641 14
2 2 641 1
5 7 1427 10
6 6 1059 7
6 6 866 5
4 4 560 7
0 5 98 9
0 0 98 3
0 0 983 1
2 8 410 13
2 2 410 6
4 0 1428 10
4 4 1428 1
8 8 941 9
4 6 1222 3
4 4 1222 8
9 9 500 9
8 3 1278 14
8 8 1278 9
0 3 1135 13
0 0 1135 9
2 4 1175 14
2 2 1175 7
3 4 563 12
3 3 563 5
3 3 1373 2
6 6 475 7
9 9 325 2
7 5 1405 2
7 7 1405 17
5 2 1246 12
5 5 1246 1
0 7 347 13
0 0 347 9
0 0 128 4
0 4 757 5
0 0 757 1
1 6 1196 9
1 1 1196 22
4 4 712 4
6 6 1163 1
5 3 145 4
5 5 145 6
5 9 807 5
5 5 807 3
9 9 214 3
7 7 1426 11
8 2 728 3
8 8 728 1
1 1 508 6
6 6 455 2
3 3 721 2
8 8 1115 1
8 1 175 9
8 8 175 3
7 9 596 14
7 7 596 12
7 0 1059 8
7 7 1059 2
8 2 912 12
8 8 912 3
5 1 1081 5
5 5 1081 3
1 1 698 1
8 8 293 4
3 3 626 1
9 9 509 6
7 2 741 4
7 7 741 2
9 5 1054 7
9 9 1054 13
0 9 232 14
0 0 232 2
0 0 1410 6
3 9 101 13
3 3 101 8
3 3 568 3
3 8 1346 13
3 3 1346 1
4 6 1372 3
4 4 1372 3
8 2 500 3
8 8 500 6
9 9 769 1
0 9 338 13
0 0 338 1
3 3 585 4
8 8 893 8
7 7 113 1
8 6 642 7
8 8 642 5
5 5 1303 1
5 4 1413 3
5 5 1413 1
4 6 147 6
4 4 147 1
6 1 614 11
6 6 614 1
9 9 405 3
0 8 933 8
0 0 933 5
2 2 364 3
8 2 1030 10
8 8 1030 6
5 5 444 6
6 6 58 1
7 0 328 5
7 7 328 9
7 2 1193 5
7 7 1193 2
5 5 1191 9
1 1 556 3
1 2 151 5
1 1 151 10
5 5 1394 1
6 6 896 2
5 5 920 1
1 1 1251 2
0 0 158 4
1 9 0 1
1 1 0 6
2 5 142 1
2 2 142 5
5 5 131 4
8 4 697 13
8 8 697 3
7 7 420 1
9 9 667 16
7 7 883 4
0 0 472 5
1 1 462 5
0 0 1387 4
0 0 1191 1
3 3 1170 8
6 8 1381 12
6 6 1381 1
7 4 586 7
7 7 586 8
8 1 1362 7
8 8 1362 4
5 5 1023 1
1 0 1429 5
8 8 1037 6
0 0 555 4
0 0 1424 10
1 0 1286 8
1 1 1286 2
5 1 1237 14
5 5 1237 2
4 4 440 4
5 6 897 11
5 5 897 2
4 8 668 12
4 4 668 2
7 1 1384 7
7 7 1384 2
8 8 542 4
0 3 288 2
0 0 288 6
1 5 598 13
1 1 598 4
6 6 1128 3
2 2 137 5
8 0 126 2
8 8 126 4
8 2 249 12
8 8 249 1
6 3 1030 9
6 6 1030 2
5 3 786 10
5 5 786 3
4 4 224 1
2 6 56 2
2 2 56 2
4 7 820 10
4 4 820 1
6 0 165 12
6 6 165 2
6 4 763 5
6 6 763 2
2 2 1086 5
8 8 718 10
2 2 939 2
2 2 532 10
5 2 1304 4
5 5 1304 2
4 2 1210 3
4 4 1210 1
7 0 773 4
7 7 773 2
6 1 1133 9
6 6 1133 7
1 1 278 1
0 2 253 9
0 0 253 8
2 2 273 6
4 4 541 3
4 4 423 4
5 4 319 13
5 5 319 1
5 7 906 6
5 5 906 7
0 7 721 8
0 0 721 1
2 9 128 8
2 2 128 2
5 5 1135 4
5 2 320 14
5 5 320 2
7 7 555 31
8 9 939 1
8 8 939 2
1 1 789 1
0 2 795 8
0 0 795 1
0 5 1344 13
0 0 1344 7
3 3 374 3
3 4 591 9
3 3 591 1
8 3 310 9
8 8 310 18
1 7 646 11
1 1 646 4
2 7 377 4
2 2 377 3
3 3 48 3
5 5 810 1
8 8 624 1
6 6 47 11
9 9 940 18
0 1 623 10
0 0 623 5
1 9 567 6
1 1 567 3
0 7 1134 12
0 0 1134 1
5 2 1223 2
5 5 1223 4
4 4 81 6
4 1 430 2
4 4 430 5
6 6 885 9
5 6 1011 14
5 5 1011 2
1 5 416 7
1 1 416 16
0 1 680 8
0 0 680 3
0 3 1053 3
0 0 1053 14
3 8 238 3
3 3 238 1
6 7 312 13
6 6 312 11
5 5 254 2
9 9 251 3
8 3 29 4
8 8 29 4
0 8 1351 1
0 0 1351 6
0 4 1164 6
0 0 1164 2
5 7 730 9
5 5 730 2
9 9 316 1
9 9 68 2
6 0 647 6
6 6 647 2
0 1 92 5
0 0 92 1
2 2 368 1
3 0 57 3
3 3 57 5
4 7 969 6
4 4 969 1
8 6 183 9
8 8 183 8
3 1 1302 1
3 3 1302 3
7 7 428 4
6 6 912 3
5 5 743 3
4 6 515 14
4 4 515 7
6 7 1238 5
6 6 1238 3
8 8 27 2
0 0 444 9
7 2 904 9
7 7 904 2
7 1 1367 2
7 7 1367 1
6 6 173 5
0 9 687 1
0 0 687 1
4 8 658 4
4 4 658 6
6 8 1312 6
6 6 1312 1
3 3 1168 2
0 0 420 2
1 2 298 14
1 1 298 1
2 2 5 17
3 6 356 1
3 3 356 6
8 9 1114 5
8 8 1114 1
5 0 8 5
5 5 8 6
7 4 227 14
7 7 227 6
7 8 686 3
7 7 686 5
8 3 1116 3
8 8 1116 2
8 7 919 6
8 8 919 3
2 1 1237 6
2 2 1237 1
0 0 920 1
3 3 62 5
5 5 1395 6
4 8 269 10
4 4 269 10
5 2 1356 3
5 5 1356 1
7 7 421 3
2 2 1092 1
0 1 567 6
0 0 567 5
2 7 807 12
2 2 807 15
4 7 522 13
4 4 522 7
4 8 71 12
4 4 71 2
6 5 1298 11
6 6 1298 3
5 2 298 8
5 5 298 3
9 9 815 1
3 3 1355 6
5 5 91 4
2 5 726 6
2 2 726 4
4 0 214 9
4 4 214 1
7 5 534 8
7 7 534 1
3 3 1039 1
0 5 1178 13
0 0 1178 1
3 2 365 3
3 3 365 2
4 6 357 12
4 4 357 1
3 3 1271 5
8 5 1036 11
8 8 1036 1
7 9 679 4
7 7 679 1
1 1 348 5
3 3 506 5
4 4 500 1
6 6 975 3
5 5 605 1
9 9 967 8
5 3 1338 8
5 5 1338 4
6 8 188 14
6 6 188 2
1 1 205 1
4 7 753 7
4 4 753 6
8 0 1386 1
8 8 1386 6
6 6 1301 7
6 1 862 8
6 6 862 1
9 9 157 9
7 3 1349 6
7 7 1349 1
6 6 1225 7
1 9 960 7
1 1 960 3
0 9 840 7
0 0 840 2
0 7 1250 7
0 0 1250 4
2 9 721 8
2 2 721 1
4 4 640 1
5 5 233 8
4 4 1127 2
8 8 371 1
1 1 292 6
5 5 1026 5
0 5 1169 6
0 0 1169 7
3 9 1276 14
3 3 1276 2
6 6 120 4
4 4 617 2
4 7 934 9
4 4 934 3
6 0 966 6
6 6 966 9
8 8 417 6
7 0 870 3
7 7 870 7
8 8 280 1
2 2 825 2
3 0 189 11
3 3 189 3
3 9 624 3
3 3 624 2
8 1 1190 6
8 8 1190 2
5 5 983 2
7 9 40 13
7 7 40 1
6 2 1329 6
6 6 1329 2
1 1 985 2
8 8 159 1
7 7 185 1
1 1 842 7
7 7 259 9
6 4 1290 7
6 6 1290 5
7 6 1120 8
7 7 1120 1
6 3 863 9
6 6 863 2
0 9 56 10
0 0 56 2
0 3 621 9
0 0 621 1
4 2 592 2
4 4 592 1
5 2 1390 11
5 5 1390 4
4 4 506 9
5 5 500 3
9 0 318 7
9 9 318 1
7 7 863 6
9 9 1119 3
8 7 909 12
8 8 909 3
1 1 929 1
1 4 532 9
1 1 532 20
4 6 743 13
4 4 743 4
3 5 633 1
3 3 633 1
8 8 1197 14
6 6 840 3
7 1 33 13
7 7 33 7
1 0 389 11
1 1 389 3
4 0 1004 6
4 4 1004 1
3 3 804 16
3 6 307 4
3 3 307 12
6 8 1101 4
6 6 1101 8
8 1 828 14
8 8 828 1
5 0 662 12
5 5 662 4
8 8 134 1
6 8 1016 14
6 6 1016 1
1 8 1047 6
1 1 1047 2
4 4 241 2
5 5 108 2
7 7 376 4
5 6 141 5
5 5 141 1
4 1 636 3
4 4 636 4
6 4 1391 11
6 6 1391 2
6 0 5 9
6 6 5 3
2 2 686 17
5 5 400 17
1 6 1358 13
1 1 1358 1
4 5 750 3
4 4 750 3
6 6 1205 4
6 5 835 14
6 6 835 1
5 2 985 7
5 5 985 7
4 0 1282 5
4 4 1282 3
0 0 488 5
0 6 861 4
0 0 861 2
4 5 893 9
4 4 893 10
6 6 649 2
4 4 1116 1
9 9 1 4
8 8 540 1
1 2 836 3
1 1 836 2
0 0 972 4
0 6 1329 11
0 0 1329 4
4 9 1397 1
4 4 1397 2
2 9 557 8
2 2 557 1
2 2 262 4
3 3 796 5
5 4 544 8
5 5 544 5
7 0 828 8
7 7 828 2
9 9 1272 18
0 5 54 2
0 0 54 2
1 1 184 8
2 2 294 3
2 3 915 5
2 2 915 3
4 4 582 1
4 4 488 12
6 1 939 2
6 6 939 1
6 5 508 12
6 6 508 20
7 4 390 3
7 7 390 2
9 9 1097 21
8 2 282 12
8 8 282 3
0 5 368 7
0 0 368 6
0 2 1119 12
0 0 1119 2
2 2 770 3
3 3 144 5
5 6 188 14
5 5 188 4
5 5 375 7
0 0 495 4
1 2 90 2
1 1 90 7
1 0 1264 4
1 1 1264 1
3 3 289 1
6 6 640 2
4 7 1115 14
4 4 1115 1
6 6 286 13
9 9 1168 9
8 1 1350 1
8 8 1350 2
2 2 155 1
2 2 1019 4
4 2 779 7
4 4 779 22
6 0 100 2
6 6 100 3
3 3 530 6
8 9 1360 10
8 8 1360 2
1 1 718 5
2 1 289 10
2 2 289 4
5 5 954 7
7 7 511 1
7 6 842 10
7 7 842 9
7 3 1297 2
7 7 1297 4
1 3 639 9
1 1 639 2
0 6 737 9
0 0 737 4
2 2 208 1
5 2 165 7
5 5 165 9
5 0 368 12
5 5 368 7
6 6 390 2
4 4 199 4
1 0 488 12
1 1 488 10
0 0 1221 5
4 4 184 4
5 5 54 2
8 8 358 1
6 3 273 5
6 6 273 6
9 9 1177 6
1 3 281 2
1 1 281 11
3 9 778 8
3 3 778 14
6 5 95 6
6 6 95 5
7 8 818 14
7 7 818 1
2 2 312 8
4 4 478 10
6 6 933 1
6 3 494 11
6 6 494 4
9 9 346 5
9 9 1147 3
1 6 59 6
1 1 59 7
1 1 1361 8
3 7 1064 6
3 3 1064 7
8 5 670 10
8 8 670 10
5 5 820 1
3 3 1292 2
0 0 509 15
1 1 1218 5
3 3 303 2
3 3 1209 2
7 7 609 6
2 2 1258 1
4 4 1017 2
8 4 143 3
8 8 143 8
8 2 935 7
8 8 935 1
8 3 508 3
8 8 508 3
3 3 1363 9
0 4 27 3
0 0 27 3
2 2 892 11
5 5 465 7
8 1 75 13
8 8 75 6
7 7 1234 2
4 4 540 1
0 1 325 9
0 0 325 8
1 0 585 3
1 1 585 7
3 5 135 7
3 3 135 8
5 5 151 1
8 9 218 1
8 8 218 7
9 9 871 15
0 0 500 9
1 1 506 2
4 4 801 8
2 5 85 11
2 2 85 7
1 1 1243 8
6 1 1056 8
6 6 1056 3
5 5 56 4
4 3 1072 11
4 4 1072 3
5 0 846 12
5 5 846 3
2 2 822 1
8 5 908 14
8 8 908 1
4 4 387 1
9 3 77 7
9 9 77 5
1 9 56 12
1 1 56 2
2 3 266 8
2 2 266 7
8 8 1006 3
5 1 750 6
5 5 750 2
3 3 1372 1
8 9 114 6
8 8 114 2
9 9 1125 4
1 5 53 14
1 1 53 2
0 6 1083 14
0 0 1083 3
2 4 742 5
2 2 742 3
6 5 1160 11
6 6 1160 3
7 7 123 5
9 9 1315 1
0 0 459 3
4 6 1003 5
4 4 1003 1
3 5 1191 12
3 3 1191 7
5 2 764 6
5 5 764 4
8 0 1028 4
8 8 1028 2
7 1 136 1
7 7 136 7
1 3 697 2
1 1 697 1
0 8 943 9
0 0 943 1
0 9 1300 13
0 0 1300 2
5 5 1324 4
5 5 434 9
6 6 64 1
7 7 338 1
7 7 793 4
9 9 586 23
5 2 1208 6
5 5 1208 1
2 5 1135 4
2 2 1135 8
2 2 261 1
3 3 571 2
4 4 459 5
6 2 910 9
6 6 910 2
6 6 467 2
7 3 942 1
7 7 942 1
8 9 638 10
8 8 638 4
1 5 912 9
1 1 912 1
2 2 1054 2
0 0 717 4
5 0 1139 8
5 5 1139 3
8 6 1321 10
8 8 1321 1
6 6 724 7
6 2 793 10
6 6 793 2
5 5 815 3
9 9 222 24
9 9 1316 9
0 0 1404 1
2 6 39 6
2 2 39 10
6 6 1042 1
6 6 615 2
8 7 1230 13
8 8 1230 2
9 9 738 7
9 9 1205 42
1 4 1223 7
1 1 1223 6
8 5 88 3
8 8 88 1
5 5 443 1
4 7 1205 10
4 4 1205 5
9 9 627 7
8 6 1192 12
8 8 1192 1
0 2 224 7
0 0 224 1
0 0 1434 4
4 4 552 5
6 6 1340 11
8 4 555 5
8 8 555 3
2 0 50 9
2 2 50 3
6 1 190 5
6 6 190 2
2 3 1049 7
2 2 1049 3
5 5 922 1
8 2 869 7
8 8 869 5
5 9 349 5
5 5 349 4
6 6 357 2
9 9 666 1
9 1 1325 8
9 9 1325 6
1 0 794 12
1 1 794 12
4 5 846 11
4 4 846 8
5 4 19 2
5 5 19 3
4 5 1069 4
4 4 1069 3
9 9 747 9
6 6 871 14
1 4 651 7
1 1 651 1
2 2 356 1
3 3 408 5
5 5 420 3
2 6 279 3
2 2 279 4
8 7 1352 2
8 8 1352 2
5 3 896 2
5 5 896 1
9 9 818 19
6 6 759 4
8 6 33 14
8 8 33 2
2 2 1040 6
1 1 24 13
0 5 1024 2
0 0 1024 3
2 2 755 6
4 2 243 14
4 4 243 3
6 4 710 2
6 6 710 1
5 3 326 7
5 5 326 2
2 2 1218 7
0 2 773 2
0 0 773 4
4 8 821 6
4 4 821 6
3 3 1178 3
4 4 1044 1
1 9 652 14
1 1 652 7
1 7 375 1
1 1 375 6
4 4 961 3
9 9 23 30
4 3 964 11
4 4 964 1
3 3 1323 4
4 4 1211 2
7 9 772 1
7 7 772 1
1 1 573 3
4 5 107 1
4 4 107 7
8 4 1156 14
8 8 1156 8
8 8 729 4
9 9 352 2
1 1 617 6
1 5 17 5
1 1 17 4
0 0 1031 1
2 4 714 2
2 2 714 1
5 3 1134 14
5 5 1134 1
3 3 703 2
5 5 244 8
8 8 680 1
8 8 253 3
7 7 554 1
0 0 30 10
3 3 1397 3
0 4 796 5
0 0 796 7
3 4 377 11
3 3 377 5
6 6 157 4
9 9 66 2
8 6 391 1
8 8 391 1
7 7 1317 2
3 4 51 7
3 3 51 1
2 2 478 2
6 6 987 4
5 4 609 6
5 5 609 2
7 2 438 8
7 7 438 4
6 6 915 2
2 7 233 7
2 2 233 3
1 1 1303 15
6 1 1244 9
6 6 1244 4
6 6 1313 1
5 5 1010 1
7 7 455 16
6 6 1002 5
5 5 22 3
3 3 94 7
0 4 485 3
0 0 485 3
1 0 1152 14
1 1 1152 2
4 5 225 8
4 4 225 4
7 6 310 1
7 7 310 2
5 9 328 3
5 5 328 2
4 4 259 2
0 4 1368 4
0 0 1368 4
2 9 628 6
2 2 628 1
3 6 382 8
3 3 382 6
4 1 368 13
4 4 368 4
5 6 14 8
5 5 14 3
2 0 1302 8
2 2 1302 6
9 9 542 23
0 9 93 2
0 0 93 1
2 3 369 5
2 2 369 8
2 7 954 1
2 2 954 4
5 0 1214 7
5 5 1214 9
4 1 970 10
4 4 970 5
6 6 978 5
2 2 1056 12
2 8 224 2
2 2 224 7
3 9 540 2
3 3 540 3
3 3 979 2
8 8 711 2
5 5 1019 4
7 1 907 4
7 7 907 1
7 2 1366 7
7 7 1366 1
0 7 310 13
0 0 310 4
0 6 891 5
0 0 891 2
2 0 147 11
2 2 147 7
4 7 232 7
4 4 232 4
0 0 380 2
6 8 802 14
6 6 802 6
1 1 870 3
0 0 1147 6
2 2 473 4
2 2 591 1
8 7 332 14
8 8 332 7
4 4 383 2
6 2 570 1
6 6 570 10
6 7 143 7
6 6 143 3
9 9 441 2
3 0 1313 4
3 3 1313 6
2 2 1234 2
0 1 921 2
0 0 921 12
2 2 328 6
4 0 612 6
4 4 612 1
4 2 945 9
4 4 945 3
3 8 1310 8
3 3 1310 2
9 9 489 11
9 9 266 7
9 9 989 5
7 8 1342 10
7 7 1342 5
9 9 1067 18
5 7 330 8
5 5 330 5
2 2 1093 9
4 1 64 2
4 4 64 7
5 4 297 9
5 5 297 1
3 3 945 7
9 9 814 1
2 2 1367 6
0 0 269 9
1 9 100 10
1 1 100 4
8 8 442 9
5 9 1113 9
5 5 1113 11
4 7 215 5
4 4 215 2
3 5 1129 6
3 3 1129 4
5 7 885 9
5 5 885 7
6 6 663 2
1 1 895 2
0 0 1179 7
4 8 809 1
4 4 809 3
4 3 358 13
4 4 358 3
5 4 112 13
5 5 112 2
7 7 268 9
4 4 465 3
0 1 912 11
0 0 912 1
4 8 611 13
4 4 611 1
5 6 1403 6
5 5 1403 3
6 0 1403 7
6 6 1403 6
1 8 1280 7
1 1 1280 6
2 9 1116 9
2 2 1116 9
5 5 1073 8
3 3 522 3
4 4 388 4
5 7 274 10
5 5 274 7
6 4 416 7
6 6 416 7
1 1 394 3
2 6 101 10
2 2 101 10
1 4 1259 14
1 1 1259 5
4 2 641 1
4 4 641 13
4 2 222 14
4 4 222 2
8 7 783 14
8 8 783 1
5 7 675 5
5 5 675 5
6 2 589 3
6 6 589 2
2 2 577 14
8 1 926 3
8 8 926 4
8 3 467 1
8 8 467 7
7 7 208 2
2 4 1374 11
2 2 1374 18
8 9 756 14
8 8 756 3
2 2 903 2
3 5 47 1
3 3 47 1
3 3 953 5
8 8 621 1
6 7 8 2
6 6 8 1
7 7 410 10
9 9 975 2
7 7 1324 6
3 3 1261 5
2 4 1111 2
2 2 1111 2
1 1 197 8
1 1 1395 3
4 9 761 6
4 4 761 1
3 8 627 1
3 3 627 3
6 9 396 13
6 6 396 2
4 0 1301 11
4 4 1301 1
0 6 832 4
0 0 832 1
0 7 693 13
0 0 693 3
5 5 1099 3
4 2 197 11
4 4 197 2
3 4 1111 5
3 3 1111 1
5 8 871 10
5 5 871 1
7 4 519 14
7 7 519 2
3 3 1319 4
3 3 488 7
2 0 418 14
2 2 418 5
2 1 600 8
2 2 600 2
8 8 901 2
8 2 474 3
8 8 474 3
6 6 453 2
9 9 570 3
6 6 707 1
0 0 622 1
2 2 341 12
4 4 593 2
3 6 958 8
3 3 958 7
5 5 499 1
9 9 317 1
9 9 1419 18
9 9 1118 1
0 7 613 11
0 0 613 5
1 2 928 11
1 1 928 1
1 1 222 6
2 2 196 2
5 4 1059 10
5 5 1059 2
6 4 1203 10
6 6 1203 1
3 3 975 4
7 7 32 1
9 9 1300 4
8 8 782 1
1 1 1253 6
6 6 1090 4
8 6 829 11
8 8 829 3
8 8 135 5
0 4 385 10
0 0 385 10
8 1 981 4
8 8 981 5
2 2 595 3
4 4 774 1
5 5 107 1
6 6 107 3
8 8 979 2
1 2 166 4
1 1 166 6
4 4 600 6
4 5 917 3
4 4 917 3
6 6 506 2
7 1 392 2
7 7 392 3
7 7 1257 7
4
2 3 1
1 3 315
2 5 110
2 5 415
