20 8045
16 14 1030 1
16 16 1030 8
15 15 597 1
19 9 429 1
19 19 429 20
1 7 620 6
1 1 620 3
18 10 706 4
18 18 706 3
19 14 304 9
19 19 304 4
6 6 479 7
5 0 1068 8
5 5 1068 3
6 16 1194 6
6 6 1194 4
6 6 767 3
3 3 1419 2
18 1 356 5
18 18 356 9
7 11 996 11
7 7 996 8
11 5 216 5
11 11 216 7
12 2 1268 2
12 12 1268 14
14 9 1359 1
14 14 1359 5
14 17 501 9
14 14 501 1
12 12 42 1
1 2 810 13
1 1 810 11
1 7 413 2
1 1 413 1
19 2 852 1
19 19 852 11
3 3 315 6
19 9 504 6
19 19 504 2
9 13 731 7
9 9 731 2
2 2 1065 16
18 9 801 1
18 18 801 3
13 13 334 1
2 2 1310 32
1 1 1390 5
19 16 91 10
19 19 91 4
3 5 799 9
3 3 799 22
5 5 559 6
9 10 323 9
9 9 323 1
9 11 913 6
9 9 913 4
11 16 885 5
11 11 885 5
11 3 312 9
11 11 312 2
11 7 1105 4
11 11 1105 1
13 15 20 2
13 13 20 2
17 13 419 14
17 17 419 3
15 15 720 4
13 13 516 7
19 19 1374 3
5 5 565 7
19 7 639 9
19 19 639 14
8 14 1280 12
8 8 1280 4
4 4 489 2
19 11 1078 4
19 19 1078 2
4 4 1395 1
7 0 385 10
7 7 385 3
7 13 844 3
7 7 844 2
9 9 1096 3
9 9 127 1
12 11 281 4
12 12 281 9
12 12 678 2
14 14 646 1
0 7 369 1
0 0 369 5
2 2 771 29
8 8 1287 4
19 15 343 7
19 19 343 1
5 5 961 3
7 13 989 11
7 7 989 7
11 6 652 13
11 11 652 5
10 8 1065 5
10 10 1065 13
15 5 1100 10
15 15 1100 26
18 3 871 6
18 18 871 5
13 13 1100 2
0 7 480 9
0 0 480 1
19 5 422 9
19 19 422 2
19 16 143 4
19 19 143 4
19 19 1048 10
1 1 19 4
4 4 1092 5
10 10 588 9
7 7 626 5
16 16 274 7
19 12 1039 7
19 19 1039 5
13 5 753 13
13 13 753 23
18 2 762 9
18 18 762 1
1 11 860 8
1 1 860 5
7 7 506 9
19 8 96 14
19 19 96 5
13 13 818 13
1 0 1120 1
1 1 1120 3
19 13 25 6
19 19 25 2
6 5 528 13
6 6 528 4
6 17 101 2
6 6 101 3
9 9 557 13
11 0 874 11
11 11 874 1
11 17 305 8
11 11 305 7
17 5 1283 3
17 17 1283 3
18 18 832 1
13 0 1326 10
13 13 1326 2
18 8 216 7
18 18 216 1
1 18 1326 4
1 1 1326 5
7 3 1422 10
7 7 1422 3
3 3 1384 7
6 11 500 12
6 6 500 2
18 17 398 2
18 18 398 2
17 17 292 7
12 9 272 2
12 12 272 9
16 9 398 12
16 16 398 4
17 17 272 7
14 13 128 4
14 14 128 2
0 8 738 2
0 0 738 1
13 18 1318 6
13 13 1318 8
8 12 835 11
8 8 835 6
0 0 15 2
8 8 45 2
4 4 499 8
1 1 709 5
0 0 1073 3
17 17 1035 4
1 8 804 5
1 1 804 2
1 1 495 9
1 5 82 7
1 1 82 2
1 2 1224 11
1 1 1224 5
8 9 978 11
8 8 978 3
6 6 278 6
7 12 156 3
7 7 156 2
10 3 128 13
10 10 128 10
7 0 1078 3
7 7 1078 3
14 3 1175 5
14 14 1175 1
13 13 181 2
14 13 939 12
14 14 939 1
14 2 715 10
14 14 715 6
1 13 280 10
1 1 280 1
2 2 390 1
14 12 1301 4
14 14 1301 3
5 1 1328 10
5 5 1328 1
8 8 1132 14
5 10 529 11
5 5 529 3
9 18 456 10
9 9 456 6
9 4 899 9
9 9 899 8
7 7 1095 3
10 10 1273 4
12 12 1042 4
16 16 640 1
19 18 1388 6
19 19 1388 1
0 1 586 9
0 0 586 18
18 7 1385 1
18 18 1385 2
8 9 70 14
8 8 70 1
6 6 872 1
14 14 488 5
6 6 495 1
19 0 1226 12
19 19 1226 1
19 15 449 9
19 19 449 2
7 15 1289 14
7 7 1289 2
11 11 391 3
15 10 1069 9
15 15 1069 23
16 1 1420 14
16 16 1420 1
19 19 1062 1
1 1 58 2
6 6 736 1
8 16 671 9
8 8 671 7
10 10 751 16
8 8 1153 6
12 19 414 10
12 12 414 2
16 3 201 8
16 16 201 2
19 16 401 1
19 19 401 3
16 6 44 11
16 16 44 2
0 1 1245 1
0 0 1245 3
19 4 875 12
19 19 875 4
18 4 88 10
18 18 88 5
8 18 366 8
8 8 366 1
16 13 974 9
16 16 974 6
19 8 1265 9
19 19 1265 3
13 13 739 4
16 15 454 8
16 16 454 15
16 16 616 1
19 12 1284 7
19 19 1284 5
6 6 137 11
0 6 1287 10
0 0 1287 3
15 15 553 3
3 3 447 3
6 6 514 8
4 1 1241 7
4 4 1241 2
10 10 449 6
7 16 753 14
7 7 753 1
16 17 365 4
16 16 365 4
5 5 284 2
17 17 196 4
18 18 202 2
14 13 292 13
14 14 292 3
4 4 572 13
5 5 1354 5
7 7 1146 3
6 5 925 9
6 6 925 4
6 3 486 5
6 6 486 2
10 5 336 12
10 10 336 13
17 17 200 1
5 5 137 1
18 18 884 2
18 11 400 12
18 18 400 2
1 4 584 9
1 1 584 7
18 1 550 13
18 18 550 5
5 4 1024 10
5 5 1024 8
6 6 731 1
10 11 923 1
10 10 923 8
6 19 369 8
6 6 369 8
8 8 505 1
5 5 172 8
11 10 70 5
11 11 70 6
16 18 1324 7
16 16 1324 1
14 6 1323 1
14 14 1323 6
13 13 481 2
16 5 11 9
16 16 11 5
14 13 522 1
14 14 522 6
0 13 501 12
0 0 501 6
15 15 611 5
10 10 455 7
1 0 1242 11
1 1 1242 4
4 12 1073 5
4 4 1073 3
4 4 1422 16
7 7 146 1
7 7 601 3
11 15 768 9
11 11 768 2
10 19 1304 3
10 10 1304 7
13 13 540 2
17 17 1347 14
18 12 849 10
18 18 849 1
16 18 623 5
16 16 623 2
2 2 1250 20
2 2 408 12
5 5 689 2
7 7 335 13
11 1 292 2
11 11 292 7
11 7 1086 9
11 11 1086 4
2 2 1173 24
18 19 506 4
18 18 506 1
2 2 267 15
6 6 1278 1
8 4 115 6
8 8 115 12
10 10 782 2
18 9 225 13
18 18 225 2
12 16 317 10
12 12 317 36
13 5 393 10
13 13 393 4
15 15 1006 1
14 2 610 4
14 14 610 4
19 18 1076 1
19 19 1076 2
1 1 577 2
17 6 409 3
17 17 409 2
4 7 714 10
4 4 714 6
3 5 578 11
3 3 578 11
0 19 511 2
0 0 511 2
7 1 122 3
7 7 122 13
11 18 680 3
11 11 680 4
3 3 592 10
13 13 847 3
17 17 1278 5
15 15 458 3
0 19 817 3
0 0 817 6
2 2 480 8
3 3 284 16
4 17 150 12
4 4 150 5
3 10 1190 13
3 3 1190 19
9 9 760 2
7 11 1053 12
7 7 1053 2
14 14 1128 4
15 15 1233 6
14 14 331 1
11 5 1312 10
11 11 1312 7
0 8 123 13
0 0 123 10
16 10 1048 8
16 16 1048 1
5 5 944 10
3 8 1335 11
3 3 1335 3
15 3 943 2
15 15 943 10
12 11 754 6
12 12 754 1
17 17 355 10
5 5 808 4
18 18 50 4
19 19 237 1
19 9 672 6
19 19 672 3
4 2 127 4
4 4 127 2
4 4 1196 3
3 3 1348 6
5 5 803 3
10 10 1213 1
10 10 322 10
0 0 193 1
11 11 426 6
2 2 638 5
17 17 937 19
19 17 346 8
19 19 346 2
2 2 766 4
7 13 1070 5
7 7 1070 4
5 14 339 6
5 5 339 7
2 2 171 7
9 9 221 3
7 6 574 7
7 7 574 15
11 2 1167 6
11 11 1167 2
17 17 397 3
1 1 768 9
1 5 459 10
1 1 459 4
19 6 1314 4
19 19 1314 14
19 19 459 8
5 9 1411 11
5 5 1411 1
3 5 728 10
3 3 728 5
6 12 612 10
6 6 612 26
6 7 169 9
6 6 169 2
9 8 737 12
9 9 737 17
9 9 1204 6
8 8 483 3
12 12 935 2
14 14 903 1
19 19 1307 3
18 10 1338 3
18 18 1338 1
16 16 617 1
5 2 1300 3
5 5 1300 5
8 16 605 3
8 8 605 7
5 14 629 5
5 5 629 10
10 10 55 8
9 9 1029 1
11 17 338 4
11 11 338 22
13 13 927 12
15 15 783 19
12 12 1078 2
14 0 765 7
14 14 765 3
2 2 1127 14
1 1 149 4
2 2 285 3
3 3 108 19
8 8 1346 2
6 4 902 14
6 6 902 6
7 9 475 13
7 7 475 1
7 3 934 1
7 7 934 4
11 2 585 12
11 11 585 3
13 13 1008 17
13 11 443 9
13 13 443 2
1 0 1000 1
1 1 1000 5
1 0 595 9
1 1 595 2
18 12 531 11
18 18 531 1
0 0 1034 2
2 2 179 3
5 5 348 2
6 6 346 5
11 8 1299 13
11 11 1299 1
7 5 1410 6
7 7 1410 12
18 16 323 14
18 18 323 8
12 11 117 13
12 12 117 2
14 15 27 4
14 14 27 1
12 12 975 1
17 17 563 15
16 6 965 7
16 16 965 3
16 10 737 3
16 16 737 5
13 16 423 10
13 13 423 9
15 15 395 11
18 14 1135 4
18 18 1135 4
3 3 266 1
6 6 607 1
5 19 749 11
5 5 749 4
7 19 306 5
7 7 306 9
18 18 345 7
7 12 1043 11
7 7 1043 2
9 9 907 1
15 15 807 5
2 2 942 5
4 4 95 2
8 8 409 1
7 14 782 5
7 7 782 14
18 1 238 9
18 18 238 2
7 18 1184 2
7 7 1184 5
19 2 822 8
19 19 822 2
6 5 996 5
6 6 996 15
16 11 329 7
16 16 329 1
10 15 211 1
10 10 211 3
0 2 248 12
0 0 248 2
18 4 763 10
18 18 763 2
19 7 251 8
19 19 251 6
3 11 85 11
3 3 85 16
4 7 109 8
4 4 109 5
3 0 1023 13
3 3 1023 7
8 8 104 6
10 11 372 7
10 10 372 16
7 7 1386 6
17 17 1104 12
12 12 1212 4
16 2 941 6
16 16 941 7
0 0 290 12
18 18 65 2
1 1 31 2
0 11 1025 2
0 0 1025 2
2 2 752 14
4 4 679 5
8 12 877 2
8 8 877 1
8 5 247 3
8 8 247 4
7 7 97 9
0 12 465 6
0 0 465 4
19 19 34 2
6 4 2 2
6 6 2 3
18 19 1053 10
18 18 1053 2
3 3 710 8
10 3 541 1
10 10 541 1
10 10 86 3
7 1 1032 6
7 7 1032 2
12 5 195 8
12 12 195 5
15 15 812 28
17 17 709 25
14 13 913 14
14 14 913 8
1 11 374 3
1 1 374 9
2 19 380 1
2 2 380 5
1 16 1111 7
1 1 1111 1
5 5 1286 1
4 14 274 7
4 4 274 8
8 11 384 7
8 8 384 2
9 0 278 12
9 9 278 26
7 3 722 12
7 7 722 2
11 18 957 9
11 11 957 1
11 5 320 10
11 11 320 1
19 14 1310 7
19 19 1310 4
17 17 771 23
17 17 342 2
13 13 1405 19
1 15 572 11
1 1 572 4
16 0 1038 6
16 16 1038 4
1 9 1309 3
1 1 1309 2
3 3 529 4
6 15 880 11
6 6 880 11
9 17 826 14
9 9 826 4
19 11 696 4
19 19 696 3
3 3 209 1
12 12 1008 4
15 15 1047 4
14 19 5 8
14 14 5 5
14 11 638 13
14 14 638 2
0 0 313 3
1 2 429 5
1 1 429 13
18 11 517 8
18 18 517 2
0 9 1048 8
0 0 1048 7
4 4 686 1
5 10 243 14
5 5 243 3
6 0 771 7
6 6 771 4
10 10 693 5
10 10 206 5
19 19 935 2
12 12 1021 7
17 17 112 7
1 1 875 3
13 13 725 13
16 2 856 8
16 16 856 6
8 6 312 1
8 8 312 3
10 8 81 14
10 10 81 3
11 2 805 2
11 11 805 3
12 11 250 11
12 12 250 9
13 13 196 1
14 19 295 3
14 14 295 2
1 13 644 3
1 1 644 10
1 16 335 13
1 1 335 6
2 5 375 6
2 2 375 5
5 5 1204 1
5 13 1295 10
5 5 1295 5
9 9 162 5
19 6 1237 13
19 19 1237 2
9 14 1080 5
9 9 1080 1
11 11 377 2
19 8 970 13
19 19 970 13
12 12 1059 7
16 16 138 2
6 6 62 1
1 1 248 3
10 10 178 8
1 4 1302 13
1 1 1302 7
5 5 976 2
3 4 534 1
3 3 534 2
4 4 424 5
8 9 705 10
8 8 705 4
15 9 1040 9
15 15 1040 2
9 15 360 3
9 9 360 11
11 17 1193 10
11 11 1193 2
11 13 636 12
11 11 636 3
10 10 1049 2
13 13 422 1
14 14 1319 1
17 17 472 7
11 7 1169 11
11 11 1169 10
0 7 869 2
0 0 869 3
1 8 105 10
1 1 105 3
0 19 1055 5
0 0 1055 3
5 16 1110 4
5 5 1110 3
0 0 316 1
7 16 87 6
7 7 87 1
16 3 725 8
16 16 725 3
16 17 282 10
16 16 282 3
11 11 144 3
14 14 1297 2
12 12 1012 9
16 16 101 2
14 19 1008 4
14 14 1008 10
4 4 1384 8
0 0 788 5
0 0 1369 14
18 18 1112 2
5 4 13 14
5 5 13 2
6 10 149 10
6 6 149 3
9 7 439 4
9 9 439 4
9 9 74 4
7 5 1150 14
7 7 1150 1
15 15 1351 5
7 7 1156 8
9 15 869 1
9 9 869 5
19 15 780 3
19 19 780 4
18 6 136 1
18 18 136 6
16 16 1020 1
3 3 398 7
8 5 633 6
8 8 633 1
2 2 1431 3
9 18 987 13
9 9 987 1
9 6 1057 14
9 9 1057 8
16 10 446 9
16 16 446 2
19 16 1103 8
19 19 1103 6
16 16 712 2
2 2 1099 18
0 10 562 5
0 0 562 2
0 9 1127 12
0 0 1127 31
16 11 1266 9
16 16 1266 9
4 3 525 8
4 4 525 3
8 8 1406 9
6 8 866 8
6 6 866 6
4 4 1337 6
7 17 63 3
7 7 63 2
11 11 1198 6
7 11 1361 10
7 7 1361 7
12 12 471 3
8 1 612 13
8 8 612 15
14 14 584 1
1 1 447 7
18 18 631 6
14 9 177 2
14 14 177 1
16 11 1225 1
16 16 1225 2
6 6 253 5
10 10 240 4
9 10 1352 7
9 9 1352 2
11 5 137 6
11 11 137 1
12 12 25 17
10 0 389 10
10 10 389 7
13 13 304 1
16 12 92 5
16 16 92 1
0 0 422 5
18 5 829 14
18 18 829 3
18 18 1414 3
2 2 588 8
4 4 376 15
8 19 294 14
8 8 294 18
19 15 1037 1
19 19 1037 2
9 6 115 4
9 9 115 1
11 14 1420 7
11 11 1420 3
11 11 230 5
14 19 1110 3
14 14 1110 1
15 15 1356 1
15 15 636 3
10 19 150 2
10 10 150 1
2 2 1235 2
16 19 1055 3
16 16 1055 2
19 2 166 13
19 19 166 7
7 7 1005 9
8 10 437 9
8 8 437 3
10 13 844 3
10 10 844 8
9 2 988 1
9 9 988 1
9 9 1431 7
9 1 1066 7
9 9 1066 3
13 18 71 11
13 13 71 10
12 12 1233 7
17 17 313 19
1 12 519 5
1 1 519 11
18 11 1192 6
18 18 1192 6
4 10 756 11
4 4 756 1
6 17 1231 8
6 6 1231 4
8 4 719 1
8 8 719 20
4 6 1312 8
4 4 1312 1
9 9 154 8
6 6 1331 28
7 5 1358 14
7 7 1358 3
11 11 452 2
16 5 1194 11
16 16 1194 3
14 14 30 4
14 6 595 6
14 14 595 10
1 15 973 9
1 1 973 2
16 11 179 3
16 16 179 1
0 0 1261 1
4 0 208 6
4 4 208 6
8 5 777 6
8 8 777 5
6 10 244 8
6 6 244 2
6 6 313 4
9 9 235 3
11 7 1332 4
11 11 1332 7
10 10 1345 1
12 8 1285 2
12 12 1285 6
16 16 77 14
13 5 1268 14
13 13 1268 2
18 13 1098 7
18 18 1098 11
2 2 583 2
16 8 708 1
16 16 708 2
4 4 1033 1
9 14 417 3
9 9 417 1
9 2 116 10
9 9 116 1
4 4 410 2
7 7 1132 3
9 6 70 6
9 9 70 1
16 16 285 1
0 16 44 5
0 0 44 12
0 12 913 2
0 0 913 17
2 2 320 2
8 5 1234 1
8 8 1234 5
5 6 384 8
5 5 384 6
8 8 444 3
7 17 875 3
7 7 875 2
7 12 1334 9
7 7 1334 2
11 14 875 4
11 11 875 7
12 12 374 10
1 9 361 10
1 1 361 2
13 11 1238 10
13 13 1238 2
16 15 710 10
16 16 710 1
2 2 1117 10
19 19 284 1
8 6 1388 8
8 8 1388 15
5 18 273 10
5 5 273 1
10 10 710 4
11 16 611 5
11 11 611 1
0 0 1171 10
18 16 68 9
18 18 68 3
12 13 453 7
12 12 453 17
17 17 1077 4
14 6 481 14
14 14 481 6
14 14 298 9
0 0 261 11
19 19 1158 8
2 0 687 4
2 2 687 4
3 3 769 6
5 6 674 3
5 5 674 10
6 6 304 8
9 8 679 5
9 9 679 5
10 10 1352 5
14 10 1201 9
14 14 1201 2
15 15 1325 13
13 13 290 14
12 6 1326 5
12 12 1326 12
15 8 2 5
15 15 2 12
16 6 297 3
16 16 297 1
6 6 702 4
19 19 71 1
19 19 506 4
19 19 1212 1
9 2 426 14
9 9 426 4
9 9 1227 7
10 13 1243 1
10 10 1243 1
13 1 605 10
13 13 605 1
15 15 777 6
18 10 975 1
18 18 975 6
5 5 346 2
1 10 736 7
1 1 736 4
1 1 127 4
18 18 1291 16
14 2 1142 3
14 14 1142 1
6 6 1318 2
7 4 405 5
7 7 405 5
7 14 1327 2
7 7 1327 7
12 16 698 13
12 12 698 23
17 17 992 2
11 5 797 9
11 11 797 1
1 12 196 12
1 1 196 1
19 2 293 5
19 19 293 5
2 2 823 7
19 18 192 10
19 19 192 6
3 3 626 1
3 3 665 7
5 8 282 4
5 5 282 1
5 8 981 13
5 5 981 2
11 9 1117 10
11 11 1117 3
16 16 1299 13
14 15 605 11
14 14 605 5
18 11 919 7
18 18 919 2
18 2 608 12
18 18 608 3
1 1 1251 14
9 9 830 8
16 16 767 3
7 7 1263 15
7 7 518 5
9 9 239 1
11 3 188 5
11 11 188 5
4 4 1295 14
17 17 1396 1
5 5 509 1
12 12 1317 7
9 9 674 4
0 0 395 4
0 12 1317 7
0 0 1317 15
19 13 515 1
19 19 515 2
13 0 1184 6
13 13 1184 1
8 8 902 2
5 2 572 10
5 5 572 9
10 10 918 2
7 10 200 14
7 7 200 1
11 11 130 2
18 18 983 3
17 17 840 1
15 15 184 1
1 7 172 9
1 1 172 3
3 11 929 4
3 3 929 5
3 3 1396 9
5 5 589 1
10 10 889 8
18 18 44 3
11 0 512 3
11 11 512 13
18 10 31 6
18 18 31 3
11 11 999 4
16 16 410 3
16 16 879 10
7 7 619 3
18 10 83 3
18 18 83 1
1 5 221 3
1 1 221 11
19 19 298 2
5 13 1058 7
5 5 1058 8
8 8 266 19
8 8 740 2
4 4 1309 3
0 9 433 6
0 0 433 14
11 11 1226 1
9 14 1307 13
9 9 1307 5
11 11 36 10
9 18 797 7
9 9 797 2
1 1 976 2
18 13 603 6
18 18 603 5
18 11 1060 11
18 18 1060 2
2 2 673 3
4 4 880 5
5 3 217 8
5 5 217 4
7 7 698 4
8 8 136 4
11 11 1371 9
5 5 867 7
12 12 61 1
17 17 1200 3
16 5 184 10
16 16 184 3
16 5 525 9
16 16 525 1
0 4 531 8
0 0 531 4
1 18 308 1
1 1 308 3
2 2 442 1
16 13 625 14
16 16 625 1
16 18 1364 7
16 16 1364 14
8 8 909 7
6 13 104 8
6 6 104 1
7 7 378 6
10 10 554 4
11 5 258 14
11 11 258 2
13 13 591 11
14 14 216 1
0 0 614 16
4 4 601 1
3 12 934 1
3 3 934 1
9 9 421 1
10 12 84 12
10 10 84 2
11 11 551 3
16 3 1312 8
16 16 1312 2
12 4 680 4
12 12 680 17
15 15 908 15
14 15 700 6
14 14 700 4
0 8 379 3
0 0 379 2
2 2 1062 3
1 1 214 3
18 12 1164 4
18 18 1164 1
1 12 1356 14
1 1 1356 5
3 3 173 7
4 12 37 6
4 4 37 6
6 18 764 3
6 6 764 3
6 19 394 10
6 6 394 8
9 9 182 8
18 18 157 4
11 18 480 8
11 11 480 5
0 0 710 5
15 15 1094 6
3 3 566 5
0 0 490 11
0 0 863 6
1 18 71 13
1 1 71 8
18 17 1055 12
18 18 1055 4
1 6 1277 2
1 1 1277 2
8 8 805 4
8 8 143 1
10 10 1428 6
10 10 159 6
9 1 1389 6
9 9 1389 9
10 10 1381 2
11 3 1033 4
11 11 1033 8
14 3 357 4
14 14 357 11
14 14 990 17
0 0 409 4
19 19 90 1
12 12 496 15
4 4 1259 6
18 3 1220 2
18 18 1220 5
10 5 920 3
10 10 920 3
10 10 110 18
10 10 1268 2
16 10 46 8
16 16 46 3
12 12 1053 1
7 6 960 14
7 7 960 3
16 2 659 6
16 16 659 7
19 17 1377 2
19 19 1377 3
18 13 683 8
18 18 683 3
19 12 203 9
19 19 203 5
6 17 1380 5
6 6 1380 7
7 4 384 8
7 7 384 1
12 12 200 8
11 11 574 11
7 0 1249 12
7 7 1249 1
17 17 1408 6
14 18 647 1
14 14 647 3
7 7 727 1
19 3 312 9
19 19 312 3
1 1 1349 7
5 0 1044 14
5 5 1044 5
5 5 783 13
6 8 759 13
6 6 759 5
5 12 373 12
5 5 373 5
9 8 191 9
9 9 191 10
7 11 988 10
7 7 988 1
14 5 1250 7
14 14 1250 11
13 13 810 8
17 17 1041 14
15 1 570 9
15 15 570 8
1 0 137 9
1 1 137 4
1 19 802 9
1 1 802 2
0 0 854 5
16 12 968 12
16 16 968 4
2 2 691 3
19 13 214 1
19 19 214 11
4 4 1062 3
6 5 646 13
6 6 646 19
6 0 203 14
6 6 203 4
6 15 284 1
6 6 284 14
14 4 1282 3
14 14 1282 9
11 15 149 10
11 11 149 1
9 16 1174 4
9 9 1174 7
8 8 568 7
10 15 396 10
10 10 396 3
11 11 223 5
0 0 965 15
0 0 1290 1
4 18 1013 2
4 4 1013 1
3 3 775 19
18 9 1146 10
18 18 1146 9
16 18 602 6
16 16 602 6
11 11 1043 1
9 5 556 9
9 9 556 1
10 10 1375 6
10 10 1279 24
18 8 562 6
18 18 562 1
15 15 728 15
17 17 201 12
18 18 217 1
19 10 208 12
19 19 208 4
5 5 1164 11
8 8 95 9
19 19 1227 1
11 11 1120 23
7 4 1246 13
7 7 1246 3
11 11 385 6
13 0 978 2
13 13 978 5
15 16 1063 1
15 15 1063 6
17 17 279 13
8 1 285 1
8 8 285 1
0 19 739 13
0 0 739 4
4 11 43 3
4 4 43 6
5 5 163 5
6 6 819 11
4 18 1290 1
4 4 1290 4
10 19 318 6
10 10 318 4
10 6 1096 1
10 10 1096 3
16 16 30 3
16 4 995 13
16 16 995 4
10 1 186 11
10 10 186 5
1 15 494 5
1 1 494 1
3 17 767 4
3 3 767 2
8 16 360 9
8 8 360 6
8 8 189 2
9 9 380 8
11 0 1358 10
11 11 1358 2
10 12 1303 14
10 10 1303 1
14 9 1172 2
14 14 1172 3
16 16 173 6
16 9 626 14
16 16 626 2
1 1 852 8
2 2 391 1
14 15 390 5
14 14 390 8
5 5 69 2
8 8 503 2
14 1 738 4
14 14 738 7
14 14 1031 3
14 18 173 11
14 14 173 4
13 9 1179 12
13 13 1179 5
1 9 33 1
1 1 33 15
1 1 489 5
14 13 223 14
14 14 223 4
16 8 1088 2
16 16 1088 1
16 9 615 13
16 16 615 1
6 3 1366 2
6 6 1366 7
6 19 492 14
6 6 492 3
9 1 787 3
9 9 787 6
11 18 556 10
11 11 556 9
7 1 1239 3
7 7 1239 7
15 14 923 11
15 15 923 5
16 13 843 4
16 16 843 7
19 18 270 4
19 19 270 9
15 3 434 13
15 15 434 1
16 2 307 13
16 16 307 3
4 4 977 14
6 6 737 3
9 13 169 12
9 9 169 4
7 16 978 6
7 7 978 10
6 14 1139 6
6 6 1139 14
13 13 657 6
16 19 1275 2
16 16 1275 2
10 10 1086 5
15 9 763 1
15 15 763 3
1 16 828 9
1 1 828 3
1 1 29 2
2 2 495 7
1 16 1216 7
1 1 1216 1
6 6 1071 1
16 18 906 6
16 16 906 3
8 5 367 1
8 8 367 3
4 4 1408 3
19 19 1012 11
9 9 1152 3
13 13 738 1
12 12 622 7
18 2 848 10
18 18 848 1
14 14 947 6
18 18 184 2
19 19 548 7
1 1 1137 3
4 19 1019 12
4 4 1019 2
16 3 686 3
16 16 686 1
10 17 949 7
10 10 949 16
10 10 462 2
15 2 663 2
15 15 663 13
8 8 76 6
14 11 56 14
14 14 56 2
15 9 1412 3
15 15 1412 8
17 17 813 12
13 13 1172 2
16 14 204 12
16 16 204 2
11 11 182 2
1 1 1343 6
4 11 906 11
4 4 906 2
3 14 898 2
3 3 898 1
2 2 126 5
7 11 954 14
7 7 954 6
2 2 1200 27
9 10 1122 5
9 9 1122 5
11 5 447 8
11 11 447 1
17 17 1131 18
9 9 640 6
1 18 591 5
1 1 591 4
18 4 427 11
18 18 427 4
19 1 335 12
19 19 335 4
5 5 1353 1
6 6 1175 1
3 3 1043 7
5 10 827 2
5 5 827 10
7 8 971 10
7 7 971 7
12 12 1080 18
16 5 1325 4
16 16 1325 7
14 14 1320 3
13 16 480 2
13 13 480 1
14 5 1232 11
14 14 1232 1
13 13 1142 4
1 17 821 4
1 1 821 7
1 0 504 11
1 1 504 3
0 13 1237 4
0 0 1237 1
4 13 915 6
4 4 915 1
8 8 879 11
3 3 749 5
5 9 753 7
5 5 753 3
2 2 624 7
9 12 758 11
9 9 758 2
9 19 16 12
9 9 16 9
17 8 123 11
17 17 123 22
13 13 381 6
16 8 105 10
16 16 105 2
16 16 608 1
18 15 892 1
18 18 892 1
1 16 1415 7
1 1 1415 4
4 4 319 1
8 17 592 5
8 8 592 3
9 9 908 3
9 14 583 2
9 9 583 4
7 0 1204 9
7 7 1204 5
13 13 1165 4
13 13 1368 4
13 1 1185 10
13 13 1185 6
2 2 1227 3
0 9 1422 9
0 0 1422 1
15 15 1321 4
6 19 1279 10
6 6 1279 9
8 8 575 2
9 9 330 3
7 15 947 7
7 7 947 6
10 10 638 15
16 16 1114 1
6 6 892 8
14 14 46 5
1 1 925 4
1 17 576 2
1 1 576 1
18 6 542 6
18 18 542 4
19 19 779 1
5 5 1032 8
6 3 1166 2
6 6 1166 5
8 13 654 3
8 8 654 11
7 7 117 5
10 10 299 18
8 8 1207 11
16 0 1257 7
16 16 1257 3
13 2 281 4
13 13 281 6
14 18 530 5
14 14 530 1
18 18 283 8
4 4 1047 15
0 0 1383 10
19 2 75 11
19 19 75 6
4 4 858 1
6 6 1049 5
4 4 1081 6
9 0 767 3
9 9 767 12
9 9 1202 2
11 9 207 14
11 11 207 4
12 12 215 5
12 12 540 2
12 12 937 3
15 3 655 10
15 15 655 8
14 9 957 10
14 14 957 4
1 2 703 11
1 1 703 6
18 18 887 1
2 2 989 6
5 13 1322 4
5 5 1322 2
9 18 1188 11
9 9 1188 3
10 10 54 1
17 17 1215 4
9 6 482 6
9 9 482 6
12 1 166 9
12 12 166 2
12 12 755 3
16 16 348 11
17 17 354 1
2 2 259 1
1 1 1289 2
18 6 1373 14
18 18 1373 10
3 3 1008 4
6 0 908 2
6 6 908 4
9 9 371 9
11 11 595 1
11 11 998 1
13 6 471 8
13 13 471 2
16 4 491 8
16 16 491 3
13 13 1047 6
18 3 387 2
18 18 387 3
3 3 899 3
0 0 1076 3
19 19 784 1
5 9 1137 7
5 5 1137 2
6 18 1153 12
6 6 1153 10
6 0 714 12
6 6 714 1
16 0 834 5
16 16 834 3
8 6 202 5
8 8 202 2
7 13 114 13
7 7 114 3
9 10 663 4
9 9 663 4
17 17 299 2
9 9 430 8
8 19 936 7
8 8 936 2
13 13 274 6
12 12 1310 6
17 17 396 1
2 12 1346 7
2 2 1346 22
19 7 23 1
19 19 23 2
19 19 458 1
1 17 1067 8
1 1 1067 3
9 1 410 4
9 9 410 3
13 11 387 7
13 13 387 4
7 17 590 5
7 7 590 11
7 10 1045 4
7 7 1045 1
14 5 1136 3
14 14 1136 2
19 19 1023 6
14 14 900 1
19 5 1306 9
19 19 1306 1
1 1 103 1
18 9 1339 10
18 18 1339 1
1 10 1425 3
1 1 1425 4
5 5 813 2
5 16 628 12
5 5 628 1
8 8 1071 1
11 11 910 7
10 16 1178 12
10 10 1178 14
13 8 926 12
13 13 926 1
12 12 746 5
16 9 792 13
16 16 792 10
16 12 749 2
16 16 749 1
0 0 226 22
2 2 282 3
5 9 1257 11
5 5 1257 1
3 19 1017 12
3 3 1017 4
5 16 901 8
5 5 901 5
7 0 474 7
7 7 474 1
11 16 1157 14
11 11 1157 1
6 10 687 6
6 6 687 4
14 14 1426 1
16 4 482 3
16 16 482 5
15 13 303 12
15 15 303 35
18 14 71 10
18 18 71 10
18 13 528 12
18 18 528 3
1 15 1203 10
1 1 1203 13
5 17 1146 14
5 5 1146 3
15 19 154 9
15 15 154 1
3 2 1030 2
3 3 1030 7
18 14 1048 9
18 18 1048 3
14 6 874 6
14 14 874 4
8 0 530 5
8 8 530 11
15 15 475 1
2 2 1373 8
16 16 1064 3
19 19 28 6
6 6 13 11
4 13 840 11
4 4 840 3
4 3 133 5
4 4 133 17
3 3 1175 4
6 6 161 7
18 18 274 4
7 7 248 2
14 1 152 1
14 14 152 1
9 9 965 1
18 18 1330 1
4 4 991 12
8 1 1072 5
8 8 1072 1
5 12 418 12
5 5 418 3
6 6 48 2
9 15 935 6
9 9 935 11
7 7 724 3
18 18 39 1
11 13 330 12
11 11 330 2
10 10 1110 4
16 9 330 3
16 16 330 3
17 17 167 29
18 4 47 2
18 18 47 1
18 4 986 5
18 18 986 4
14 15 1022 9
14 14 1022 5
3 3 84 1
12 12 233 6
7 2 467 13
7 7 467 2
7 9 926 2
7 7 926 8
11 13 20 2
11 11 20 10
11 7 475 3
11 11 475 3
13 13 1000 7
2 2 694 10
0 0 475 5
15 15 435 1
14 6 1080 7
14 14 1080 5
0 0 872 4
18 10 1413 3
18 18 1413 1
16 4 502 14
16 16 502 2
3 3 229 9
4 6 253 8
4 4 253 8
8 10 878 11
8 8 878 1
7 1 96 14
7 7 96 1
11 16 1291 3
11 11 1291 2
11 11 734 8
18 4 0 14
18 18 0 5
12 2 109 11
12 12 109 8
13 13 1105 7
15 13 1214 5
15 15 1214 2
12 12 1292 6
9 9 736 1
18 3 1127 4
18 18 1127 8
13 13 315 8
3 3 370 11
11 18 817 5
11 11 817 20
5 15 26 2
5 5 26 3
5 18 725 13
5 5 725 2
9 9 388 9
9 9 95 3
7 17 1035 6
7 7 1035 2
10 10 1341 4
12 12 1110 1
18 18 864 2
11 11 1248 20
3 17 387 10
3 3 387 2
16 10 933 7
16 16 933 6
5 5 427 3
6 12 43 6
6 6 43 5
7 7 443 1
16 7 74 13
16 16 74 3
11 17 956 8
11 11 956 1
18 13 93 11
18 18 93 8
16 6 1079 2
16 16 1079 9
15 15 860 10
16 0 790 10
16 16 790 1
16 11 731 3
16 16 731 2
1 1 563 1
5 5 1243 14
6 6 1324 6
8 8 16 3
10 10 803 2
7 17 1378 9
7 7 1378 4
10 10 1055 1
12 12 290 4
12 12 879 14
14 0 10 5
14 14 10 5
17 17 486 7
18 7 492 14
18 18 492 13
0 2 879 8
0 0 879 5
5 7 553 11
5 5 553 1
1 1 1165 6
4 4 687 26
18 4 1334 9
18 18 1334 3
15 15 1135 4
11 15 1280 11
11 11 1280 11
16 16 281 1
13 8 679 10
13 13 679 6
13 13 882 11
15 15 1159 15
12 12 1291 1
17 17 119 4
18 18 968 7
0 0 1347 3
3 3 405 4
17 17 240 13
3 3 718 8
3 3 1157 4
9 9 397 8
7 12 693 4
7 7 693 5
7 7 1024 3
10 11 1316 13
10 10 1316 15
4 4 1407 1
12 12 1101 9
17 17 701 8
14 14 921 6
2 2 1246 4
2 2 372 2
2 2 929 13
4 4 1396 11
4 4 282 33
8 8 627 6
1 17 979 13
1 1 979 1
11 11 1115 2
7 7 714 5
7 5 1169 6
7 7 1169 1
18 3 915 14
18 18 915 3
13 13 1084 1
16 16 781 9
17 17 145 2
1 19 564 9
1 1 564 8
0 10 572 14
0 0 572 1
0 0 1121 6
1 1 1301 1
16 8 488 7
16 16 488 3
19 17 589 6
19 19 589 9
5 2 293 9
5 5 293 5
16 3 299 1
16 16 299 3
7 17 908 8
7 7 908 3
7 1 1371 2
7 7 1371 7
11 11 457 2
14 4 1383 1
14 14 1383 10
17 17 916 16
17 17 479 1
19 13 1112 3
19 19 1112 1
1 3 104 4
1 1 104 1
19 19 377 2
19 2 812 1
19 19 812 2
6 6 1133 6
15 15 1427 8
8 9 230 1
8 8 230 1
11 14 147 2
11 11 147 1
12 14 1165 11
12 12 1165 3
7 6 484 6
7 7 484 5
12 12 1282 3
1 12 867 6
1 1 867 8
1 1 470 2
18 1 1420 14
18 18 1420 1
19 14 486 2
19 19 486 2
14 14 1292 5
7 2 280 8
7 7 280 1
10 11 89 5
10 10 89 21
12 12 575 5
16 16 245 9
13 13 1309 9
18 10 850 13
18 18 850 1
19 13 160 7
19 19 160 1
6 0 503 11
6 6 503 5
5 5 1399 12
3 3 1307 7
4 4 1195 1
7 18 884 3
7 7 884 3
9 9 1056 1
10 18 1214 11
10 10 1214 1
10 10 417 4
14 14 787 4
2 3 1096 11
2 2 1096 3
18 12 741 14
18 18 741 6
2 2 450 30
19 19 708 9
3 5 542 6
3 3 542 14
6 9 1310 6
6 6 1310 4
5 5 302 28
5 2 1017 10
5 5 1017 7
7 7 62 1
6 10 1330 11
6 6 1330 1
3 6 1412 8
3 3 1412 7
6 6 188 1
14 14 585 2
18 14 164 9
18 18 164 7
18 15 628 11
18 18 628 3
1 2 741 11
1 1 741 1
4 4 234 8
6 6 681 3
6 13 242 13
6 6 242 2
14 0 275 10
14 14 275 6
2 2 263 2
19 7 719 8
19 19 719 9
16 19 1406 9
16 16 1406 7
13 13 868 3
17 19 542 6
17 17 542 4
0 17 1004 1
0 0 1004 2
0 0 1158 1
3 3 361 9
14 14 313 9
4 4 1027 4
10 10 1018 5
10 10 567 8
11 2 1423 8
11 11 1423 7
9 9 1240 2
19 4 315 4
19 19 315 7
14 3 1111 11
14 14 1111 13
15 17 1359 2
15 15 1359 13
17 17 868 10
12 19 1041 7
12 12 1041 1
8 16 523 1
8 8 523 3
1 1 661 1
1 6 344 7
1 1 344 3
13 0 1007 6
13 13 1007 1
2 2 947 2
5 5 1189 15
5 13 1392 13
5 5 1392 5
7 15 1027 3
7 7 1027 5
5 5 390 5
5 5 593 30
7 15 422 13
7 7 422 6
7 10 877 4
7 7 877 1
7 7 1336 21
9 12 1065 1
9 9 1065 1
16 18 341 2
16 16 341 1
13 0 955 7
13 13 955 4
4 4 1160 2
15 5 939 5
15 15 939 2
13 13 1244 2
2 2 1091 1
19 5 717 13
19 19 717 2
4 4 757 4
7 6 515 7
7 7 515 2
6 6 1297 3
6 17 858 10
6 6 858 1
4 4 1313 2
11 4 369 3
11 11 369 5
16 13 298 11
16 16 298 1
10 10 1032 1
14 17 1393 3
14 14 1393 4
17 17 1075 2
12 12 1185 6
13 13 1069 2
18 18 473 6
0 8 884 7
0 0 884 1
0 0 1262 2
2 2 725 4
3 3 193 16
11 11 890 2
5 3 696 14
5 5 696 13
9 16 240 1
9 9 240 13
7 4 531 11
7 7 531 6
11 18 762 4
11 11 762 6
0 0 1188 2
14 6 1380 12
14 14 1380 3
14 10 398 11
14 14 398 4
16 11 537 14
16 16 537 10
19 19 1239 3
0 18 995 8
0 0 995 4
2 2 430 4
0 0 1181 2
4 4 352 8
4 4 1034 8
9 5 416 14
9 9 416 1
7 12 213 2
7 7 213 4
10 10 75 6
6 3 717 1
6 6 717 9
12 12 224 2
15 19 771 9
15 15 771 6
15 1 766 2
15 15 766 3
16 16 680 1
4 4 954 3
7 7 415 2
19 12 173 3
19 19 173 9
11 12 367 7
11 11 367 1
16 11 1043 5
16 16 1043 5
13 13 127 2
17 15 1006 1
17 17 1006 12
16 16 711 1
0 18 513 6
0 0 513 1
6 12 1288 4
6 6 1288 5
5 7 272 9
5 5 272 1
19 7 1167 6
19 19 1167 18
7 8 44 1
7 7 44 4
10 1 272 5
10 10 272 4
18 12 490 6
18 18 490 1
11 1 508 11
11 11 508 4
2 2 1270 27
15 15 1130 5
15 4 412 8
15 15 412 22
18 6 582 11
18 18 582 4
0 0 1253 8
15 15 706 4
4 4 1122 7
9 9 678 1
13 3 607 9
13 13 607 2
15 15 598 4
1 1 886 9
18 19 812 10
18 18 812 4
5 5 585 2
16 0 16 8
16 16 16 8
3 3 1249 2
4 18 1265 1
4 4 1265 7
7 12 263 7
7 7 263 12
12 12 159 7
10 10 446 2
16 16 687 1
5 5 1175 2
6 3 1392 4
6 6 1392 1
3 1 1294 7
3 3 1294 11
8 11 420 1
8 8 420 3
9 9 314 9
9 14 1115 13
9 9 1115 5
12 13 1216 9
12 12 1216 1
15 15 372 1
19 19 1031 2
18 16 5 1
18 18 5 7
0 17 1101 3
0 0 1101 5
5 5 916 4
4 4 763 2
6 6 852 2
8 7 51 9
8 8 51 2
11 16 1236 5
11 11 1236 3
11 11 46 7
0 0 800 10
13 13 1119 9
0 0 285 3
0 8 834 12
0 0 834 1
1 1 116 9
1 1 1250 1
15 16 1292 7
15 15 1292 11
6 6 1097 5
8 16 824 7
8 8 824 8
4 4 1129 8
17 17 1387 9
17 17 1214 1
19 10 1346 6
19 19 1346 10
19 16 1253 1
19 19 1253 6
2 17 1005 13
2 2 1005 4
3 3 348 13
5 8 96 8
5 5 96 41
4 10 1272 5
4 4 1272 13
9 9 101 3
19 11 929 1
19 19 929 6
14 14 214 1
14 9 267 9
14 14 267 8
18 9 237 1
18 18 237 1
16 5 952 12
16 16 952 2
2 2 339 33
2 7 924 14
2 2 924 5
4 4 936 4
4 4 485 4
11 1 5 14
11 11 5 11
18 18 84 2
8 8 744 5
19 9 1036 4
19 19 1036 1
12 15 474 2
12 12 474 7
4 4 63 15
8 8 167 2
5 15 258 13
5 5 258 13
7 2 34 4
7 7 34 4
11 13 1229 11
11 11 1229 1
6 6 522 2
17 17 1062 4
11 11 1230 3
13 13 1112 3
18 15 600 2
18 18 600 3
6 14 1088 1
6 6 1088 7
5 19 659 1
5 5 659 15
5 11 878 4
5 5 878 3
9 9 29 4
11 18 180 11
11 11 180 2
12 11 62 4
12 12 62 7
19 18 39 5
19 19 39 6
15 6 676 8
15 15 676 20
16 1 526 4
16 16 526 3
1 15 832 8
1 1 832 7
0 16 1341 13
0 0 1341 6
6 6 548 2
5 5 548 2
13 13 511 2
7 2 192 14
7 7 192 7
10 8 657 10
10 10 657 9
9 9 1268 3
11 11 261 2
15 13 560 5
15 15 560 8
14 14 217 6
16 16 669 7
18 14 228 11
18 18 228 9
18 6 689 2
18 18 689 4
8 8 410 3
5 9 1177 8
5 5 1177 11
8 15 541 5
8 8 541 27
0 0 279 6
18 10 440 3
18 18 440 6
11 7 975 14
11 11 975 4
16 7 1144 2
16 16 1144 9
16 16 402 4
13 13 1216 3
16 0 1166 5
16 16 1166 5
10 10 63 11
18 18 1165 10
5 17 1066 11
5 5 1066 2
6 0 1192 14
6 6 1192 1
3 3 1078 10
3 3 1421 7
5 16 966 6
5 5 966 6
12 12 985 13
9 11 840 7
9 9 840 4
10 18 1411 10
10 10 1411 3
16 3 1175 4
16 16 1175 3
11 17 991 5
11 11 991 3
16 11 33 3
16 16 33 1
15 14 491 2
15 15 491 3
16 8 1072 4
16 16 1072 5
16 9 1197 13
16 16 1197 3
3 3 855 1
7 7 631 6
11 11 742 9
13 5 129 9
13 13 129 3
18 8 793 4
18 18 793 1
0 0 1332 4
4 4 324 2
3 8 1236 3
3 3 1236 13
11 0 986 13
11 11 986 2
7 7 370 7
11 12 1053 6
11 11 1053 4
9 9 554 2
11 19 314 14
11 11 314 3
12 5 721 7
12 12 721 2
17 17 825 5
16 13 207 8
16 16 207 6
13 1 1331 9
13 13 1331 12
1 3 714 12
1 1 714 11
19 16 348 13
19 19 348 7
5 11 1154 5
5 5 1154 4
9 9 1384 5
4 14 491 11
4 4 491 6
6 16 1048 1
6 6 1048 1
6 6 499 1
10 10 421 7
9 9 1102 1
8 8 967 3
13 13 984 12
14 10 644 13
14 14 644 2
0 0 1106 6
4 4 720 16
3 3 616 10
2 2 6 17
9 0 190 11
9 9 190 1
11 11 1275 5
9 2 1284 13
9 9 1284 4
13 13 809 1
15 19 517 7
15 15 517 21
0 0 515 16
14 16 683 6
14 14 683 6
18 1 586 5
18 18 586 10
19 16 424 10
19 19 424 5
17 17 66 7
0 0 1096 1
14 15 1152 3
14 14 1152 2
10 10 586 2
11 5 1352 1
11 11 1352 5
11 10 799 1
11 11 799 4
13 15 465 9
13 13 465 6
17 10 879 4
17 17 879 13
9 0 816 8
9 9 816 10
16 16 183 1
14 14 934 5
2 2 1303 7
16 3 841 14
16 16 841 2
0 0 1291 24
18 12 816 3
18 18 816 5
4 4 1014 5
19 19 1063 1
5 5 534 5
2 2 995 3
7 12 765 1
7 7 765 2
9 16 1254 10
9 9 1254 5
18 19 101 10
18 18 101 14
14 14 1085 4
16 16 369 1
5 5 286 7
16 3 651 11
16 16 651 8
7 7 685 2
13 9 307 7
13 13 307 2
8 2 14 9
8 8 14 2
19 19 324 1
5 6 492 8
5 5 492 17
6 6 490 2
10 10 428 11
19 19 763 16
16 7 473 1
16 16 473 1
17 17 963 1
14 12 655 6
14 14 655 4
1 11 905 5
1 1 905 4
2 2 1081 7
17 17 493 17
1 1 1373 6
8 8 1328 3
5 11 381 4
5 5 381 1
6 9 389 8
6 6 389 3
9 3 167 13
9 9 167 2
13 13 663 3
12 12 481 3
12 0 814 9
12 12 814 2
14 11 453 4
14 14 453 5
13 13 1091 9
2 2 1407 24
18 9 1016 1
18 18 1016 1
3 3 766 1
6 16 638 2
6 6 638 4
7 14 158 1
7 7 158 3
9 9 715 1
19 4 798 8
19 19 798 3
12 12 43 4
17 17 637 4
15 15 1220 3
16 17 1390 14
16 16 1390 1
18 7 190 9
18 18 190 1
1 1 286 2
2 2 388 2
2 18 1009 7
2 2 1009 18
2 2 570 5
4 17 1021 9
4 4 1021 6
4 3 330 9
4 4 330 7
5 9 543 4
5 5 543 4
7 7 352 5
7 19 762 1
7 7 762 3
9 11 1263 9
9 9 1263 1
7 7 1173 7
13 14 633 11
13 13 633 3
14 6 178 11
14 14 178 4
13 8 161 14
13 13 161 1
15 16 159 14
15 15 159 8
18 10 308 14
18 18 308 1
18 13 666 9
18 18 666 6
18 9 1383 1
18 18 1383 2
14 15 1315 3
14 14 1315 2
4 4 908 7
8 13 1277 2
8 8 1277 3
5 5 469 13
8 8 71 5
16 16 434 3
7 14 1291 6
7 7 1291 12
9 11 1144 14
9 9 1144 8
2 2 832 16
17 17 964 11
19 8 1064 7
19 19 1064 12
17 8 411 2
17 17 411 8
18 18 1401 1
8 1 1335 8
8 8 1335 1
5 5 358 7
6 3 380 1
6 6 380 5
7 11 6 10
7 7 6 14
13 13 141 7
19 19 675 3
17 17 1026 4
12 12 1394 18
18 5 577 4
18 18 577 5
2 2 86 1
4 9 162 5
4 4 162 40
4 2 1076 5
4 4 1076 5
8 16 1227 11
8 8 1227 6
9 9 716 10
10 10 1311 5
11 19 368 5
11 11 368 1
14 14 434 1
15 15 696 3
15 14 119 11
15 15 119 13
0 18 111 7
0 0 111 12
1 5 279 4
1 1 279 1
18 14 448 10
18 18 448 12
8 3 938 11
8 8 938 14
4 4 1243 2
10 10 946 3
16 16 1203 6
9 6 605 2
9 9 605 14
9 9 1040 9
3 3 1209 13
12 12 766 2
15 15 882 2
17 17 375 2
13 10 1374 13
13 13 1374 4
16 1 773 4
16 16 773 5
18 2 661 12
18 18 661 5
19 14 225 6
19 19 225 7
19 19 660 9
5 10 1277 2
5 5 1277 5
8 8 162 5
6 6 915 3
11 7 960 9
11 11 960 1
13 13 666 1
9 16 795 9
9 9 795 2
11 8 1003 2
11 11 1003 4
17 7 1130 2
17 17 1130 1
18 10 16 2
18 18 16 2
15 15 350 13
0 13 344 2
0 0 344 16
1 14 49 2
1 1 49 9
11 11 547 4
8 1 1342 7
8 8 1342 3
5 6 148 1
5 5 148 15
6 6 802 3
5 9 826 12
5 5 826 1
10 9 165 8
10 10 165 12
7 19 1425 13
7 7 1425 2
3 3 1180 10
13 2 852 1
13 13 852 5
13 17 287 12
13 13 287 1
12 12 1385 9
4 12 1046 2
4 4 1046 1
0 0 1238 7
18 6 1235 10
18 18 1235 8
6 6 189 4
7 18 1219 6
7 7 1219 4
9 9 34 17
11 11 770 4
14 3 677 9
14 14 677 6
14 2 326 13
14 14 326 1
14 18 955 1
14 14 955 2
19 19 1295 11
18 13 893 8
18 18 893 1
6 6 726 5
8 6 486 13
8 8 486 4
9 9 504 4
11 7 242 8
11 11 242 4
10 10 1257 3
3 3 1251 19
15 15 1420 5
15 15 891 2
1 1 153 4
0 10 1423 11
0 0 1423 2
19 3 669 3
19 19 669 3
16 6 761 10
16 16 761 6
4 4 114 7
5 18 455 11
5 5 455 2
4 2 1361 12
4 4 1361 2
11 19 454 4
11 11 454 3
9 1 1130 7
9 9 1130 9
9 9 98 3
16 8 1115 7
16 16 1115 3
13 13 391 2
16 9 501 3
16 16 501 1
16 16 954 1
1 6 924 5
1 1 924 1
18 18 82 1
2 2 184 17
9 9 967 15
8 17 890 2
8 8 890 1
6 13 805 5
6 6 805 14
17 17 1081 21
9 16 218 5
9 9 218 3
7 18 20 14
7 7 20 4
9 9 1312 4
19 19 785 3
13 13 1247 21
12 0 398 11
12 12 398 4
13 18 280 11
13 13 280 1
14 14 531 26
13 13 1075 9
15 15 207 1
4 4 859 8
6 6 1054 17
18 0 709 1
18 18 709 5
8 8 286 8
7 4 1055 13
7 7 1055 3
12 12 208 4
14 0 329 6
14 14 329 2
18 2 171 7
18 18 171 4
0 17 930 7
0 0 930 13
18 18 1367 4
9 11 948 13
9 9 948 3
9 9 591 10
9 9 1026 2
18 6 838 14
18 18 838 5
0 0 555 7
16 16 802 2
16 4 759 6
16 16 759 2
18 12 58 3
18 18 58 5
13 13 1102 3
4 4 121 6
4 4 438 12
5 11 448 11
5 5 448 7
5 5 923 4
7 1 476 13
7 7 476 2
7 7 939 1
8 8 772 3
12 13 310 5
12 12 310 1
16 16 817 1
18 18 534 1
14 0 257 4
14 14 257 4
3 3 589 3
8 8 865 4
5 2 812 11
5 5 812 1
12 18 976 5
12 12 976 4
9 16 117 6
9 9 117 9
9 9 1321 4
11 17 118 1
11 11 118 6
13 13 699 3
12 12 597 5
16 16 123 15
11 11 1329 3
0 0 778 5
4 4 1137 12
19 1 1383 7
19 19 1383 3
4 4 834 1
4 4 159 3
6 10 602 5
6 6 602 5
5 5 738 5
10 10 617 8
9 9 1210 6
11 14 1361 9
11 11 1361 10
13 7 215 2
13 13 215 12
14 14 336 8
14 8 901 1
14 14 901 2
8 8 382 2
19 19 1009 1
10 10 991 3
6 6 1013 32
11 12 979 6
11 11 979 7
3 3 1320 13
7 9 734 2
7 7 734 5
7 14 1189 12
7 7 1189 1
5 5 550 3
15 11 1426 4
15 15 1426 1
16 1 340 12
16 16 340 1
17 17 346 3
16 16 750 6
1 10 544 10
1 1 544 3
18 18 766 1
8 8 1348 15
11 3 909 6
11 11 909 1
6 11 900 8
6 6 900 2
12 12 1046 2
7 1 469 1
7 7 469 5
11 11 30 2
11 11 421 1
18 18 827 2
19 7 1259 4
19 19 1259 4
13 12 1039 3
13 13 1039 5
18 18 507 10
0 0 146 16
1 4 4 12
1 1 4 10
0 0 1036 4
4 11 247 1
4 4 247 2
6 0 706 9
6 6 706 3
6 2 791 9
6 6 791 9
7 16 106 8
7 7 106 8
12 9 119 7
12 12 119 4
13 0 895 13
13 13 895 6
12 1 969 7
12 12 969 6
16 9 114 13
16 16 114 2
15 15 474 1
0 0 538 3
0 2 769 1
0 0 769 1
2 2 614 6
18 1 844 1
18 18 844 2
18 18 331 4
9 4 1187 8
9 9 1187 1
10 10 1331 10
18 14 1424 2
18 18 1424 2
13 11 208 5
13 13 208 7
14 14 1139 3
0 12 75 14
0 0 75 1
18 18 1331 1
8 0 1073 14
8 8 1073 3
8 5 582 3
8 8 582 3
10 15 854 6
10 10 854 9
7 7 776 3
13 13 356 4
11 8 902 7
11 11 902 6
13 7 918 7
13 13 918 3
13 13 1207 3
0 1 250 10
0 0 250 4
3 3 1405 6
4 4 778 15
8 8 53 3
6 19 1322 8
6 6 1322 2
15 6 1046 3
15 15 1046 1
7 14 466 8
7 7 466 1
7 9 921 6
7 7 921 2
11 16 474 8
11 11 474 1
8 0 952 11
8 8 952 5
16 10 474 1
16 16 474 2
14 14 629 3
1 5 999 6
1 1 999 1
18 8 959 8
18 18 959 2
18 18 520 4
0 19 1027 2
0 0 1027 3
19 1 801 5
19 19 801 6
9 9 179 3
3 3 602 12
6 2 709 11
6 6 709 5
10 5 197 12
10 10 197 5
11 3 100 1
11 11 100 7
13 10 685 3
13 13 685 3
2 2 512 21
17 17 554 6
19 0 1210 6
19 19 1210 2
1 19 23 13
1 1 23 2
19 19 36 2
18 10 1124 11
18 18 1124 3
4 4 816 4
19 1 147 2
19 19 147 5
6 6 153 8
10 10 974 2
16 7 420 2
16 16 420 3
7 15 703 7
7 7 703 5
7 13 1034 10
7 7 1034 1
19 3 807 14
19 19 807 4
16 16 53 15
12 12 1111 6
17 17 699 2
16 4 589 12
16 16 589 2
19 1 584 13
19 19 584 5
1 1 1109 2
3 3 386 1
8 8 386 23
9 9 276 2
11 3 618 8
11 11 618 15
16 10 381 8
16 16 381 4
13 3 911 7
13 13 911 7
17 17 769 2
16 13 791 10
16 16 791 1
17 17 641 7
1 2 562 8
1 1 562 1
18 1 752 4
18 18 752 10
4 4 537 2
13 18 343 2
13 13 343 1
8 6 1159 12
8 8 1159 2
2 2 120 3
7 19 573 10
7 7 573 1
10 10 800 3
11 10 633 5
11 11 633 3
10 10 1052 3
13 13 1025 14
1 18 419 6
1 1 419 4
18 14 1228 13
18 18 1228 2
12 11 783 9
12 12 783 5
8 11 683 5
8 8 683 1
7 5 417 10
7 7 417 5
7 8 88 2
7 7 88 2
10 14 204 13
10 10 204 2
11 11 726 5
11 4 157 2
11 11 157 13
16 17 1238 2
16 16 1238 3
17 17 1240 5
14 4 1007 7
14 14 1007 1
19 15 1219 4
19 19 1219 5
19 19 45 1
7 7 963 1
4 4 372 4
3 12 1156 14
3 3 1156 1
11 11 930 3
5 5 457 5
9 19 71 1
9 9 71 3
7 8 180 9
7 7 180 1
15 15 556 4
16 1 1424 8
16 16 1424 10
13 17 194 2
13 13 194 2
14 10 240 4
14 14 240 3
18 0 739 11
18 18 739 2
15 15 89 2
19 16 1328 13
19 19 1328 2
0 0 910 3
15 16 987 1
15 15 987 1
15 15 41 7
5 5 815 11
3 16 862 3
3 3 862 15
6 8 990 3
6 6 990 6
16 8 122 5
16 16 122 1
11 11 1114 1
9 7 619 12
9 9 619 4
11 2 379 13
11 11 379 6
13 13 83 5
17 17 1018 6
5 10 1258 9
5 5 1258 2
15 2 206 13
15 15 206 1
0 16 200 13
0 0 200 1
18 10 747 4
18 18 747 5
5 13 1219 8
5 5 1219 12
6 3 1235 14
6 6 1235 3
3 10 1007 11
3 3 1007 1
6 1 873 5
6 6 873 4
0 0 254 7
10 10 811 17
11 13 1195 12
11 11 1195 3
9 9 61 6
11 4 396 7
11 11 396 1
15 2 981 14
15 15 981 1
2 2 704 10
3 1 210 4
3 3 210 15
2 2 246 1
5 5 250 8
8 19 231 7
8 8 231 12
10 10 698 10
9 9 1349 3
5 5 3 8
13 13 309 6
16 16 103 2
19 2 1224 3
19 19 1224 2
18 18 1421 3
19 19 81 7
3 3 518 11
8 4 1111 11
8 8 1111 4
5 3 11 3
5 5 11 2
10 10 1357 2
11 11 1417 3
2 2 596 1
14 18 323 12
14 14 323 2
18 11 851 6
18 18 851 4
19 19 163 3
19 4 598 8
19 19 598 9
19 13 937 2
19 19 937 6
6 6 1420 5
8 8 635 4
7 8 887 11
7 7 887 13
11 4 235 14
11 11 235 7
10 10 1215 2
16 0 1062 11
16 16 1062 2
15 15 941 2
14 14 735 3
16 16 714 4
1 8 247 4
1 1 247 1
18 18 1199 3
1 16 1389 5
1 1 1389 1
16 15 1216 10
16 16 1216 7
3 12 513 10
3 3 513 5
6 1 864 11
6 6 864 1
10 10 722 4
7 9 900 7
7 7 900 4
14 17 243 10
14 14 243 11
17 17 369 3
13 13 477 3
17 8 471 5
17 17 471 1
18 18 479 7
5 5 1315 1
19 19 820 2
5 9 972 10
5 5 972 4
3 3 686 1
5 4 227 7
5 5 227 10
4 4 1149 11
9 3 224 5
9 9 224 7
10 4 254 13
10 10 254 3
10 10 1348 4
12 0 416 3
12 12 416 3
4 4 1008 1
12 12 1338 5
16 15 547 6
16 16 547 2
2 8 1342 6
2 2 1342 4
1 7 302 13
1 1 302 6
14 11 593 2
14 14 593 2
0 0 1159 12
19 8 155 12
19 19 155 5
19 19 152 3
6 6 201 2
16 16 1422 1
13 13 244 10
17 17 859 9
8 8 699 6
0 0 698 2
2 1 327 8
2 2 327 12
19 16 607 11
19 19 607 1
5 7 1188 2
5 5 1188 1
17 11 219 9
17 17 219 7
2 2 420 10
10 10 842 2
18 8 686 9
18 18 686 3
4 4 420 1
13 19 69 2
13 13 69 2
16 6 439 13
16 16 439 4
10 10 220 3
16 7 705 14
16 16 705 1
2 4 1088 4
2 2 1088 2
15 1 461 5
15 15 461 1
5 5 623 5
8 8 1383 5
6 18 859 5
6 6 859 2
1 1 806 4
7 19 54 9
7 7 54 2
7 10 1021 11
7 7 1021 3
0 0 429 4
10 14 1033 1
10 10 1033 4
13 13 779 7
14 17 28 5
14 14 28 2
15 15 406 6
1 1 963 10
0 0 885 5
18 18 620 8
9 4 1334 3
9 9 1334 15
16 16 1254 3
19 1 655 2
19 19 655 5
6 19 234 4
6 6 234 8
7 7 212 1
7 7 530 1
14 14 182 6
10 10 1359 7
13 13 156 3
17 17 1219 18
18 13 657 9
18 18 657 4
0 11 447 1
0 0 447 3
1 1 295 7
2 2 24 10
10 19 994 9
10 10 994 4
10 3 575 14
10 10 575 1
7 0 675 1
7 7 675 3
9 9 1216 3
11 7 273 2
11 11 273 3
16 6 1413 6
16 16 1413 7
0 0 783 5
14 14 197 4
17 17 679 14
16 14 681 8
16 16 681 3
14 6 727 9
14 14 727 3
15 15 1318 3
13 0 861 11
13 13 861 7
3 3 949 28
3 3 1288 6
9 12 1090 11
9 9 1090 6
9 10 304 13
9 9 304 6
9 9 1105 8
3 3 655 3
17 17 1005 1
0 17 360 12
0 0 360 4
1 5 542 6
1 1 542 2
0 0 514 1
8 6 114 14
8 8 114 1
4 4 765 8
11 11 1071 2
4 12 391 11
4 4 391 1
6 8 850 11
6 6 850 2
8 10 13 9
8 8 13 1
10 10 708 2
7 12 1018 3
7 7 1018 3
2 2 848 5
8 8 476 7
14 14 1401 7
17 17 1067 1
14 18 487 4
14 14 487 1
18 0 240 14
18 18 240 4
14 15 566 12
14 14 566 5
1 2 114 9
1 1 114 2
3 3 1107 15
18 18 1114 6
7 6 523 12
7 7 523 1
0 0 172 11
13 18 288 4
13 13 288 2
16 5 170 2
16 16 170 3
16 3 529 7
16 16 529 8
1 18 885 7
1 1 885 1
0 19 1019 14
0 0 1019 1
16 13 1112 7
16 16 1112 2
3 3 342 6
4 6 360 5
4 4 360 1
7 7 664 11
6 6 1081 6
15 15 1372 31
9 16 802 12
9 9 802 3
15 15 710 3
4 3 748 1
4 4 748 8
1 1 742 2
19 19 182 8
11 0 639 13
11 11 639 1
4 4 930 6
6 9 1393 12
6 6 1393 3
7 17 866 2
7 7 866 5
9 9 1415 7
10 10 1192 4
13 2 940 2
13 13 940 10
17 17 1427 1
12 11 1217 13
12 12 1217 16
0 0 367 2
9 10 525 11
9 9 525 19
18 5 1176 13
18 18 1176 4
8 13 1301 8
8 8 1301 2
14 10 1261 7
14 14 1261 1
6 6 414 4
11 5 1239 2
11 11 1239 1
10 6 1083 12
10 10 1083 1
16 16 1178 3
17 0 1068 13
17 17 1068 1
11 4 1394 13
11 11 1394 12
13 13 1118 1
1 11 989 6
1 1 989 6
0 2 835 13
0 0 835 4
15 15 385 1
19 19 404 2
2 2 676 10
6 9 1102 3
6 6 1102 1
7 7 181 1
9 2 1377 8
9 9 1377 6
16 3 1380 11
16 16 1380 10
17 17 1213 1
16 14 718 12
16 16 718 7
0 3 1010 11
0 0 1010 3
17 3 734 6
17 17 734 19
14 10 708 14
14 14 708 7
1 4 1042 1
1 1 1042 12
9 9 1259 2
6 6 119 9
10 2 916 13
10 10 916 1
9 14 575 9
9 9 575 5
7 7 1116 3
10 10 674 3
13 13 31 2
12 15 1129 1
12 12 1129 12
1 1 782 7
15 14 186 2
15 15 186 9
0 11 60 2
0 0 60 15
18 19 1280 2
18 18 1280 4
8 4 1218 14
8 8 1218 9
5 5 587 2
11 1 1151 9
11 11 1151 6
11 11 412 9
9 9 928 1
13 13 112 4
16 5 865 2
16 16 865 12
18 18 432 2
0 9 171 11
0 0 171 1
19 12 300 11
19 19 300 4
5 15 182 2
5 5 182 12
8 15 742 1
8 8 742 2
7 14 29 5
7 7 29 5
9 9 838 2
10 13 1058 13
10 10 1058 7
14 14 748 10
12 9 1359 10
12 12 1359 4
0 0 655 21
0 13 1268 2
0 0 1268 4
19 4 848 10
19 19 848 4
3 3 1359 9
17 17 1379 6
7 7 178 2
3 3 1088 19
18 10 1362 13
18 18 1362 5
12 12 580 17
12 5 913 9
12 12 913 2
1 7 839 3
1 1 839 2
2 2 440 2
16 0 688 10
16 16 688 1
8 19 1146 11
8 8 1146 7
5 15 547 2
5 5 547 1
9 9 544 3
7 7 1109 7
11 4 260 10
11 11 260 1
14 14 444 7
15 15 724 4
11 12 1415 12
11 11 1415 1
19 19 635 4
1 1 1040 2
18 18 374 2
10 1 443 13
10 10 443 3
7 12 1311 5
7 7 1311 2
10 9 1114 6
10 10 1114 1
4 4 528 4
0 13 381 10
0 0 381 1
0 0 162 9
0 0 535 3
0 19 1116 3
0 0 1116 5
6 12 1193 6
6 6 1193 1
18 19 446 5
18 18 446 2
8 8 749 5
6 6 392 1
7 16 26 2
7 7 26 3
8 11 1182 4
8 8 1182 2
11 10 648 5
11 11 648 3
10 9 1424 3
10 10 1424 4
11 11 374 3
13 1 506 13
13 13 506 5
16 12 34 8
16 16 34 5
14 14 557 9
19 19 1157 1
14 4 322 2
14 14 322 1
19 6 374 3
19 19 374 3
0 19 1227 7
0 0 1227 6
5 19 911 7
5 5 911 5
11 16 774 7
11 11 774 8
10 10 576 10
11 3 172 1
11 11 172 8
12 6 54 8
12 12 54 7
15 15 1338 13
18 10 796 9
18 18 796 5
3 3 409 9
16 6 518 6
16 16 518 1
7 7 911 3
16 2 1421 13
16 16 1421 1
19 12 531 11
19 19 531 16
19 19 966 3
4 16 776 2
4 4 776 2
18 15 291 9
18 18 291 1
9 14 438 13
9 9 438 1
19 0 525 13
19 19 525 6
7 18 824 3
7 7 824 2
7 3 647 8
7 7 647 1
11 11 317 3
14 14 161 12
18 17 681 12
18 18 681 2
18 18 1394 7
11 11 1048 5
5 5 1372 4
5 0 482 8
5 5 482 9
6 10 496 13
6 6 496 1
9 9 999 18
9 9 1101 1
11 9 394 3
11 11 394 2
13 10 983 3
13 13 983 1
17 17 1414 13
0 2 943 6
0 0 943 2
16 14 863 7
16 16 863 2
0 0 750 10
19 19 753 6
3 17 148 2
3 3 148 15
6 0 1177 4
6 6 1177 2
6 9 830 14
6 6 830 15
12 12 921 2
14 9 1248 5
14 14 1248 2
12 12 491 5
12 12 816 3
14 14 451 2
15 15 499 1
18 18 309 3
18 18 1044 1
9 0 1261 1
9 9 1261 2
15 5 167 13
15 15 167 7
6 14 644 2
6 6 644 2
8 5 355 2
8 8 355 5
5 6 863 2
5 5 863 4
9 12 14 11
9 9 14 2
11 1 798 4
11 11 798 1
8 8 134 2
16 7 1297 6
16 16 1297 2
19 1 1275 4
19 19 1275 2
1 1 260 14
6 8 64 7
6 6 64 3
6 6 535 11
10 10 976 10
10 8 897 7
10 10 897 8
7 6 817 2
7 7 817 6
5 5 138 1
10 10 1277 2
13 13 639 8
16 16 370 11
14 14 493 5
0 0 630 1
13 13 555 2
3 3 12 2
3 10 451 11
3 3 451 2
3 3 918 11
5 11 491 13
5 5 491 1
5 5 934 2
10 10 784 14
11 4 1243 5
11 11 1243 3
10 9 1100 2
10 10 1100 8
6 2 976 3
6 6 976 2
16 13 385 12
16 16 385 2
19 19 1058 2
18 3 563 3
18 18 563 3
13 13 691 6
6 16 1179 2
6 6 1179 13
14 14 1299 2
8 8 667 4
11 11 646 2
11 3 77 7
11 11 77 11
11 1 1104 5
11 11 1104 1
17 17 595 2
17 17 422 7
2 2 1404 1
18 14 1017 1
18 18 1017 2
9 9 212 6
1 19 1229 10
1 1 1229 3
16 3 756 10
16 16 756 3
8 8 981 1
5 8 856 9
5 5 856 7
11 13 791 7
11 11 791 1
13 13 743 10
12 12 542 3
15 15 1223 3
0 0 606 8
18 14 191 6
18 18 191 2
3 3 300 15
1 12 1419 13
1 1 1419 6
1 1 1150 5
8 8 932 4
4 4 1245 3
11 11 868 1
11 0 299 3
11 11 299 2
13 13 632 1
15 15 884 7
1 4 731 12
1 1 731 5
3 1 571 6
3 3 571 7
5 5 382 2
15 17 212 1
15 15 212 13
5 19 468 11
5 5 468 1
9 0 1099 7
9 9 1099 2
7 18 496 11
7 7 496 9
11 4 1179 7
11 11 1179 1
7 2 1233 4
7 7 1233 4
11 14 440 11
11 11 440 2
14 15 34 7
14 14 34 11
1 0 628 2
1 1 628 4
19 19 328 2
8 3 1336 12
8 8 1336 3
5 5 357 1
10 10 746 5
11 1 703 6
11 11 703 10
11 11 66 4
13 13 655 1
16 14 1277 5
16 16 1277 2
12 5 806 7
12 12 806 8
16 16 988 7
10 2 367 5
10 10 367 1
8 8 19 14
2 2 643 5
8 8 1415 1
18 10 424 4
18 18 424 1
17 17 607 22
10 10 637 1
8 12 1204 8
8 8 1204 3
11 12 211 9
11 11 211 2
15 15 699 7
0 11 96 11
0 0 96 15
0 0 981 14
11 0 812 2
11 11 812 5
8 6 1100 7
8 8 1100 2
11 11 1027 1
7 4 754 9
7 7 754 8
7 10 1209 6
7 7 1209 10
11 14 288 10
11 11 288 4
12 2 178 6
12 12 178 5
10 9 366 14
10 10 366 1
13 13 1170 2
13 13 1373 1
19 19 1398 17
8 1 1284 5
8 8 1284 3
6 2 1359 9
6 6 1359 7
1 7 912 12
1 1 912 1
5 5 936 8
7 7 489 2
7 0 1283 8
7 7 1283 4
9 9 1120 2
13 0 962 3
13 13 962 13
12 12 846 11
17 17 956 7
2 2 1032 2
1 1 48 1
5 5 964 2
4 4 27 10
19 8 280 5
19 19 280 4
13 13 648 7
13 13 851 1
15 15 462 3
19 19 1185 5
18 18 1003 12
18 7 1025 12
18 18 1025 17
18 18 1324 2
9 12 33 14
9 9 33 1
10 13 177 6
10 10 177 1
5 5 403 15
14 4 1124 13
14 14 1124 4
13 0 164 8
13 13 164 3
12 12 940 29
14 14 327 2
17 17 33 15
18 18 335 5
1 15 1413 7
1 1 1413 2
1 7 1096 7
1 1 1096 5
8 8 200 2
3 3 892 6
5 5 437 6
9 9 511 3
9 9 946 2
7 12 747 11
7 7 747 6
17 12 90 7
17 17 90 4
12 12 169 1
12 12 758 8
16 19 359 2
16 16 359 2
14 14 758 7
13 15 1366 6
13 13 1366 2
1 11 725 6
1 1 725 5
3 3 945 4
10 10 883 1
3 19 687 12
3 3 687 2
6 6 476 3
11 3 1161 14
11 11 1161 1
11 11 995 2
3 3 1222 7
12 12 1170 3
16 9 955 8
16 16 955 9
18 11 390 6
18 18 390 4
2 2 1027 5
0 0 1087 9
1 19 1191 1
1 1 1191 3
8 8 891 2
19 11 421 1
19 19 421 1
16 16 116 6
10 10 1167 8
14 14 1329 25
12 12 980 1
13 5 1133 2
13 13 1133 6
19 9 1190 12
19 19 1190 2
18 13 994 2
18 18 994 4
19 14 16 8
19 19 16 7
1 4 1232 13
1 1 1232 7
5 10 45 10
5 5 45 18
6 6 152 1
11 17 193 7
11 11 193 14
0 0 823 1
13 16 360 10
13 13 360 5
1 16 701 11
1 1 701 2
1 1 352 9
11 11 525 2
19 19 1003 2
4 4 1003 4
14 3 768 1
14 14 768 19
6 6 1011 2
4 4 1226 6
7 4 334 3
7 7 334 1
11 4 1073 14
11 11 1073 9
2 2 1145 16
16 16 93 7
10 10 154 5
19 19 238 13
18 4 961 7
18 18 961 5
16 19 146 1
16 16 146 1
5 17 463 8
5 5 463 4
5 5 922 1
7 7 938 1
7 6 1393 9
7 7 1393 2
12 12 311 6
13 6 447 3
13 13 447 5
19 19 1086 7
8 7 258 5
8 8 258 8
18 18 535 7
5 5 1151 3
8 8 695 4
8 14 204 10
8 8 204 13
11 0 442 8
11 11 442 5
13 3 272 12
13 13 272 2
15 15 476 2
1 1 456 3
2 2 502 10
18 1 1139 11
18 18 1139 1
2 2 620 4
4 4 835 5
3 3 733 1
3 3 1168 7
10 10 989 2
10 13 534 8
10 10 534 2
16 14 496 2
16 16 496 5
13 13 523 14
14 6 906 12
14 14 906 7
18 5 876 5
18 18 876 1
18 15 1337 1
18 18 1337 1
19 19 573 10
19 8 1008 11
19 19 1008 1
4 4 49 4
14 14 58 11
6 5 63 6
6 6 63 1
10 10 940 1
7 0 220 6
7 7 220 17
19 10 969 5
19 19 969 1
15 15 840 11
14 13 704 12
14 14 704 1
15 15 242 9
1 10 551 9
1 1 551 11
18 18 767 4
4 4 532 3
4 4 97 1
0 0 1059 10
8 8 1122 10
11 11 1159 2
11 13 17 6
11 11 17 2
7 7 161 17
17 17 1116 14
15 18 436 2
15 15 436 2
1 3 1005 3
1 1 1005 2
1 16 27 3
1 1 27 1
18 13 1243 4
18 18 1243 23
8 2 243 3
8 8 243 4
10 10 654 3
11 10 1300 11
11 11 1300 4
11 11 731 3
0 0 317 6
10 17 464 5
10 10 464 11
16 16 1241 3
13 13 265 7
17 17 560 3
15 19 37 9
15 15 37 4
0 0 770 1
1 19 1058 4
1 1 1058 9
16 7 689 9
16 16 689 4
18 8 886 10
18 18 886 1
18 15 1230 9
18 18 1230 2
4 17 1065 1
4 4 1065 2
7 12 250 9
7 7 250 6
9 9 173 3
11 5 808 7
11 11 808 4
11 13 255 10
11 11 255 3
14 14 1145 7
12 12 524 16
14 14 231 8
14 10 344 5
14 14 344 1
17 2 20 14
17 17 20 13
0 13 76 12
0 0 76 2
0 0 945 1
15 15 484 7
9 9 274 2
7 7 779 3
11 0 953 8
11 11 953 3
11 0 332 12
11 11 332 4
14 5 150 13
14 14 150 2
13 17 1206 7
13 13 1206 1
15 2 251 8
15 15 251 9
19 19 1426 12
0 13 544 13
0 0 544 1
18 3 1347 7
18 18 1347 3
14 14 1317 2
17 17 213 6
4 5 421 4
4 4 421 3
2 2 123 3
5 5 908 3
13 17 483 3
13 13 483 3
7 19 1383 3
7 7 1383 3
16 19 1289 6
16 16 1289 4
16 4 1089 8
16 16 1089 1
13 13 433 6
14 14 634 4
1 6 998 13
1 1 998 1
18 10 956 9
18 18 956 3
1 3 28 14
1 1 28 1
19 13 365 7
19 19 365 1
4 4 674 3
8 17 784 11
8 8 784 13
6 6 336 7
11 11 1293 1
14 10 1233 1
14 14 1233 5
12 14 436 8
12 12 436 17
19 1 1213 4
19 19 1213 1
0 8 793 12
0 0 793 7
10 10 1210 3
2 2 178 1
16 16 1341 6
5 5 843 13
13 14 831 13
13 13 831 16
10 10 536 4
7 19 702 6
7 7 702 1
18 1 54 6
18 18 54 4
13 2 573 10
13 13 573 6
12 12 523 1
16 1 742 13
16 16 742 7
8 2 91 9
8 8 91 4
3 3 389 9
3 3 856 6
5 5 425 2
6 0 41 1
6 6 41 2
19 8 653 1
19 19 653 2
7 7 719 3
11 4 958 5
11 11 958 2
12 3 666 11
12 12 666 2
14 10 153 1
14 14 153 6
15 0 465 6
15 15 465 8
6 13 185 11
6 6 185 3
7 7 1303 8
1 3 1298 9
1 1 1298 3
5 5 1241 2
6 8 1314 14
6 6 1314 3
6 18 440 6
6 6 440 10
11 11 466 5
12 12 873 6
1 19 1023 6
1 1 1023 10
1 8 418 6
1 1 418 1
0 0 726 8
10 10 244 8
1 1 1155 5
9 9 1156 5
8 8 754 9
8 8 684 5
10 10 688 5
11 15 713 11
11 11 713 1
18 18 804 5
17 17 546 8
15 8 623 12
15 15 623 13
0 0 427 2
18 18 966 2
16 14 428 6
16 16 428 5
19 19 918 5
3 3 381 5
8 8 315 4
19 3 517 1
19 19 517 7
10 10 515 19
17 7 94 3
17 17 94 9
15 15 1403 9
10 10 288 4
12 12 1428 4
14 12 927 4
14 14 927 7
1 13 665 14
1 1 665 5
17 17 830 7
6 14 1418 8
6 6 1418 1
5 2 402 6
5 5 402 1
0 0 573 2
10 4 402 10
10 10 402 7
7 17 708 1
7 7 708 4
19 19 752 1
6 6 546 2
17 15 332 6
17 17 332 10
0 0 201 1
1 17 253 7
1 1 253 7
5 5 1218 1
11 15 1416 11
11 11 1416 1
6 15 1317 8
6 6 1317 1
10 1 284 11
10 10 284 4
6 6 746 6
11 1 459 13
11 11 459 7
8 8 1187 10
1 1 110 4
5 5 1316 1
19 18 814 7
19 19 814 6
6 2 692 12
6 6 692 1
12 12 788 18
16 15 243 8
16 16 243 2
11 10 1339 7
11 11 1339 6
11 10 718 8
11 11 718 5
10 19 1370 4
10 10 1370 5
16 16 1230 4
0 0 908 2
15 18 48 2
15 15 48 4
1 19 865 14
1 1 865 2
1 12 468 13
1 1 468 2
14 0 592 14
14 14 592 1
19 4 488 1
19 19 488 2
1 19 1077 9
1 1 1077 18
7 7 712 2
3 3 689 6
8 8 1005 5
5 14 709 12
5 5 709 11
9 12 514 10
9 9 514 11
14 3 215 10
14 14 215 1
16 15 290 13
16 16 290 2
12 12 1427 1
14 14 870 4
0 10 902 3
0 0 902 6
14 14 1370 1
5 8 1397 7
5 5 1397 2
18 15 1080 13
18 18 1080 2
8 5 433 4
8 8 433 4
9 9 984 3
9 5 1427 1
9 9 1427 4
11 0 940 6
11 11 940 5
19 2 826 6
19 19 826 4
16 16 433 1
10 17 223 3
10 10 223 13
1 11 246 2
1 1 246 1
1 18 1388 5
1 1 1388 1
6 3 865 12
6 6 865 1
6 8 426 14
6 6 426 14
7 18 56 9
7 7 56 4
5 5 237 6
11 2 448 2
11 11 448 4
15 15 1126 3
16 16 448 4
6 6 452 3
16 16 980 4
0 0 676 10
18 0 1087 9
18 18 1087 1
15 10 225 11
15 15 225 17
3 5 1124 5
3 3 1124 7
8 4 346 6
8 8 346 2
9 9 231 4
11 6 138 10
11 11 138 6
15 15 578 4
17 17 103 9
0 7 1006 8
0 0 1006 4
0 0 1363 5
16 8 964 7
16 16 964 1
1 1 1038 2
4 13 814 4
4 4 814 1
8 15 916 12
8 8 916 2
7 15 275 12
7 7 275 1
10 2 565 10
10 10 565 2
11 4 1409 13
11 11 1409 3
9 9 1246 3
16 16 327 2
16 15 1423 4
16 16 1423 1
14 14 195 2
16 9 238 1
16 16 238 2
15 14 174 8
15 15 174 10
18 15 843 8
18 18 843 1
4 4 957 6
8 8 1070 1
8 8 440 4
10 10 388 1
11 16 933 6
11 11 933 7
11 10 360 2
11 11 360 5
16 16 706 1
1 1 516 3
3 16 267 7
3 3 267 17
2 8 247 10
2 2 247 4
2 2 800 7
14 14 689 7
4 8 1315 13
4 4 1315 18
7 9 49 12
7 7 49 2
11 9 1240 6
11 11 1240 2
10 10 1078 5
14 14 1399 2
1 10 288 5
1 1 288 6
17 17 900 1
18 18 471 2
13 8 1222 12
13 13 1222 3
0 10 1248 9
0 0 1248 5
2 2 723 2
6 6 1245 5
3 3 662 3
6 16 678 9
6 6 678 3
5 5 881 9
13 19 323 1
13 13 323 11
9 0 1398 12
9 9 1398 6
0 0 1040 4
14 11 961 9
14 14 961 29
1 1 294 1
0 19 1183 2
0 0 1183 5
0 0 810 4
17 17 909 7
6 15 561 7
6 6 561 20
8 5 464 3
8 8 464 2
9 12 422 7
9 9 422 4
11 3 1414 14
11 11 1414 1
8 8 797 4
12 11 226 4
12 12 226 7
13 19 236 1
13 13 236 1
16 5 229 8
16 16 229 2
14 15 880 2
14 14 880 20
1 19 748 5
1 1 748 7
7 7 1368 3
3 3 42 36
19 19 1278 4
4 4 497 2
3 3 1131 17
8 16 447 1
8 8 447 2
9 3 311 4
9 9 311 3
10 8 399 11
10 10 399 3
14 16 227 13
14 14 227 4
7 7 1278 5
10 9 1198 6
10 10 1198 5
1 10 541 10
1 1 541 1
1 14 192 9
1 1 192 4
2 2 206 13
11 2 843 13
11 11 843 4
5 4 1001 2
5 5 1001 4
9 10 128 10
9 9 128 14
11 12 1233 7
11 11 1233 3
11 7 612 3
11 11 612 2
6 2 532 1
6 6 532 3
17 17 1066 1
12 12 1370 15
18 17 549 11
18 18 549 1
18 18 462 4
19 14 1387 14
19 19 1387 1
18 18 612 2
7 7 539 18
6 6 665 6
6 10 226 14
6 6 226 8
5 6 890 1
5 5 890 11
16 10 286 2
16 16 286 4
11 6 184 4
11 11 184 4
10 10 475 12
13 12 148 8
13 13 148 8
12 12 924 7
14 19 407 7
14 14 407 3
3 3 614 2
19 12 1010 2
19 19 1010 2
0 5 1020 12
0 0 1020 5
19 8 72 10
19 19 72 3
18 18 1088 2
9 9 779 2
13 14 1295 4
13 13 1295 10
4 2 361 13
4 4 361 11
8 8 898 4
8 0 471 4
8 8 471 2
10 10 551 3
7 4 1126 3
7 7 1126 2
10 2 1222 8
10 10 1222 12
13 3 602 12
13 13 602 3
16 2 220 1
16 16 220 3
17 17 226 14
0 14 38 7
0 0 38 3
1 12 168 1
1 1 168 4
5 5 639 7
4 19 598 10
4 4 598 3
5 10 1376 5
5 5 1376 13
9 12 1414 14
9 9 1414 1
9 7 1113 3
9 9 1113 2
13 13 939 1
14 16 124 14
14 14 124 4
13 5 1228 3
13 13 1228 10
19 19 1033 3
1 1 217 4
2 2 201 5
1 15 1399 4
1 1 1399 3
18 16 765 2
18 18 765 1
5 10 978 11
5 5 978 3
11 9 1013 13
11 11 1013 3
9 9 1303 4
11 19 32 13
11 11 32 2
12 8 511 1
12 12 511 12
16 2 0 6
16 16 0 6
17 17 630 7
2 2 298 4
0 17 1278 8
0 0 1278 9
1 5 1248 10
1 1 1248 2
19 16 1093 4
19 19 1093 6
6 4 1103 6
6 6 1103 1
5 5 221 3
10 1 884 2
10 10 884 5
10 10 607 10
11 11 1319 10
17 17 1385 2
12 8 923 9
12 12 923 1
16 16 68 6
1 1 845 7
0 9 1336 13
0 0 1336 5
16 16 1227 3
9 9 852 13
7 7 648 3
10 7 917 8
10 10 917 1
10 10 558 2
7 8 1119 13
7 7 1119 7
10 10 1217 3
14 14 1070 10
13 1 30 1
13 13 30 1
13 15 1343 8
13 13 1343 10
19 19 190 2
6 6 488 2
19 18 467 6
19 19 467 4
19 12 355 8
19 19 355 6
18 5 377 5
18 18 377 2
7 4 858 1
7 7 858 7
7 7 1313 4
11 11 968 2
16 3 413 5
16 16 413 5
15 15 383 2
1 17 623 7
1 1 623 1
17 17 1361 18
5 10 1071 7
5 5 1071 4
8 8 175 9
6 6 845 5
16 4 423 1
16 16 423 3
16 19 815 7
16 16 815 2
15 15 851 9
14 14 502 17
11 11 1392 1
0 0 859 4
18 18 1059 1
1 1 1273 4
8 8 801 1
12 12 857 2
5 5 1135 2
9 19 726 2
9 9 726 5
10 2 1401 4
10 10 1401 4
16 5 1293 12
16 16 1293 1
16 17 187 14
16 16 187 1
15 18 29 10
15 15 29 2
2 2 864 10
8 14 319 13
8 8 319 22
11 5 591 2
11 11 591 4
1 2 1130 11
1 1 1130 7
3 3 794 5
5 15 87 2
5 5 87 2
9 9 473 6
15 15 1239 16
11 2 263 4
11 11 263 10
13 13 23 7
17 17 838 2
6 19 861 14
6 6 861 3
19 19 199 4
5 14 1362 13
5 5 1362 10
4 1 1392 13
4 4 1392 3
7 3 388 10
7 7 388 12
11 11 1143 3
11 11 961 7
10 17 1115 1
10 10 1115 12
17 17 932 5
13 13 104 5
13 1 1278 13
13 13 1278 1
0 17 382 2
0 0 382 13
4 4 1248 6
19 11 308 9
19 19 308 3
6 4 1198 4
6 6 1198 5
6 0 755 5
6 6 755 4
6 0 393 10
6 6 393 1
11 15 1220 3
11 11 1220 5
11 11 651 1
11 11 94 2
11 15 485 9
11 11 485 3
12 12 826 20
16 16 1000 4
18 0 315 2
18 18 315 3
0 3 647 11
0 0 647 5
16 11 1186 7
16 16 1186 4
13 18 1053 6
13 13 1053 12
3 3 754 12
6 6 642 2
3 3 734 6
7 8 625 2
7 7 625 1
11 11 792 5
16 9 260 13
16 16 260 7
5 5 435 2
17 9 753 1
17 17 753 16
16 16 519 5
0 0 961 1
19 1 95 8
19 19 95 1
1 5 1123 5
1 1 1123 7
4 6 326 10
4 4 326 4
0 0 456 9
9 12 917 7
9 9 917 10
11 7 873 4
11 11 873 1
10 10 1267 1
14 16 745 4
14 14 745 3
12 16 723 6
12 12 723 23
12 12 1048 1
16 12 193 7
16 16 193 8
14 14 844 7
18 2 614 10
18 18 614 6
16 14 733 2
16 16 733 4
4 12 920 12
4 4 920 10
4 4 267 2
6 0 940 6
6 6 940 2
6 15 497 3
6 6 497 2
17 1 1039 1
17 17 1039 2
8 8 1000 5
7 7 1250 2
11 8 397 12
11 11 397 15
4 4 1285 3
16 12 676 2
16 16 676 4
14 14 81 6
14 13 650 13
14 14 650 5
13 1 616 8
13 13 616 8
16 4 418 11
16 16 418 2
1 8 1370 13
1 1 1370 3
8 11 1291 2
8 8 1291 7
8 8 832 3
4 4 1294 1
11 5 640 11
11 11 640 6
13 8 1205 2
13 13 1205 1
13 13 807 2
14 9 410 11
14 14 410 1
16 16 814 1
18 18 1045 3
6 6 1072 9
5 9 200 1
5 5 200 3
4 11 1088 2
4 4 1088 2
7 5 622 1
7 7 622 3
7 9 1077 4
7 7 1077 1
10 10 1387 14
16 12 1354 2
16 16 1354 10
12 14 1298 1
12 12 1298 7
0 0 403 2
0 0 1410 1
5 5 89 7
5 18 532 2
5 5 532 2
7 7 357 13
11 15 1044 3
11 11 1044 4
7 0 767 11
7 7 767 3
7 0 1098 14
7 7 1098 5
14 17 1027 8
14 14 1027 4
18 5 1140 11
18 18 1140 2
3 3 101 7
2 2 1092 4
0 16 631 8
0 0 631 4
0 0 335 4
3 19 450 9
3 3 450 1
13 14 1391 6
13 13 1391 14
6 14 935 12
6 6 935 4
8 8 66 1
11 15 1347 10
11 11 1347 5
17 17 901 8
13 4 975 2
13 13 975 3
17 19 1150 8
17 17 1150 10
16 0 302 14
16 16 302 3
7 7 615 4
19 18 322 9
19 19 322 2
18 1 18 7
18 18 18 13
6 5 1176 13
6 6 1176 1
19 6 1268 10
19 19 1268 7
10 11 317 4
10 10 317 1
11 17 697 2
11 11 697 3
11 19 76 14
11 11 76 1
8 8 1019 21
11 10 1163 4
11 11 1163 3
0 9 507 4
0 0 507 4
13 13 1279 6
4 4 1097 12
13 19 177 5
13 13 177 4
8 6 982 1
8 8 982 1
6 19 193 5
6 6 193 8
18 17 1090 12
18 18 1090 8
9 2 713 10
9 9 713 2
7 4 1074 7
7 7 1074 3
7 19 247 10
7 7 247 1
15 15 1291 1
16 6 160 1
16 16 160 2
2 2 219 2
1 14 284 13
1 1 284 2
19 17 983 11
19 19 983 13
8 3 1040 10
8 8 1040 2
5 5 541 2
10 10 905 11
9 19 602 5
9 9 602 3
7 15 1091 3
7 7 1091 2
14 6 1034 11
14 14 1034 1
17 9 147 7
17 17 147 3
18 4 777 1
18 18 777 16
16 16 831 3
1 8 730 14
1 1 730 1
1 6 141 12
1 1 141 8
6 6 715 2
5 5 467 1
0 0 734 4
6 1 754 4
6 6 754 1
14 4 699 14
14 14 699 1
16 7 505 13
16 16 505 1
0 0 323 12
11 17 1406 8
11 11 1406 3
18 3 555 1
18 18 555 7
0 0 1058 1
6 6 1171 4
8 8 846 15
8 16 643 8
8 8 643 9
3 3 881 5
9 4 865 8
9 9 865 4
0 0 765 4
13 7 857 8
13 13 857 4
17 17 1024 2
16 18 8 4
16 16 8 3
13 11 1146 13
13 13 1146 14
18 18 292 15
8 1 506 1
8 8 506 6
2 16 87 4
2 2 87 13
19 19 879 8
8 17 1416 11
4 3 1411 10
4 4 1411 11
7 16 604 13
7 7 604 11
12 12 220 4
19 4 471 10
19 19 471 6
1 1 277 2
19 7 114 8
19 19 114 3
5 5 1317 3
3 12 886 7
3 3 886 3
5 19 75 6
5 5 75 12
9 8 501 2
9 9 501 3
11 11 924 2
10 19 1260 5
10 10 1260 7
13 19 624 6
13 13 624 1
13 3 1169 10
13 13 1169 1
13 3 1372 12
13 13 1372 1
1 1 1340 3
4 14 450 3
4 4 450 9
6 6 267 10
10 10 771 11
9 10 793 5
9 9 793 2
9 9 1127 3
11 4 432 6
11 11 432 8
13 19 961 5
13 13 961 1
16 4 1332 1
16 16 1332 9
5 5 590 3
16 7 837 9
16 16 837 3
19 19 414 1
18 18 546 3
0 0 1081 6
1 2 1197 3
1 1 1197 6
3 3 138 3
4 4 4 10
5 12 365 9
5 5 365 3
8 8 223 7
7 17 964 11
7 7 964 3
7 9 1427 11
13 13 647 1
13 0 850 9
13 13 850 1
9 9 693 20
0 17 830 8
0 0 830 4
13 18 625 6
13 13 625 7
1 1 1246 2
18 18 648 2
6 16 179 4
6 6 179 6
18 18 279 4
11 14 1393 6
11 11 1393 1
14 9 953 12
14 14 953 2
18 18 1371 2
14 4 1304 5
14 14 1304 11
16 1 1260 13
16 16 1260 4
8 15 595 2
8 8 595 6
18 7 1142 14
18 18 1142 4
9 9 510 1
9 5 580 7
9 9 580 3
11 14 917 4
11 11 917 2
10 8 1175 12
10 10 1175 3
12 12 170 6
11 11 1182 4
17 17 795 18
17 17 996 9
0 11 604 12
0 0 604 2
7 7 281 3
14 14 402 5
4 4 1363 21
4 4 806 8
7 6 940 4
7 7 940 7
7 1 1403 1
7 7 1403 7
11 12 994 14
11 11 994 1
15 7 953 10
15 15 953 1
14 14 45 1
14 7 614 5
14 14 614 3
19 13 1080 4
19 19 1080 6
6 6 171 8
0 0 715 5
2 2 182 2
1 10 1190 2
1 1 1190 1
8 9 1319 2
8 8 1319 9
9 9 405 3
8 3 689 6
8 8 689 6
10 10 214 6
11 6 684 8
11 11 684 4
1 1 1033 1
12 12 981 4
16 16 6 2
13 6 1132 1
13 13 1132 1
18 16 278 3
18 18 278 1
1 12 1239 1
1 1 1239 3
5 18 1414 14
5 5 1414 2
3 3 727 1
8 8 971 6
5 18 743 9
5 5 743 1
7 13 135 6
7 7 135 11
9 3 764 3
9 9 764 3
16 1 1004 3
16 16 1004 10
18 17 894 7
18 18 894 8
14 15 1132 3
14 14 1132 4
12 12 932 3
14 18 460 11
14 14 460 14
18 18 882 2
19 10 567 9
19 19 567 6
4 4 1007 1
5 5 143 5
8 5 495 14
8 8 495 8
7 3 739 10
7 7 739 8
7 12 1198 10
7 7 1198 6
5 5 766 16
16 16 804 1
19 19 1415 11
6 12 1269 13
6 6 1269 9
4 2 432 10
4 4 432 6
5 5 462 1
5 5 921 1
7 7 478 6
10 14 334 2
10 10 334 2
7 2 1392 12
7 7 1392 1
16 2 1108 9
16 16 1108 3
12 12 893 20
16 2 494 8
16 16 494 2
13 13 1044 3
16 17 647 1
16 16 647 4
2 2 1051 11
18 7 532 7
18 18 532 2
0 2 1079 13
0 0 1079 2
14 0 1037 3
14 14 1037 8
6 13 740 3
6 6 740 6
13 17 697 4
13 13 697 2
19 19 1005 3
12 12 1305 5
1 0 463 6
1 1 463 3
0 0 1393 16
0 0 1190 14
18 18 1202 1
4 4 844 4
8 1 1010 5
8 8 1010 1
5 10 736 10
5 5 736 2
10 10 986 3
1 2 662 14
1 1 662 2
7 6 1046 8
7 7 1046 5
14 7 1143 9
14 14 1143 2
17 10 1329 2
17 17 1329 18
12 12 931 1
10 6 292 12
10 10 292 1
16 0 862 14
16 16 862 1
18 15 877 7
18 18 877 5
1 0 1362 7
1 1 1362 8
2 2 979 10
14 14 1057 13
3 3 877 4
8 1 577 2
8 8 577 5
4 4 1202 1
9 9 488 11
11 3 1065 12
11 11 1065 6
7 13 728 11
7 7 728 6
15 15 870 12
19 19 1166 1
16 5 342 4
16 16 342 6
14 16 705 2
14 14 705 3
6 10 770 1
6 6 770 1
4 4 98 11
9 7 1031 9
9 9 1031 2
6 6 463 9
10 18 828 4
10 10 828 1
11 11 1158 1
3 3 1148 8
11 11 16 1
13 5 439 6
13 13 439 4
11 11 1294 2
18 14 505 14
18 18 505 1
14 14 519 3
17 17 400 9
3 12 225 14
3 3 225 4
8 8 874 3
7 0 563 1
7 7 563 1
9 9 1369 8
10 10 409 8
19 19 1113 6
14 14 730 1
2 2 1368 5
0 7 771 8
0 0 771 1
0 0 1213 3
1 1 1057 1
4 0 843 11
4 4 843 1
5 18 30 9
5 5 30 12
0 0 1233 4
10 10 965 9
10 5 542 8
10 10 542 1
11 9 1380 3
11 11 1380 12
9 9 1185 2
10 10 677 11
12 15 192 3
12 12 192 3
14 14 345 12
1 4 654 12
1 1 654 3
0 0 946 15
8 8 90 1
5 5 1305 10
3 18 850 5
3 3 850 5
5 5 431 3
6 6 55 3
10 10 852 2
7 7 1180 4
16 7 437 7
16 16 437 2
12 10 668 9
12 12 668 10
16 19 333 11
16 16 333 4
15 15 271 7
16 6 890 2
16 16 890 12
0 17 545 9
0 0 545 7
19 19 690 3
17 17 485 1
6 17 1255 11
6 6 1255 14
6 6 1320 2
0 0 1206 7
9 9 354 6
13 13 346 10
7 12 1382 3
7 7 1382 1
2 2 1090 1
12 12 294 3
13 13 432 1
12 12 1208 4
9 9 754 4
0 11 720 6
0 0 720 6
2 2 131 11
5 5 920 1
5 5 1120 8
19 5 279 7
19 19 279 1
5 6 246 7
5 5 246 4
8 7 678 7
8 8 678 1
5 13 796 11
5 5 796 7
9 4 646 9
9 9 646 17
11 15 723 5
11 11 723 3
6 6 584 9
14 14 1291 1
16 1 1153 2
16 16 1153 10
16 10 107 3
16 16 107 2
0 0 469 2
4 4 1043 3
19 16 38 1
19 19 38 1
0 17 1204 10
0 0 1204 2
16 16 147 4
7 15 295 6
7 7 295 11
12 12 428 1
15 3 769 6
15 15 769 2
14 14 1089 13
13 6 199 2
13 13 199 9
1 1 1432 2
15 15 743 20
16 12 591 6
16 16 591 11
4 14 793 14
4 4 793 13
3 3 1179 1
5 5 1282 4
15 15 1031 7
10 10 863 14
10 10 37 17
11 13 945 6
11 11 945 8
13 10 1353 4
13 13 1353 13
13 13 909 2
13 13 88 16
15 15 195 11
2 2 1141 4
1 10 251 9
1 1 251 2
18 6 1211 11
18 18 1211 9
19 19 699 9
4 4 539 3
3 3 533 1
8 12 1161 12
8 8 1161 21
5 16 1012 9
5 5 1012 5
19 11 1109 1
19 19 1109 3
11 5 1204 14
11 11 1204 11
13 13 798 3
1 0 1022 12
1 1 1022 1
19 19 373 1
5 5 1129 6
2 15 142 13
2 2 142 5
6 13 775 4
6 6 775 9
7 16 90 2
7 7 90 6
10 10 202 2
11 9 869 5
11 11 869 4
16 14 1283 8
16 16 1283 6
3 12 1229 4
3 3 1229 7
15 15 639 16
13 16 1424 10
1 1 466 2
0 14 1350 9
0 0 1350 13
17 17 1404 4
18 9 771 8
18 18 771 1
5 19 0 4
5 5 0 3
7 6 284 14
7 7 284 11
19 8 477 9
19 19 477 2
11 13 857 11
11 11 857 11
12 1 246 2
12 12 246 4
5 5 1205 1
16 16 241 2
15 15 91 9
19 19 1330 11
4 5 968 8
4 4 968 9
4 7 261 14
4 4 261 6
16 12 1042 11
16 16 1042 1
4 17 1199 1
4 4 1199 3
9 14 982 8
9 9 982 2
7 13 1170 4
7 7 1170 3
16 4 1057 5
16 16 1057 5
13 13 81 2
16 5 443 14
16 16 443 3
15 15 285 2
17 17 150 12
0 0 202 12
0 2 575 10
0 0 575 8
17 17 429 4
8 4 1403 5
8 8 1403 1
3 7 977 11
3 3 977 20
8 7 709 5
8 8 709 10
2 2 1381 4
16 16 1200 3
17 17 1055 7
15 2 386 5
15 15 386 9
1 1 1015 4
1 10 442 6
1 1 442 5
0 15 686 10
0 0 686 5
5 5 1106 4
6 11 693 3
6 6 693 9
5 10 691 7
5 5 691 5
5 5 782 1
9 2 253 10
9 9 253 13
11 7 148 13
11 11 148 1
13 13 872 7
17 17 1239 1
0 0 419 3
19 12 52 10
19 19 52 11
15 11 478 10
15 15 478 3
19 19 926 3
4 10 1031 6
4 4 1031 2
9 8 443 6
9 9 443 1
9 1 78 4
9 9 78 6
7 19 687 3
7 7 687 1
9 17 1236 2
9 9 1236 4
11 9 229 6
11 11 229 1
19 9 555 2
19 19 555 4
16 2 232 14
16 16 232 6
13 5 1306 11
13 13 1306 3
1 7 657 7
1 1 657 4
1 9 324 6
1 1 324 11
8 19 184 6
8 8 184 4
6 6 983 7
6 19 24 10
6 6 24 9
8 8 188 1
13 5 959 2
13 13 959 2
14 17 104 8
14 14 104 16
14 14 733 2
1 4 514 14
1 1 514 2
1 0 1379 14
1 1 1379 9
4 4 403 1
5 19 998 11
5 5 998 3
11 11 1186 7
7 4 1357 4
7 7 1357 1
6 6 601 1
19 0 366 8
19 19 366 7
15 15 988 10
17 17 469 2
8 9 469 4
8 8 469 2
14 16 698 8
14 14 698 1
19 12 387 7
19 19 387 7
2 2 729 23
18 16 1198 5
18 18 1198 1
6 9 684 9
6 6 684 3
8 14 144 6
8 8 144 8
7 4 72 8
7 7 72 3
10 2 252 13
10 10 252 2
10 10 1346 2
15 9 1174 7
15 15 1174 24
16 0 549 6
16 16 549 18
19 19 1235 2
16 2 1126 1
16 16 1126 12
17 17 62 4
4 3 815 12
4 4 815 1
6 8 128 12
6 6 128 9
9 1 444 3
9 9 444 4
7 7 217 2
0 13 302 2
0 0 302 11
18 9 922 6
18 18 922 18
18 18 1120 4
15 6 438 14
15 15 438 20
14 11 878 12
14 14 878 1
0 1 41 7
0 0 41 1
19 2 101 2
19 19 101 1
6 11 1413 4
6 6 1413 5
6 6 974 2
7 13 878 4
7 7 878 6
7 7 1152 4
13 4 952 2
13 13 952 3
11 15 471 13
11 11 471 3
13 3 1241 10
13 13 1241 3
16 15 707 13
16 16 707 1
10 3 74 4
10 10 74 1
18 18 1188 4
5 3 1075 3
5 5 1075 26
6 12 1300 10
6 6 1300 7
6 5 418 3
6 6 418 3
7 4 48 5
7 7 48 1
9 10 849 3
9 9 849 3
11 11 53 9
11 11 504 4
8 8 957 10
15 15 549 2
16 16 909 3
0 3 700 3
0 0 700 10
2 2 103 10
2 2 720 3
4 2 647 1
4 4 647 8
8 8 1312 7
6 6 317 12
7 7 65 7
7 15 524 14
7 7 524 2
8 8 348 1
9 9 927 1
12 8 998 2
12 12 998 10
6 10 800 11
6 6 800 2
1 3 882 7
1 1 882 3
15 13 23 8
15 15 23 5
17 17 693 6
14 3 1354 5
14 14 1354 5
3 3 339 3
9 9 1253 1
12 12 769 14
12 14 183 12
12 12 183 9
7 13 1128 2
7 7 1128 4
10 10 1244 13
3 3 1315 5
12 11 1141 2
12 12 1141 15
9 9 874 25
0 4 32 5
0 0 32 1
18 17 835 2
18 18 835 3
18 2 486 9
18 18 486 2
5 10 583 5
5 5 583 2
9 6 310 2
9 9 310 1
7 7 871 2
11 10 989 2
11 11 989 2
9 18 930 10
9 9 930 1
15 18 957 11
15 15 957 24
18 12 227 6
18 18 227 1
1 1 199 9
0 13 1097 5
0 0 1097 4
1 8 1405 1
1 1 1405 4
17 17 994 2
6 13 421 1
6 6 421 3
7 7 41 3
11 7 329 6
11 11 329 1
15 15 546 3
1 18 181 5
1 1 181 11
0 0 691 7
0 0 1272 6
5 5 1101 5
19 13 500 11
19 19 500 4
16 6 641 1
16 16 641 6
7 0 190 3
7 7 190 2
7 18 517 7
7 7 517 1
13 6 712 14
13 13 712 4
1 18 509 11
1 1 509 3
4 15 585 13
4 4 585 7
15 15 14 8
19 2 1249 1
19 19 1249 4
11 12 530 10
11 11 530 15
19 19 510 1
19 19 949 8
19 10 1044 8
19 19 1044 4
8 14 1102 9
8 8 1102 6
12 12 212 3
7 19 256 1
7 7 256 3
6 6 1373 4
19 15 693 6
19 19 693 3
11 6 837 8
11 11 837 6
7 7 1135 11
13 13 1285 10
1 3 740 14
1 1 740 1
1 1 175 2
19 2 623 8
19 19 623 7
3 3 18 24
4 16 940 14
4 4 940 14
8 8 1245 3
3 14 1395 13
3 3 1395 1
8 0 423 6
8 8 423 1
10 10 439 4
11 4 527 5
11 11 527 3
0 0 564 3
15 15 954 3
13 13 1227 1
0 0 214 3
19 11 732 10
19 19 732 16
3 6 163 5
3 3 163 10
8 17 1303 11
8 8 1303 9
4 4 392 11
19 19 451 7
6 6 412 1
7 6 38 10
7 7 38 3
11 9 1225 9
11 11 1225 1
11 19 668 7
11 11 668 12
1 1 1073 4
17 14 629 11
17 17 629 1
13 13 1116 2
0 16 272 13
0 0 272 7
1 5 390 5
1 1 390 6
19 6 406 8
19 19 406 2
4 1 885 10
4 4 885 2
18 4 1187 9
18 18 1187 1
13 0 411 11
13 13 411 11
16 13 779 7
16 16 779 2
9 13 25 8
9 9 25 3
9 4 684 2
9 9 684 9
9 9 1383 1
11 11 365 2
3 3 1391 4
17 17 1203 10
17 17 73 17
0 11 399 13
0 0 399 4
1 1 311 10
19 19 381 6
2 8 443 1
2 2 443 7
2 2 597 17
3 3 321 18
4 4 337 1
18 13 902 7
18 18 902 10
7 3 377 9
7 7 377 1
9 1 106 10
9 9 106 9
9 17 1264 14
9 9 1264 4
16 6 271 7
16 16 271 3
15 3 713 14
15 15 713 7
15 5 132 5
15 15 132 22
19 6 1367 6
19 19 1367 7
18 14 693 4
18 18 693 5
2 2 302 18
4 4 606 24
5 5 510 15
4 16 1162 1
4 4 1162 3
4 4 1254 5
9 1 1019 14
9 9 1019 7
9 9 1422 5
9 2 1089 1
9 9 1089 1
13 2 110 3
13 13 110 2
14 17 697 4
14 14 697 1
18 11 123 1
18 18 123 3
6 16 105 4
6 6 105 14
3 3 639 16
5 5 180 2
1 19 995 13
1 1 995 3
13 12 565 10
13 13 565 8
10 10 257 3
14 6 732 14
14 14 732 1
11 15 88 12
11 11 88 3
10 10 1056 2
16 16 1171 4
15 15 1093 1
12 12 1353 3
17 17 433 36
1 18 980 13
1 1 980 5
1 1 25 2
18 13 599 8
18 18 599 1
19 19 415 1
1 13 1272 13
1 1 1272 1
16 10 696 12
16 16 696 6
6 6 1095 2
8 8 802 3
8 2 375 13
8 8 375 7
8 8 140 3
19 17 825 5
19 19 825 1
15 15 300 1
8 8 904 5
19 16 559 8
19 19 559 8
12 12 915 6
16 10 188 3
16 16 188 5
15 15 28 1
19 0 1263 2
19 19 1263 2
11 9 1296 7
11 11 1296 3
19 19 524 1
14 2 15 9
14 14 15 7
3 3 695 8
8 6 454 9
8 8 454 10
13 13 167 10
16 4 259 10
16 16 259 1
13 11 22 8
13 13 22 1
17 17 837 1
16 16 203 1
10 10 740 3
1 1 758 10
19 7 198 14
19 19 198 1
13 13 801 6
5 1 1158 13
5 5 1158 6
6 2 1377 4
6 6 1377 3
8 8 512 11
7 15 1252 3
7 7 1252 11
16 5 905 3
16 16 905 1
6 15 978 10
6 6 978 5
15 15 904 4
14 14 640 4
18 18 425 2
1 1 615 5
19 19 311 1
11 5 1227 4
11 11 1227 2
18 2 1402 5
18 18 1402 5
6 0 752 8
6 6 752 2
16 15 42 10
16 16 42 2
10 10 767 4
11 7 1246 4
11 11 1246 2
14 14 130 13
15 15 1038 2
13 13 675 4
4 11 602 12
4 4 602 4
15 15 500 17
18 8 312 3
18 18 312 3
1 16 91 12
1 1 91 12
18 2 1051 14
18 18 1051 2
1 7 1265 13
1 1 1265 7
18 18 438 2
8 8 809 15
4 14 1114 10
4 4 1114 8
18 1 1163 2
18 18 1163 1
18 10 193 13
18 18 193 9
2 2 648 17
11 16 1215 12
11 11 1215 5
12 17 768 1
12 12 768 1
0 10 413 8
0 0 413 6
0 0 962 1
8 8 82 8
8 8 44 1
0 3 1409 3
0 0 1409 1
8 0 783 5
8 8 783 1
5 9 554 2
5 5 554 5
7 7 826 2
19 11 161 9
19 19 161 2
12 10 1049 6
12 12 1049 4
13 16 716 12
13 13 716 9
13 13 1328 3
16 10 770 12
16 16 770 3
2 2 288 10
3 3 1122 2
3 10 476 11
3 3 476 15
6 2 277 5
6 6 277 1
18 1 1426 5
18 18 1426 2
6 13 502 12
6 6 502 1
9 8 338 10
9 9 338 8
9 9 1139 5
10 15 1091 1
10 10 1091 5
16 15 1138 1
16 16 1138 6
18 2 637 1
18 18 637 2
17 17 975 17
13 19 1270 8
13 13 1270 8
0 0 374 5
1 11 632 14
1 1 632 12
18 18 566 1
18 11 1155 11
18 18 1155 8
5 7 1040 11
5 5 1040 4
9 9 1181 4
5 4 369 7
5 5 369 4
6 17 385 11
6 6 385 4
16 9 153 9
16 16 153 3
13 18 667 5
13 13 667 8
14 13 1371 7
14 14 1371 4
5 5 1231 4
18 0 307 6
18 18 307 1
18 18 1020 5
5 13 271 3
5 5 271 1
18 4 1042 5
18 18 1042 2
6 6 207 19
11 4 1357 6
11 11 1357 1
12 12 47 2
13 13 183 11
14 13 368 13
14 14 368 22
16 16 639 1
19 19 1277 1
13 3 788 6
13 13 788 10
2 2 392 16
11 13 1057 12
11 11 1057 8
16 17 628 13
16 16 628 11
4 6 1009 4
4 4 1009 4
2 2 221 25
4 4 1232 9
18 9 918 9
18 18 918 1
10 14 21 1
10 10 21 1
7 13 1093 7
7 7 1093 2
5 12 1336 2
5 5 1336 2
19 19 1386 1
18 5 1387 12
18 18 1387 6
11 7 897 3
11 11 897 5
3 3 14 4
3 3 453 17
8 14 526 5
8 8 526 4
8 18 67 14
8 8 67 3
10 10 798 2
15 10 802 1
15 15 802 5
18 14 734 14
18 18 734 3
17 4 1149 11
17 17 1149 1
16 9 387 1
16 16 387 3
16 1 840 1
16 16 840 1
19 19 1060 2
1 14 625 4
1 1 625 3
0 18 743 4
0 0 743 7
19 16 325 8
19 19 325 3
19 19 760 3
5 2 1049 13
5 5 1049 9
4 14 23 7
4 4 23 4
5 15 378 5
5 5 378 3
11 11 696 1
11 19 276 8
11 11 276 9
12 4 87 10
12 12 87 2
16 7 999 6
16 16 999 1
1 1 831 1
18 18 1015 1
1 1 85 5
4 4 873 7
18 1 650 14
18 18 650 7
19 19 1119 33
5 10 838 4
5 5 838 5
11 17 1346 1
11 11 1346 1
9 2 1155 6
9 9 1155 1
14 14 1176 25
9 7 462 12
9 9 462 7
14 0 940 5
14 14 940 1
19 19 1282 2
19 13 547 8
19 19 547 1
18 10 672 2
18 18 672 9
6 6 524 1
11 11 1110 4
9 19 499 13
9 9 499 2
9 17 601 6
9 9 601 1
11 1 301 10
11 11 301 3
14 18 1035 10
14 14 1035 2
8 4 585 7
8 8 585 7
12 14 1039 6
12 12 1039 2
15 15 301 1
18 18 204 8
1 1 755 1
11 6 170 1
11 11 170 2
1 1 1338 2
4 11 562 12
4 4 562 10
8 9 1248 11
8 8 1248 26
12 3 1201 8
12 12 1201 7
7 8 953 4
7 7 953 1
16 16 361 4
18 18 1000 3
7 19 773 12
7 7 773 3
16 9 506 2
16 16 506 12
15 15 338 12
18 3 402 7
18 18 402 15
1 7 61 1
1 1 61 10
19 19 330 5
1 1 1195 2
5 9 168 8
5 5 168 4
8 12 217 7
8 8 217 6
17 17 1266 2
10 10 293 6
0 0 24 8
16 5 1279 12
16 16 1279 4
17 17 1031 4
2 2 856 2
1 1 507 2
19 19 4 8
13 7 1128 7
13 13 1128 2
1 16 1220 10
1 1 1220 4
4 4 848 10
3 16 744 6
3 3 744 5
5 11 756 14
5 5 756 10
6 3 258 8
6 6 258 3
10 17 635 2
10 10 635 2
13 7 1139 10
13 13 1139 3
11 19 782 6
11 11 782 9
11 11 213 3
13 13 542 7
13 13 372 9
12 5 24 5
12 12 24 1
19 19 117 17
3 3 418 3
3 3 889 3
5 11 74 2
5 5 74 1
9 12 911 10
9 9 911 2
19 3 893 6
19 19 893 4
15 16 302 8
15 15 302 1
12 3 1343 3
12 12 1343 10
17 17 372 3
14 13 806 3
14 14 806 1
0 0 17 7
19 6 863 9
19 19 863 12
0 17 1419 9
0 0 1419 3
1 0 1331 1
1 1 1331 6
3 9 902 6
3 3 902 13
6 6 918 7
16 9 702 14
16 16 702 3
7 0 491 10
7 7 491 2
10 10 349 13
2 2 858 6
7 7 1224 9
18 9 86 9
18 18 86 2
12 12 259 11
12 12 1173 12
18 18 142 15
1 1 579 5
19 8 339 9
19 19 339 4
3 3 141 7
6 13 1163 7
6 6 1163 3
6 12 732 14
6 6 732 4
5 14 807 9
5 5 807 1
7 0 967 14
7 7 967 2
11 8 694 5
11 11 694 2
12 19 69 6
12 12 69 18
12 12 402 11
14 14 474 7
1 1 777 5
5 5 744 5
19 19 13 3
6 6 455 5
16 18 470 9
16 16 470 3
13 13 1115 1
6 17 261 11
6 6 261 6
18 11 990 9
18 18 990 3
9 7 762 14
9 9 762 2
19 19 728 4
16 2 504 8
16 16 504 1
13 12 162 8
13 13 162 2
13 0 365 2
13 13 365 7
14 13 325 9
14 14 325 1
18 4 998 9
18 18 998 2
18 7 175 7
18 18 175 1
18 11 888 9
18 18 888 4
2 2 434 6
19 16 996 4
19 19 996 7
4 0 315 8
4 4 315 4
3 3 1333 2
6 5 67 4
6 6 67 9
11 11 1082 4
9 10 587 10
9 9 587 2
8 1 490 5
8 8 490 5
0 0 183 10
14 14 1045 12
17 17 794 1
17 17 365 4
3 3 740 4
7 2 681 5
7 7 681 4
2 2 260 3
8 11 50 3
8 8 50 1
3 3 1346 2
5 12 927 10
5 5 927 7
9 3 334 8
9 9 334 4
13 13 33 3
11 9 997 2
11 11 997 1
10 10 1127 8
16 16 1118 3
12 6 1164 11
12 12 1164 1
17 17 510 27
1 19 913 10
1 1 913 11
18 18 81 1
19 19 344 2
8 14 893 10
8 8 893 3
6 6 365 4
10 4 666 11
10 10 666 1
11 3 1304 11
11 11 1304 8
9 9 1317 4
15 11 538 9
15 15 538 8
16 16 972 2
19 19 1192 17
2 2 38 34
8 8 896 2
3 3 726 1
18 9 1232 8
18 18 1232 1
8 8 257 1
7 7 315 6
7 13 589 2
7 7 589 1
5 5 445 1
14 14 332 4
12 18 419 13
12 12 419 9
4 4 1333 4
18 10 1340 5
18 18 1340 7
1 9 1095 6
1 1 1095 1
3 3 1338 8
6 7 58 7
6 6 58 4
10 10 931 9
16 16 39 3
12 12 1054 5
11 6 336 10
11 11 336 2
13 13 609 7
12 12 751 3
11 4 657 2
11 11 657 11
16 15 805 2
16 16 805 9
14 14 816 10
9 9 589 2
1 4 1293 1
1 1 1293 5
5 0 1260 12
5 5 1260 17
3 7 1012 12
3 3 1012 5
8 8 127 7
4 4 270 4
7 18 1395 6
7 7 1395 8
13 13 445 2
12 19 1163 3
12 12 1163 1
16 4 948 9
16 16 948 4
18 19 772 12
18 18 772 5
1 16 605 3
1 1 605 10
0 18 1032 12
0 0 1032 1
19 19 788 3
5 9 1149 3
5 5 1149 2
5 17 350 5
5 5 350 7
1 1 1279 10
9 1 667 5
9 9 667 1
16 16 267 4
11 11 107 11
12 11 123 14
12 12 123 33
12 2 384 7
12 12 384 1
14 14 420 14
17 17 384 12
7 7 1037 3
19 11 27 7
19 19 27 1
5 5 1422 6
8 16 1011 9
8 8 1011 8
4 6 1068 4
4 4 1068 5
15 1 1051 6
15 15 1051 12
11 11 248 7
6 6 942 2
16 2 141 6
16 16 141 5
14 17 904 5
14 14 904 2
18 8 161 1
18 18 161 3
1 8 383 3
1 1 383 4
1 4 1429 9
1 1 1429 2
1 13 1112 4
1 1 1112 8
11 18 545 1
11 11 545 2
5 5 421 4
4 15 1203 9
4 4 1203 23
7 14 321 6
7 7 321 13
10 10 487 22
10 10 191 2
7 1 1190 4
7 7 1190 8
7 13 1081 10
7 7 1081 5
7 7 846 12
12 17 1075 6
12 12 1075 3
16 16 1378 2
17 17 162 5
14 8 675 4
14 14 675 2
1 3 232 6
1 1 232 7
18 0 1350 13
18 18 1350 12
3 3 1021 2
6 6 891 1
6 17 460 12
6 6 460 3
10 10 829 13
7 7 925 1
11 9 588 1
11 11 588 3
11 9 19 10
11 11 19 1
11 11 422 4
16 18 1100 14
16 16 1100 1
14 14 411 9
16 16 939 2
0 12 288 6
0 0 288 2
18 18 67 1
18 18 524 4
14 14 435 9
4 4 677 2
4 16 242 3
4 4 242 5
6 6 351 3
9 9 201 11
9 3 668 8
9 9 668 5
11 11 96 4
19 1 511 1
19 19 511 1
15 15 1213 1
15 15 616 7
3 3 78 6
1 6 796 6
1 1 796 5
0 0 772 6
11 15 596 7
11 11 596 15
1 2 1056 9
1 1 1056 1
4 8 820 12
4 4 820 8
4 8 129 14
4 4 129 4
5 5 29 1
4 1 1067 3
4 4 1067 1
10 6 543 3
10 10 543 8
9 13 67 14
9 9 67 3
13 13 514 2
17 17 892 8
18 12 1183 2
18 18 1183 3
0 15 78 13
0 0 78 18
18 3 1326 12
18 18 1326 4
8 8 1076 8
5 17 430 3
5 5 430 1
9 15 272 6
9 9 272 1
19 19 1289 6
18 18 821 1
18 10 176 2
18 18 176 5
12 12 1066 9
16 16 728 1
14 3 617 10
14 14 617 12
1 11 1311 8
1 1 1311 15
13 9 198 14
13 13 198 1
15 4 373 3
15 15 373 10
5 10 906 12
5 5 906 2
10 7 369 9
10 10 369 3
4 4 404 6
13 13 996 4
14 14 632 2
0 0 876 3
18 18 519 1
0 0 1030 2
1 1 1160 5
4 4 684 2
4 4 249 4
8 8 679 4
10 13 1366 7
10 10 1366 4
12 12 105 4
16 2 1234 12
16 16 1234 4
1 16 789 13
1 1 789 1
1 15 472 3
1 1 472 9
17 17 349 5
16 7 818 8
16 16 818 13
8 8 993 1
4 3 1042 1
4 4 1042 1
7 13 237 7
7 7 237 10
11 12 803 13
11 11 803 2
11 2 246 5
11 11 246 2
17 17 1314 15
16 16 310 17
19 15 379 6
19 19 379 2
14 16 1364 14
14 14 1364 6
5 9 1206 10
5 5 1206 8
6 10 1425 3
2 2 1405 2
7 1 770 12
7 7 770 3
1 1 1007 6
16 9 1067 2
16 16 1067 1
16 10 24 13
16 16 24 1
14 14 159 2
16 16 778 1
4 4 666 8
2 2 853 3
9 8 1327 4
9 9 1327 7
11 7 1360 8
11 11 1360 1
6 5 1113 7
6 6 1113 20
1 18 801 8
1 1 801 1
2 2 385 3
11 6 1 12
11 11 1 4
15 15 278 7
15 16 1042 1
15 15 1042 4
1 0 3 14
1 1 3 1
18 18 488 2
19 19 811 1
3 3 238 28
3 3 677 9
6 6 691 1
6 14 329 2
6 6 329 7
12 12 96 1
12 12 429 1
17 17 1245 21
17 17 1102 2
9 9 963 2
1 1 878 4
9 4 1028 5
9 9 1028 1
6 3 0 12
6 6 0 2
2 2 631 7
6 6 450 2
3 4 1161 4
3 3 1161 7
5 6 730 7
5 5 730 6
9 1 28 1
9 9 28 1
9 9 1234 2
13 13 255 10
17 17 878 1
14 1 1246 4
14 14 1246 2
1 6 671 10
1 1 671 1
18 18 855 1
18 7 1312 1
18 18 1312 12
15 14 1317 2
15 15 1317 1
19 13 887 6
19 19 887 6
7 2 428 2
7 7 428 10
18 8 34 10
18 18 34 5
10 10 1203 7
13 1 901 12
13 13 901 8
12 12 1240 28
14 4 731 5
14 14 731 1
1 7 243 5
1 1 243 3
18 17 1203 12
18 18 1203 6
8 8 1404 2
6 4 1307 5
6 6 1307 3
4 4 1343 18
10 2 726 3
10 10 726 4
7 16 904 9
7 7 904 3
9 0 1222 11
9 9 1222 5
12 12 176 2
12 13 866 5
12 12 866 7
15 15 982 5
4 4 516 7
0 15 890 14
0 0 890 12
1 19 108 9
1 1 108 2
0 8 1044 5
0 0 1044 4
5 5 581 2
19 18 212 6
19 19 212 2
18 14 434 1
18 18 434 4
8 6 341 2
8 8 341 5
7 9 537 7
7 7 537 2
9 5 1354 5
9 9 1354 6
13 13 871 1
17 17 1238 1
15 15 583 8
0 0 1001 3
16 17 1125 6
16 16 1125 1
18 18 1109 3
18 2 379 6
18 18 379 8
3 3 827 23
6 6 581 3
13 14 397 14
13 13 397 4
7 7 276 4
9 6 1243 2
9 9 1243 3
11 11 228 1
13 13 557 8
14 14 254 3
14 18 307 11
14 14 307 6
13 13 1305 1
2 2 1237 9
18 17 846 13
18 18 846 2
18 18 1307 5
4 4 269 1
9 12 267 3
9 9 267 5
11 14 1108 3
11 11 1108 2
11 12 1103 7
11 11 1103 1
7 19 219 13
7 7 219 1
16 16 1049 6
10 19 1051 7
10 10 1051 1
16 9 140 2
16 16 140 1
14 17 791 3
14 14 791 7
1 6 513 1
1 1 513 1
0 13 567 12
0 0 567 5
2 2 807 6
4 4 412 8
5 10 298 1
5 5 298 4
6 12 424 12
6 6 424 2
10 14 721 12
10 10 721 1
10 10 362 4
11 11 616 2
11 11 63 3
10 10 1037 11
16 17 889 11
16 16 889 1
14 14 24 3
1 12 975 6
1 1 975 1
19 15 897 11
19 19 897 17
18 10 1085 1
18 18 1085 2
1 1 1171 16
4 18 214 3
4 4 214 20
5 5 224 3
6 14 246 8
6 6 246 7
7 13 75 8
7 7 75 12
11 6 761 6
11 11 761 1
16 3 1394 11
16 16 1394 1
16 16 1223 2
9 9 84 11
19 19 1234 1
10 10 22 13
2 2 585 3
8 9 918 13
8 8 918 7
9 3 419 2
9 9 419 2
2 2 1197 3
11 11 854 3
11 11 285 3
12 12 1412 15
14 14 879 1
5 5 1128 1
2 9 322 2
2 2 322 5
19 19 608 15
19 8 748 6
19 19 748 4
6 6 1402 11
10 19 941 8
10 10 941 5
7 4 873 7
7 7 873 2
9 9 1069 11
9 9 931 4
6 13 1203 13
6 6 1203 13
16 16 240 1
13 17 1240 5
13 13 1240 1
14 14 798 1
0 0 217 9
1 18 1403 14
1 1 1403 1
3 3 180 13
4 1 78 7
4 4 78 2
9 12 1033 9
9 9 1033 7
5 9 1006 13
5 5 1006 6
7 8 51 2
7 7 51 2
11 10 1242 2
11 11 1242 1
13 0 776 7
13 13 776 3
15 15 1129 1
13 4 1065 11
13 13 1065 4
14 14 1241 5
2 2 100 3
19 17 830 11
19 19 830 8
6 11 1107 8
6 6 1107 6
8 10 782 2
8 8 782 1
8 13 152 4
8 8 152 10
9 9 238 1
9 17 673 6
9 9 673 1
14 19 1203 9
14 14 1203 29
12 18 602 10
12 12 602 1
12 12 1324 2
15 5 0 3
15 15 0 2
17 7 344 13
17 17 344 2
0 0 999 2
2 2 23 1
19 19 943 6
11 11 1106 2
14 4 826 2
14 14 826 1
8 7 925 14
8 8 925 1
8 12 466 4
8 8 466 3
15 15 1155 4
11 11 847 7
12 12 156 3
6 6 929 6
16 17 231 9
16 16 231 1
16 4 684 3
16 16 684 2
0 19 33 12
0 0 33 5
1 3 341 7
1 1 341 3
10 0 730 4
10 10 730 10
8 8 1239 6
5 5 395 7
7 10 411 6
7 7 411 4
11 11 1090 13
11 2 988 10
11 11 988 1
10 18 1196 6
10 10 1196 2
9 9 333 1
4 4 535 2
10 16 368 1
10 10 368 1
15 15 363 9
1 12 936 4
1 1 936 27
19 19 46 6
1 1 1404 1
4 4 53 8
14 15 799 13
14 14 799 7
8 8 763 9
5 3 983 14
5 5 983 15
7 4 1015 12
7 7 1015 2
11 11 614 2
18 18 12 3
11 14 496 2
11 11 496 8
16 16 1190 4
13 13 460 5
1 15 985 13
1 1 985 4
1 9 396 9
1 1 396 17
4 4 655 4
19 12 285 5
19 19 285 8
6 7 671 7
6 6 671 6
18 9 340 14
18 18 340 1
10 15 239 3
10 10 239 1
9 9 1405 9
5 5 15 5
15 15 1255 20
13 13 537 3
19 4 1248 6
19 19 1248 1
0 9 1315 2
0 0 1315 2
19 19 513 2
1 8 1054 12
1 1 1054 2
8 13 473 8
8 8 473 3
7 7 259 4
8 9 1184 4
8 8 1184 3
8 8 110 4
10 10 1220 2
13 10 227 12
13 13 227 9
3 3 1428 4
0 8 56 10
0 0 56 4
3 3 536 6
4 4 592 1
5 1 1390 12
5 5 1390 2
6 6 1396 6
8 8 424 9
7 16 400 6
7 7 400 5
19 0 759 6
19 19 759 1
12 13 362 10
12 12 362 1
13 16 116 7
13 13 116 11
16 3 877 4
16 16 877 2
1 5 929 7
1 1 929 7
18 13 714 11
18 18 714 20
18 0 1175 13
18 18 1175 1
4 4 743 5
6 4 912 8
6 6 912 3
8 5 1197 9
8 8 1197 7
3 12 1411 1
3 3 1411 1
6 17 413 9
6 6 413 1
10 6 714 1
10 10 714 7
7 19 1004 1
7 7 1004 1
5 5 20 6
11 11 34 2
11 6 489 8
11 11 489 7
16 16 1181 5
12 6 1363 14
12 12 1363 7
15 15 481 3
1 18 978 5
1 1 978 1
18 18 912 1
0 0 1264 1
19 9 844 8
19 19 844 4
8 8 47 3
4 4 1109 5
6 6 300 4
7 7 182 8
7 18 637 6
7 7 637 3
13 13 342 1
15 15 603 8
15 15 22 1
0 0 1013 6
16 16 921 12
19 1 957 6
19 19 957 9
4 19 773 6
4 4 773 3
4 7 338 14
4 4 338 14
7 7 199 1
9 7 1271 7
9 9 1271 13
7 0 796 14
7 7 796 21
16 16 213 7
16 4 666 13
16 16 666 3
12 17 484 1
12 12 484 7
18 17 1407 1
18 18 1407 6
14 14 1375 5
5 8 1235 10
5 5 1235 1
4 4 916 1
4 4 481 4
6 6 944 28
6 5 5 10
6 6 5 8
18 11 212 11
18 18 212 4
11 13 970 14
11 11 970 3
10 13 998 10
10 10 998 3
12 12 353 9
13 4 109 5
13 13 109 1
14 2 69 3
14 14 69 12
13 13 1219 3
18 16 431 6
18 18 431 1
1 11 208 3
1 1 208 6
0 0 1112 4
9 9 1360 9
3 3 1077 1
8 9 62 12
8 8 62 4
9 9 176 3
10 18 270 9
10 10 270 2
11 11 91 3
0 0 814 2
15 15 1092 1
14 5 500 10
14 14 500 1
15 15 494 5
18 18 318 5
1 1 414 4
18 18 596 3
2 2 113 7
13 13 893 2
4 18 202 2
4 4 202 6
5 18 874 8
5 5 874 4
6 12 1389 5
6 6 1389 3
10 11 145 5
10 10 145 5
10 5 1383 6
10 10 1383 2
13 13 132 9
13 17 335 14
13 13 335 7
15 15 31 6
18 12 856 1
18 18 856 8
18 11 794 9
18 18 794 2
19 9 88 10
19 19 88 2
3 3 672 4
9 9 479 3
7 7 828 14
7 10 651 3
7 7 651 13
11 11 882 3
10 16 1270 5
10 10 1270 3
18 18 981 1
9 12 571 9
9 9 571 4
1 8 757 6
1 1 757 1
0 0 635 12
3 8 3 13
3 3 3 9
3 13 470 7
3 3 470 6
6 9 939 7
6 6 939 1
6 1 508 8
6 6 508 6
10 16 877 2
10 10 877 4
10 3 629 10
10 10 629 1
16 16 406 4
11 15 1345 11
11 11 1345 1
18 16 115 1
18 18 115 3
5 5 1416 5
2 2 770 1
13 3 879 13
13 13 879 3
14 3 587 5
14 14 587 5
9 9 844 5
16 16 1163 3
15 15 568 2
2 2 1385 9
1 11 90 1
1 1 90 1
2 2 72 14
6 6 1238 7
6 6 1087 1
12 12 1356 3
7 9 1223 4
7 7 1223 1
9 5 733 11
9 9 733 3
7 9 1086 10
7 7 1086 5
18 3 118 9
18 18 118 5
12 12 49 3
18 11 1180 2
18 18 1180 3
16 15 180 4
16 16 180 3
15 15 100 19
18 5 1062 6
18 18 1062 6
0 0 963 2
17 1 48 10
17 17 48 14
4 19 320 10
4 4 320 4
6 8 100 4
6 6 100 1
9 3 448 5
9 9 448 8
11 17 1041 14
11 11 1041 2
7 7 640 7
7 18 1103 6
7 7 1103 6
13 13 579 12
9 4 805 11
9 9 805 1
9 16 806 11
9 9 806 10
14 14 281 11
16 7 904 7
16 16 904 1
19 13 1380 11
19 19 1380 3
1 0 177 6
1 1 177 4
18 18 1393 1
2 2 874 13
18 18 1225 1
4 17 471 9
4 4 471 10
5 4 954 3
5 5 954 7
7 7 842 2
11 8 565 10
11 11 565 9
11 8 1016 3
11 11 1016 11
0 11 133 11
0 0 133 13
14 4 87 8
14 14 87 17
16 11 850 4
16 16 850 6
18 11 417 9
18 18 417 7
18 0 567 6
18 18 567 10
13 13 786 2
18 18 218 7
5 5 368 1
4 0 1288 2
4 4 1288 2
10 10 743 3
7 7 24 2
9 9 1288 11
10 3 1414 5
10 10 1414 2
12 12 89 7
12 12 1199 2
12 12 819 7
16 16 28 2
14 4 571 1
14 14 571 13
8 8 7 6
16 6 305 12
16 16 305 2
16 5 912 9
16 16 912 1
4 13 867 5
4 4 867 6
8 15 977 4
8 8 977 1
4 5 1090 11
4 4 1090 2
9 1 51 9
9 9 51 10
3 3 1050 27
10 11 1385 7
10 10 1385 2
18 13 940 10
18 18 940 16
12 10 629 8
12 12 629 32
15 15 1275 16
8 10 191 11
8 8 191 9
0 18 405 12
0 0 405 4
1 5 281 3
1 1 281 3
19 1 102 12
19 19 102 9
2 2 575 7
5 5 1329 7
5 5 71 3
10 10 18 3
13 13 636 3
2 2 1297 6
17 5 377 13
17 17 377 7
19 4 1389 7
19 19 1389 9
0 2 585 3
0 0 585 1
8 8 413 2
6 6 1045 3
8 8 1274 3
9 9 273 1
9 5 346 11
9 9 346 8
18 18 1077 3
11 17 554 9
11 11 554 2
7 9 1237 12
7 7 1237 2
10 12 1099 12
10 10 1099 1
12 12 270 2
12 12 859 7
16 13 1318 10
16 16 1318 6
14 1 659 11
14 14 659 16
1 1 909 3
1 1 624 1
0 0 760 5
0 12 1069 9
0 0 1069 4
1 13 1361 7
1 1 1361 1
4 4 16 7
8 1 841 11
8 8 841 5
19 12 416 12
19 19 416 5
6 6 377 3
11 10 1268 5
11 11 1268 4
7 7 444 22
14 15 1262 13
14 14 1262 20
12 12 413 1
13 12 489 2
13 13 489 17
18 7 341 7
18 18 341 2
16 16 984 4
18 19 921 14
18 18 921 1
1 16 481 6
1 1 481 8
1 19 84 11
1 1 84 1
14 17 528 9
14 14 528 2
1 19 1218 9
1 1 1218 2
5 5 651 8
5 17 63 10
5 5 63 6
5 0 650 5
5 5 650 1
5 4 837 7
5 5 837 1
10 13 625 11
10 10 625 4
10 10 138 7
7 14 1068 2
7 7 1068 2
5 5 194 6
16 5 1347 7
16 16 1347 7
10 4 276 6
10 10 276 8
15 7 1216 8
15 15 1216 4
16 17 162 5
16 16 162 8
14 6 941 1
14 14 941 6
18 18 186 4
1 0 274 5
1 1 274 3
19 19 111 3
12 12 168 1
5 5 1359 3
5 10 1338 10
5 5 1338 15
8 2 1042 9
8 8 1042 7
6 3 525 4
6 6 525 3
5 6 539 11
5 5 539 2
7 7 348 4
10 10 448 1
11 4 921 9
11 11 921 3
19 15 1152 7
19 19 1152 5
6 6 1387 2
17 17 537 5
13 13 1174 5
15 15 155 4
1 17 131 14
1 1 131 6
1 8 1337 2
1 1 1337 1
10 2 630 13
10 10 630 5
4 6 904 11
4 4 904 2
7 8 493 12
7 7 493 3
11 9 1180 8
11 11 1180 2
7 3 1287 1
7 7 1287 2
6 0 608 6
6 6 608 4
16 15 1121 8
16 16 1121 4
13 10 401 8
13 13 401 10
15 15 998 8
12 4 52 11
12 12 52 2
16 11 452 14
16 16 452 2
1 1 60 1
18 18 1266 14
1 1 1194 1
3 3 556 10
8 8 1339 3
19 19 1029 2
19 17 490 3
19 19 490 10
7 7 969 2
11 11 688 6
10 10 1416 8
16 16 1264 2
17 17 1030 1
2 4 1394 1
2 2 1394 10
2 2 488 7
14 14 1408 18
8 6 169 10
8 8 169 3
7 7 147 9
18 5 460 2
18 18 460 2
7 1 923 2
7 7 923 1
9 17 1030 1
9 9 1030 1
17 9 1237 5
17 17 1237 1
1 1 672 29
1 15 363 9
1 1 363 1
1 5 1409 13
1 1 1409 4
1 4 1140 9
1 1 1140 10
3 3 421 26
8 17 1049 13
8 8 1049 17
10 17 1023 3
10 10 1023 4
5 5 728 2
11 0 1028 2
11 11 1028 5
11 11 926 4
6 0 854 9
6 6 854 4
14 17 807 6
14 14 807 9
0 9 583 8
0 0 583 2
16 2 1090 9
16 16 1090 7
2 2 887 37
3 3 127 11
8 18 1363 4
8 8 1363 20
14 14 458 2
6 15 472 9
6 6 472 4
9 9 324 6
9 8 799 2
9 9 799 3
11 11 1007 6
16 8 476 7
16 16 476 6
15 15 1007 23
17 17 260 12
18 4 394 10
18 18 394 4
2 2 34 4
1 18 1187 1
1 1 1187 3
4 16 713 1
4 4 713 1
19 19 232 5
8 1 652 9
8 8 652 2
5 5 806 1
16 11 292 12
16 16 292 5
11 11 124 6
16 5 1314 2
16 16 1314 4
17 17 578 17
0 7 816 12
0 0 816 1
19 15 12 2
19 19 12 1
5 1 1320 6
5 5 1320 2
2 2 665 8
17 17 253 7
8 8 983 10
17 17 1069 6
4 4 1087 1
7 0 1058 1
7 7 1058 10
14 14 239 1
5 6 446 9
5 5 446 2
17 17 1160 40
1 1 347 5
1 17 364 8
1 1 364 10
16 3 902 13
16 16 902 2
1 11 1101 13
1 1 1101 8
5 18 1324 8
5 5 1324 4
5 10 434 5
5 5 434 1
5 7 525 5
5 5 525 4
9 9 508 2
9 17 951 12
9 9 951 12
0 0 824 6
11 11 919 2
18 8 181 7
18 18 181 3
13 16 656 13
13 13 656 1
13 2 1160 13
13 13 1160 5
16 15 206 1
16 16 206 1
18 8 63 13
18 18 63 2
1 14 157 4
1 1 157 11
0 8 1411 4
0 0 1411 8
1 1 1291 2
8 8 251 6
4 16 459 10
4 4 459 12
18 17 1068 1
18 18 1068 9
13 4 486 11
13 13 486 3
11 13 1162 10
11 11 1162 1
17 17 597 10
14 14 51 5
0 17 339 7
0 0 339 5
1 3 14 4
1 1 14 5
5 13 1139 3
5 5 1139 7
16 17 1014 10
16 16 1014 6
6 5 354 4
6 6 354 3
10 10 667 7
9 9 1316 1
5 5 209 8
13 7 702 10
13 13 702 10
12 12 394 4
15 19 1198 11
15 15 1198 14
14 4 1238 5
14 14 1238 3
13 13 1130 2
0 0 450 6
18 18 993 1
5 0 1412 7
5 5 1412 2
5 14 42 4
5 5 42 3
6 6 168 1
3 3 1037 6
7 7 1051 2
13 12 344 9
13 13 344 2
14 3 1138 10
14 14 1138 1
16 0 151 11
16 16 151 2
10 10 597 10
5 13 443 2
5 5 443 2
19 11 65 11
19 19 65 6
1 1 790 6
10 10 509 6
9 2 627 4
9 9 627 1
11 11 908 1
15 0 1425 12
15 15 1425 1
16 16 337 3
1 5 547 12
1 1 547 4
18 18 643 5
19 5 678 11
19 19 678 12
4 9 552 2
4 4 552 10
8 11 1345 1
8 8 1345 1
15 1 208 9
15 15 208 4
3 3 1354 5
9 5 1103 3
9 9 1103 2
10 10 332 2
0 19 194 5
0 0 194 6
10 10 1135 32
15 15 1030 1
12 0 1156 3
12 12 1156 7
18 16 737 5
18 18 737 1
6 6 1222 8
0 11 1033 8
0 0 1033 1
19 8 791 11
19 19 791 5
18 18 738 1
8 2 869 5
8 8 869 5
6 14 784 14
6 6 784 7
6 17 357 8
6 6 357 8
7 7 564 9
9 3 1325 8
9 9 1325 2
12 12 385 9
11 11 1166 1
15 6 473 3
15 15 473 1
0 0 1216 11
1 1 1070 3
5 19 1421 5
5 5 1421 1
4 6 155 14
4 4 155 4
16 1 254 6
16 16 254 5
1 1 1217 1
9 0 413 14
9 9 413 3
7 7 1040 3
12 11 1117 3
12 12 1117 12
19 4 1214 12
19 19 1214 5
2 2 1230 5
18 18 1332 2
16 16 618 5
16 16 1111 1
3 15 1314 7
3 3 1314 1
6 10 50 13
6 6 50 5
9 4 929 7
9 9 929 1
9 13 628 4
9 9 628 12
13 13 921 5
13 8 36 11
13 13 36 33
0 0 980 1
13 10 1210 7
13 13 1210 6
1 2 239 12
1 1 239 4
0 15 1425 10
0 0 1425 12
17 4 301 14
17 17 301 12
5 16 1236 2
5 5 1236 5
6 6 1250 5
18 9 982 2
18 18 982 1
3 3 915 3
7 2 924 5
7 7 924 1
8 8 861 4
18 6 698 4
18 18 698 8
12 5 297 5
12 12 297 13
16 16 487 1
8 7 33 8
8 8 33 11
1 7 597 4
1 1 597 8
19 19 361 4
19 5 796 7
19 19 796 2
15 8 260 6
15 15 260 11
5 7 139 8
5 5 139 4
10 10 653 1
7 10 557 1
7 7 557 6
13 2 688 3
13 13 688 3
16 16 1244 10
15 15 1212 1
11 11 1272 3
19 19 1209 1
1 18 454 8
1 1 454 2
12 0 545 7
12 12 545 30
6 3 593 9
6 6 593 8
5 8 727 12
5 5 727 1
10 10 540 1
9 9 1191 11
13 13 513 1
14 19 261 9
14 14 261 6
18 8 866 13
18 18 866 5
19 19 583 1
2 2 533 37
5 9 1287 1
5 5 1287 4
8 17 415 14
8 8 415 5
7 10 441 8
7 7 441 2
16 19 1391 7
16 16 1391 3
11 11 321 8
16 2 1077 14
16 16 1077 2
10 10 881 2
14 17 149 13
14 14 149 1
15 15 893 11
16 16 729 2
18 16 40 13
18 18 40 4
17 17 648 31
19 19 257 13
4 4 542 10
3 3 997 10
0 0 481 9
10 10 805 6
8 12 775 13
8 8 775 2
11 2 478 10
11 11 478 2
16 6 25 8
16 16 25 3
17 17 480 5
1 18 1019 1
1 1 1019 3
18 19 1233 2
18 18 1233 2
2 2 714 6
3 3 703 7
5 5 1389 1
5 5 335 4
6 6 343 3
17 12 1268 14
17 17 1268 10
10 16 193 10
10 10 193 4
16 16 1294 3
16 16 109 5
0 0 471 4
19 0 479 2
19 19 479 7
19 16 914 7
19 19 914 4
4 4 828 6
8 8 994 6
5 6 720 11
5 5 720 5
5 5 203 6
13 2 197 4
13 13 197 1
5 13 646 9
5 5 646 4
2 2 374 1
4 14 630 2
4 4 630 17
4 4 963 5
8 18 1084 3
8 8 1084 6
4 4 1186 9
7 4 438 12
7 7 438 3
14 3 851 5
14 14 851 19
10 6 35 4
10 10 35 2
9 9 1081 8
16 6 1068 13
16 16 1068 4
12 9 661 13
12 12 661 5
3 3 1368 16
14 14 721 6
13 13 237 7
18 10 1209 4
18 18 1209 2
1 1 756 1
18 11 365 9
18 18 365 9
7 5 914 2
7 7 914 7
16 14 390 12
16 16 390 8
10 9 1048 8
10 10 1048 1
16 16 1097 3
18 18 822 5
16 16 469 1
13 3 1085 3
13 13 1085 6
1 13 423 9
1 1 423 6
18 14 639 11
18 18 639 4
4 4 80 15
3 3 676 1
9 16 408 2
9 9 408 2
4 4 429 3
11 4 714 6
11 11 714 4
18 8 126 14
18 18 126 10
12 12 97 8
12 12 430 6
16 9 100 1
16 16 100 1
15 15 52 37
18 2 376 14
18 18 376 1
0 0 1368 1
1 1 664 1
19 19 923 3
8 10 1108 2
8 8 1108 3
6 6 148 1
7 8 688 1
7 7 688 5
7 3 1151 6
7 7 1151 1
2 11 1034 9
2 2 1034 17
14 8 1102 13
14 14 1102 8
13 16 254 13
13 13 254 1
12 18 1098 14
12 12 1098 3
14 14 297 1
8 16 970 10
8 8 970 1
1 1 670 1
1 5 321 14
1 1 321 3
11 11 700 3
5 17 1214 5
5 5 1214 4
3 0 632 3
3 3 632 7
3 2 1305 5
3 3 1305 2
6 6 39 2
9 19 623 12
9 9 623 4
7 12 1164 9
7 7 1164 5
15 17 928 4
15 15 928 9
15 15 287 13
16 17 1209 4
16 16 1209 7
2 12 813 13
2 2 813 10
8 16 56 12
8 8 56 6
6 18 877 7
6 6 877 3
7 7 60 2
7 1 907 2
7 7 907 1
10 10 1234 9
10 9 1027 2
10 10 1027 5
12 12 470 1
14 14 22 2
16 16 913 8
1 0 1013 6
1 1 1013 2
2 2 147 24
19 18 134 8
19 19 134 9
4 4 659 7
18 18 491 1
1 1 1431 1
11 11 150 7
7 4 823 12
7 7 823 1
13 13 305 2
16 16 91 1
14 14 1018 4
19 15 1228 5
19 19 1228 6
18 18 1417 3
3 3 627 5
1 13 1034 13
1 1 1034 4
16 2 693 1
16 16 693 3
8 8 1115 7
18 6 1226 12
18 18 1226 2
0 0 42 2
9 9 1242 1
11 11 304 1
12 12 239 7
15 15 1357 2
19 0 1341 6
19 19 1341 5
2 2 949 30
15 5 582 8
15 15 582 1
18 17 48 14
18 18 48 2
8 12 1066 14
8 8 1066 4
8 7 639 1
8 8 639 4
9 7 266 10
9 9 266 1
9 9 989 10
18 5 913 7
18 18 913 2
15 10 937 9
15 15 937 2
13 1 1246 5
13 13 1246 1
5 5 330 5
1 1 512 1
0 0 652 3
2 2 251 8
14 13 696 3
14 14 696 1
4 13 523 14
4 4 523 2
6 16 1230 14
6 6 1230 1
0 0 1265 3
7 11 53 10
7 7 53 1
2 2 1161 12
11 11 62 1
12 12 1168 2
13 9 473 6
13 13 473 4
12 2 1191 6
12 12 1191 8
13 13 1071 4
18 6 1082 13
18 18 1082 3
19 9 824 6
19 19 824 1
5 15 1113 13
5 5 1113 7
3 3 658 4
8 13 349 7
8 8 349 6
6 6 312 1
11 11 760 1
14 18 143 14
14 14 143 6
16 10 1395 10
16 16 1395 11
13 2 159 12
13 13 159 2
15 2 591 5
15 15 591 5
1 1 895 10
19 19 63 2
2 2 582 1
8 8 1090 10
3 16 1270 7
3 3 1270 18
19 11 1099 7
19 19 1099 4
9 8 418 2
9 9 418 1
10 10 560 5
7 7 678 3
9 3 1219 10
9 9 1219 3
13 15 549 7
13 13 549 6
12 9 1028 1
12 12 1028 11
1 14 744 14
1 1 744 4
13 13 951 1
16 16 567 22
8 9 1233 10
8 8 1233 1
6 6 972 2
4 4 14 2
7 10 505 10
7 7 505 1
9 8 966 11
9 9 966 1
16 6 426 14
16 16 426 1
13 13 950 1
16 5 427 8
16 16 427 1
13 0 1378 5
13 13 1378 13
1 17 537 9
1 1 537 4
18 18 1186 1
1 1 1402 1
6 15 1217 3
6 6 1217 5
8 2 172 10
8 8 172 3
5 17 274 5
5 5 274 8
5 5 1005 1
7 13 1017 8
7 7 1017 1
18 8 15 4
18 18 15 1
15 14 551 6
15 15 551 2
18 18 466 5
1 1 125 2
19 3 394 11
19 19 394 7
2 2 686 1
6 13 1104 14
6 6 1104 3
6 6 677 1
11 16 1412 12
11 11 1412 2
7 16 526 11
7 7 526 4
2 2 830 2
11 7 132 14
11 11 132 5
12 12 603 19
9 5 781 1
9 9 781 6
15 0 596 8
15 15 596 1
0 0 552 3
19 1 1242 6
19 19 1242 6
18 11 352 13
18 18 352 4
6 10 1216 4
6 6 1216 1
8 10 926 5
8 8 926 6
9 9 126 1
15 15 1226 7
13 18 606 14
13 13 606 1
14 14 201 13
16 12 156 12
16 16 156 4
18 16 244 10
18 18 244 15
18 4 833 1
18 18 833 2
15 15 1139 16
16 15 609 2
16 16 609 6
7 7 1149 1
18 11 1284 10
18 18 1284 7
18 6 259 8
18 18 259 15
7 19 410 5
7 7 410 1
7 7 865 1
8 15 634 2
8 8 634 1
12 12 697 1
14 1 120 7
14 14 120 4
0 3 364 6
0 0 364 3
1 4 530 7
1 1 530 7
1 1 197 2
1 17 1395 2
1 1 1395 4
4 2 761 5
4 4 761 2
8 18 1298 9
8 8 1298 3
6 4 1293 2
6 6 1293 4
5 5 283 1
7 7 1014 1
9 4 1299 14
9 9 1299 4
10 18 1084 4
10 10 1084 2
3 3 821 6
16 14 49 9
16 16 49 4
8 4 665 9
8 8 665 2
8 12 601 2
8 8 601 4
1 10 387 1
1 1 387 3
18 10 611 6
18 18 611 1
14 14 1397 2
19 4 838 10
19 19 838 6
19 3 1356 3
19 19 1356 11
15 15 1303 14
5 14 684 13
5 5 684 5
6 6 298 2
10 10 236 3
9 18 1404 10
9 9 1404 1
17 17 1397 7
12 12 1316 1
1 1 841 4
18 18 809 3
6 6 76 24
19 19 512 1
10 15 1001 5
10 10 1001 17
7 0 201 1
7 7 201 11
9 6 570 14
9 9 570 1
16 13 1101 11
16 16 1101 7
17 17 1286 28
17 17 841 18
16 16 223 6
15 1 185 14
15 15 185 1
5 5 1291 4
4 4 593 5
3 3 491 22
4 16 507 12
4 4 507 9
9 9 1049 7
4 4 1165 21
6 6 1419 1
11 8 1146 7
11 11 1146 5
7 16 1317 7
7 7 1317 10
10 18 1108 12
10 10 1108 2
12 12 363 11
13 13 1225 2
9 9 1249 4
0 17 541 1
0 0 541 3
6 6 33 6
4 4 736 7
4 18 61 6
4 4 61 2
8 8 1331 4
8 8 739 1
6 12 402 11
6 6 402 10
9 11 142 8
9 9 142 12
10 10 260 10
14 14 188 7
11 17 488 5
11 11 488 1
18 19 1019 4
18 18 1019 1
13 0 452 4
13 13 452 8
14 14 498 2
16 16 1021 9
0 0 839 15
1 13 79 9
1 1 79 3
19 2 408 12
19 19 408 6
4 4 887 17
8 17 370 5
8 8 370 5
10 6 151 1
10 10 151 3
11 4 751 6
11 11 751 9
10 10 1405 6
14 0 1154 4
14 14 1154 18
15 15 602 1
16 16 524 1
18 18 343 2
2 2 998 7
2 2 265 2
6 6 550 11
8 8 449 5
9 17 469 10
9 9 469 4
9 12 104 1
9 9 104 2
9 9 547 7
11 4 892 12
11 11 892 5
14 1 827 4
14 14 827 17
13 5 1191 13
13 13 1191 14
19 19 630 5
4 19 917 9
4 4 917 3
3 3 935 10
9 13 1161 4
9 9 1161 13
9 9 1017 2
11 12 973 2
11 11 973 2
5
6 10 477
9 5 693
3 7 428
18 6 657
17 5 353
