20 6214
12 12 1268 1
0 9 532 2
0 0 532 18
0 9 1113 14
0 0 1113 8
9 9 1183 6
8 8 853 11
6 5 405 11
6 6 405 2
19 11 1243 5
19 19 1243 12
11 11 663 7
12 18 497 9
12 12 497 32
13 0 509 12
13 13 509 6
14 14 558 1
19 14 1158 12
19 19 1158 12
5 4 746 13
5 5 746 1
11 11 605 4
3 3 1093 2
8 11 377 5
8 8 377 5
12 12 576 2
13 15 334 14
13 13 334 4
18 18 706 19
0 0 973 11
0 0 1330 2
4 4 781 8
8 8 1150 9
17 12 1123 7
17 17 1123 3
9 9 478 12
19 3 1278 14
19 19 1278 3
12 12 138 4
13 13 516 3
8 12 466 4
8 8 466 7
19 17 639 12
19 19 639 9
3 3 2 62
4 15 489 1
4 4 489 13
6 6 936 1
6 16 509 12
6 6 509 1
10 12 874 14
10 10 874 1
10 10 423 2
11 11 393 5
14 14 646 16
16 6 972 14
16 16 972 2
2 2 214 1
5 8 187 12
5 5 187 5
6 1 396 7
6 6 396 1
17 11 471 8
17 17 471 1
10 5 1065 6
10 10 1065 4
17 18 613 11
17 17 613 1
17 17 424 7
2 2 690 1
8 2 352 9
8 8 352 3
5 5 850 4
8 16 890 8
8 8 890 2
13 13 753 2
13 13 188 21
16 16 634 12
0 0 415 17
1 9 263 1
1 1 263 24
2 15 1016 13
2 2 1016 5
17 18 507 10
17 17 507 5
8 4 463 13
8 8 463 3
19 18 817 3
19 19 817 2
12 12 129 5
3 0 1318 9
3 3 1318 15
16 16 383 6
16 9 196 12
16 16 196 12
13 13 1326 8
2 9 318 1
2 2 318 1
2 2 875 3
18 18 669 10
4 4 923 27
4 12 464 11
4 4 464 12
5 5 494 9
6 6 500 6
14 8 173 1
14 14 173 9
11 11 398 10
13 13 414 15
17 4 272 12
17 17 272 8
17 9 383 8
17 17 383 1
2 2 209 2
6 18 870 11
6 6 870 12
8 14 45 2
8 8 45 4
8 8 898 2
10 10 1415 5
12 12 90 21
12 19 487 4
12 12 487 2
5 5 442 5
1 17 804 5
1 1 804 3
16 0 1074 14
16 16 1074 3
0 11 657 13
0 0 657 2
16 6 438 12
16 16 438 15
6 14 632 14
6 6 632 4
8 8 188 4
9 9 709 2
14 3 1175 6
14 14 1175 4
17 4 1188 3
17 17 1188 7
3 0 115 1
3 3 115 8
16 19 625 13
16 16 625 2
18 18 320 11
2 12 572 4
2 2 572 2
9 9 456 1
7 7 760 33
11 11 310 11
12 14 184 10
12 12 184 1
17 17 821 4
16 14 827 7
16 16 827 3
0 6 5 2
0 0 5 1
16 5 1047 2
16 16 1047 3
18 18 1385 13
13 8 1417 8
13 13 1417 8
5 2 1345 9
5 5 1345 1
8 8 1275 4
8 8 560 2
6 4 495 11
6 6 495 5
2 12 1317 14
2 2 1317 2
10 8 425 6
10 10 425 7
7 7 1289 2
11 11 391 2
13 18 972 3
13 13 972 2
16 10 389 14
16 16 389 3
16 14 1338 5
16 16 1338 14
2 2 168 8
6 6 821 8
19 19 491 3
12 11 81 3
12 12 81 6
14 14 515 4
2 8 1400 4
2 2 1400 9
17 9 30 4
17 17 30 6
0 7 1384 3
0 0 1384 18
1 1 1217 2
4 17 875 3
4 4 875 20
6 6 627 4
6 14 265 8
6 6 265 3
10 1 638 5
10 10 638 2
10 2 139 2
10 10 139 1
12 5 32 2
12 12 32 3
13 18 174 8
13 13 174 6
17 6 736 5
17 17 736 14
18 18 187 1
19 10 110 14
19 19 110 6
1 1 1423 3
1 1 1138 5
14 14 1033 9
17 17 369 7
2 2 1178 4
1 1 295 6
4 19 572 4
4 4 572 3
5 2 939 6
5 5 939 1
9 9 789 5
7 7 1286 1
5 5 1239 2
15 15 348 18
0 0 326 5
19 9 332 3
19 19 332 8
2 5 748 2
2 2 748 3
5 14 1024 9
5 5 1024 2
3 3 605 1
8 10 881 3
8 8 881 1
19 8 1100 4
19 19 1100 1
9 9 870 31
16 17 1265 6
16 16 1265 8
15 15 1115 14
12 12 1391 4
14 14 522 4
0 1 1236 8
0 0 1236 12
19 17 880 6
19 19 880 7
4 18 850 5
4 4 850 4
6 9 1057 6
6 6 1057 7
17 11 1064 8
17 17 1064 1
10 8 633 5
10 10 633 5
10 7 178 8
10 10 178 9
11 11 215 5
14 14 1121 1
6 6 1010 5
13 10 370 8
13 13 370 4
17 2 729 10
17 17 729 2
0 1 100 7
0 0 100 1
0 5 937 12
0 0 937 15
19 4 119 11
19 19 119 10
19 13 554 2
19 19 554 4
6 18 78 10
6 6 78 16
0 0 1332 14
13 0 1166 11
13 13 1166 7
0 10 1421 14
0 0 1421 11
8 4 1364 12
8 8 1364 4
4 4 461 2
10 0 782 9
10 10 782 1
13 14 1173 6
13 13 1173 6
17 17 1170 1
11 11 437 17
16 10 1113 5
16 16 1113 5
13 13 393 5
16 13 499 7
16 16 499 2
16 16 952 1
1 17 926 11
1 1 926 6
18 18 84 4
5 5 1033 13
8 12 1315 1
8 8 1315 4
8 8 1305 10
18 18 1141 29
9 19 212 7
9 9 212 9
11 11 127 2
16 16 1256 4
15 15 1184 12
16 4 1291 5
16 16 1291 1
13 10 1136 2
13 13 1136 2
2 2 1354 8
19 3 0 2
19 19 0 13
2 2 45 25
13 19 887 2
13 13 887 3
8 8 159 1
10 6 189 12
10 10 189 7
12 19 214 4
12 12 214 7
12 12 611 6
17 1 553 4
17 17 553 11
16 6 614 5
16 16 614 1
19 4 563 12
19 19 563 8
2 18 521 13
2 2 521 4
4 5 1000 8
4 4 1000 2
3 0 1335 11
3 3 1335 65
5 14 524 8
5 5 524 1
2 1 1362 14
2 2 1362 10
10 10 12 12
11 11 349 1
12 10 754 9
12 12 754 2
12 3 1087 1
12 12 1087 8
17 16 182 2
17 17 182 5
2 2 847 5
12 15 1207 1
12 12 1207 41
14 14 790 21
4 4 1374 1
10 10 322 1
17 5 1126 13
17 17 1126 2
17 17 937 3
0 9 340 10
0 0 340 3
1 6 602 7
1 1 602 7
17 0 87 14
17 17 87 1
8 1 895 2
8 8 895 1
6 12 355 10
6 6 355 2
9 9 221 5
10 9 213 13
10 10 213 8
11 11 116 8
8 15 1023 5
8 8 1023 1
12 12 976 17
14 14 532 2
1 14 768 8
1 1 768 6
0 15 776 3
0 0 776 13
19 4 459 2
19 19 459 1
5 5 41 47
8 0 259 8
8 8 259 3
7 7 128 6
17 19 1180 14
17 17 1180 2
12 18 538 2
12 12 538 4
13 13 356 5
14 14 338 15
15 15 64 1
2 2 1268 15
1 3 356 8
1 1 356 3
1 18 1426 9
12 12 1150 4
8 8 605 6
6 9 56 1
6 6 56 2
1 19 1022 2
1 1 1022 24
11 11 911 4
16 11 649 14
16 16 649 1
8 3 900 2
8 8 900 1
12 2 745 6
12 12 745 4
16 19 338 9
16 16 338 6
17 16 175 14
17 17 175 1
19 19 1416 2
8 3 473 12
8 8 473 1
2 5 285 14
2 2 285 1
2 8 838 2
2 2 838 8
5 5 459 17
4 4 1349 1
12 19 1104 7
12 12 1104 1
16 14 1111 11
16 16 1111 2
12 12 888 5
0 15 1034 7
0 0 1034 4
2 18 761 9
2 2 761 12
5 5 129 4
6 18 346 4
6 6 346 6
7 7 104 2
17 17 784 5
13 3 694 14
13 13 694 1
16 7 112 10
16 16 112 17
17 9 390 8
17 17 390 1
2 19 1372 3
2 2 1372 1
19 19 464 17
11 11 385 4
5 5 1420 4
6 6 607 2
10 10 949 20
14 8 1326 11
14 14 1326 17
16 5 604 11
16 16 604 2
13 13 519 5
12 13 529 2
12 12 529 7
17 17 716 10
16 17 222 13
16 16 222 1
0 5 958 10
0 0 958 7
2 18 357 5
2 2 357 3
2 16 942 10
2 2 942 3
17 19 1054 4
17 17 1054 1
8 7 580 3
8 8 580 3
5 5 638 5
17 17 886 11
17 14 349 10
17 17 349 19
15 15 254 9
18 18 46 13
0 11 557 1
0 0 557 15
19 3 251 5
19 19 251 2
2 1 833 14
2 2 833 5
6 6 1251 4
6 4 1332 6
6 6 1332 14
8 8 723 2
5 5 911 8
10 10 1047 7
16 16 1102 1
16 7 472 11
16 16 472 13
18 18 65 19
0 4 1025 13
0 0 1025 9
11 11 338 11
3 9 226 2
3 3 226 2
17 11 187 12
17 17 187 11
6 7 1396 8
6 6 1396 7
10 17 199 7
10 10 199 14
10 15 675 14
10 10 675 4
14 14 1234 17
13 13 890 12
15 15 1215 1
14 14 429 25
2 0 611 7
2 2 611 4
6 8 1037 3
6 6 1037 2
3 3 1181 2
8 4 305 2
8 8 305 3
1 1 774 6
12 12 959 9
7 7 1032 4
10 5 1340 4
10 10 1340 17
18 18 988 10
17 2 882 8
17 17 882 1
16 16 587 1
1 12 643 9
1 1 643 26
2 2 380 4
8 18 384 7
8 8 384 4
10 10 851 23
6 11 1353 9
6 6 1353 11
10 10 1111 5
12 12 671 11
6 11 914 1
6 6 914 1
14 14 719 13
1 1 228 2
2 14 1145 13
2 2 1145 3
2 12 239 9
2 2 239 7
4 19 1385 8
4 4 1385 1
4 4 159 6
6 13 453 10
6 6 453 7
10 2 802 7
10 10 802 1
10 3 1054 14
10 10 1054 7
12 1 289 6
12 12 289 8
13 13 429 2
4 4 538 14
0 0 723 1
19 1 804 3
19 19 804 5
5 12 1133 2
5 5 1133 4
5 5 243 5
8 8 254 5
19 9 1266 6
19 19 1266 4
12 2 970 13
12 12 970 1
16 4 110 6
16 16 110 1
17 0 112 10
17 17 112 1
18 18 971 4
0 0 1346 8
4 5 829 14
4 4 829 10
4 6 138 14
4 4 138 14
3 3 1154 1
8 11 312 9
8 8 312 11
9 9 398 20
7 7 239 24
17 2 875 8
17 17 875 2
16 16 253 6
19 0 1326 6
19 19 1326 7
0 10 908 13
0 0 908 1
4 8 631 10
4 4 631 6
4 4 281 3
6 14 45 4
6 6 45 1
19 13 535 3
19 19 535 1
12 12 662 9
8 8 738 3
6 10 961 8
6 6 961 6
4 1 83 4
4 4 83 10
3 3 1005 1
19 6 1309 12
19 19 1309 4
16 16 466 5
17 5 472 4
17 17 472 11
1 19 1011 8
1 1 1011 1
6 6 101 14
2 19 153 13
2 2 153 8
2 2 706 4
8 4 1341 9
8 8 1341 8
8 7 795 1
8 8 795 6
4 2 1140 11
4 4 1140 5
5 5 770 25
17 17 1131 1
11 11 717 14
2 16 542 3
2 2 542 1
14 14 1008 3
0 13 1369 3
0 0 1369 2
18 18 1112 8
10 15 1010 5
10 10 1010 3
7 7 228 11
19 8 809 13
19 19 809 1
17 1 1305 10
17 17 1305 6
14 8 245 9
14 14 245 1
15 15 745 28
19 14 780 3
19 19 780 1
0 11 94 13
0 0 94 6
13 13 1207 8
19 19 596 1
4 3 638 9
4 4 638 6
6 7 1422 4
6 6 1422 2
9 10 256 12
9 9 256 1
10 10 1201 9
17 17 139 4
2 16 1099 4
2 2 1099 7
2 15 810 1
2 2 810 1
13 13 1244 8
6 5 1236 5
6 6 1236 8
8 8 1203 3
6 2 866 9
6 6 866 4
4 15 1337 10
4 4 1337 1
7 7 906 9
5 5 977 27
11 11 56 26
16 16 1203 7
13 13 1077 9
1 5 1012 14
1 1 1012 5
3 3 684 1
6 16 253 8
6 6 253 5
0 6 502 5
0 0 502 7
7 7 76 5
10 2 240 10
10 10 240 10
9 9 1352 6
13 13 730 11
16 1 1218 7
16 16 1218 5
12 12 1011 12
17 6 543 6
17 17 543 2
16 14 545 7
16 16 545 6
19 8 1231 9
19 19 1231 6
0 1 1376 12
0 0 1376 5
19 17 931 9
19 19 931 4
8 12 1116 1
8 8 1116 1
5 5 118 11
16 0 615 6
16 16 615 3
8 13 1268 9
8 8 1268 1
11 11 851 2
13 9 555 6
13 13 555 1
16 16 235 9
0 14 922 1
0 0 922 9
19 19 166 3
4 18 271 4
4 4 271 10
16 7 143 10
16 16 143 3
16 15 1154 9
16 16 1154 2
9 15 265 6
9 9 265 3
17 13 1293 12
17 17 1293 3
16 3 437 9
16 16 437 1
15 16 210 13
15 15 210 43
0 0 521 9
0 0 1150 4
1 1 1376 11
6 8 1231 13
6 6 1231 1
6 6 430 18
16 11 70 12
16 16 70 1
1 1 123 4
19 15 388 6
19 19 388 5
1 1 1169 9
3 3 661 15
8 11 777 13
8 8 777 2
8 6 350 7
8 8 350 2
8 8 147 2
7 7 69 7
13 13 723 2
16 0 83 7
16 16 83 1
17 17 269 3
18 18 820 3
2 12 465 1
2 2 465 4
5 5 439 1
2 0 583 10
2 2 583 6
5 11 714 3
5 5 714 23
12 12 231 1
13 13 239 18
16 8 155 1
16 16 155 10
17 15 244 10
17 17 244 4
19 9 175 6
19 19 175 11
2 18 909 14
2 2 909 8
5 5 1199 5
5 5 1402 3
4 9 502 11
4 4 502 4
2 2 1251 5
10 9 1187 6
10 10 1187 7
3 3 1258 9
9 9 849 11
0 0 512 8
2 2 828 5
4 7 72 4
4 4 72 5
5 5 1004 4
15 15 881 2
10 10 275 2
0 0 101 4
2 2 1044 8
14 14 1403 9
17 2 451 7
17 17 451 4
2 8 1411 6
2 2 1411 12
4 4 387 15
0 0 703 14
2 6 687 9
2 2 687 1
17 0 6 7
17 17 6 7
4 10 223 5
4 4 223 18
13 13 1063 9
16 16 1387 4
17 0 1395 7
17 17 1395 3
17 17 1222 3
4 4 405 4
2 19 424 10
2 2 424 3
4 4 1138 2
13 13 58 2
7 16 670 10
7 7 670 2
19 8 1354 14
19 19 1354 3
9 9 516 9
3 3 485 4
3 19 952 1
3 3 952 3
4 4 1159 1
10 1 395 2
10 10 395 8
10 8 1194 6
10 10 1194 2
12 12 365 3
15 15 373 2
14 14 568 19
19 5 728 9
19 19 728 18
8 9 765 7
8 8 765 3
6 4 408 8
6 6 408 4
7 7 1009 4
12 19 1424 1
13 13 458 2
18 18 583 41
5 15 1098 5
5 5 1098 6
19 5 431 8
19 19 431 3
6 6 299 10
9 9 680 12
10 10 1395 6
16 16 1378 6
12 12 1317 3
0 15 395 3
0 0 395 3
16 16 967 5
2 6 601 6
2 2 601 4
8 10 902 14
8 8 902 5
10 7 918 14
10 10 918 2
16 2 136 4
16 16 136 1
10 10 124 1
11 11 269 41
15 15 1371 51
12 12 1135 2
14 14 266 6
13 0 1282 1
13 13 1282 23
2 15 1212 3
2 2 1212 1
14 14 519 3
8 5 533 3
8 8 533 1
5 5 589 6
7 7 1213 14
12 13 689 6
12 12 689 8
17 6 985 3
17 17 985 1
19 3 298 5
19 19 298 5
3 0 1413 8
6 6 403 2
16 6 1357 8
16 16 1357 2
2 7 1429 9
5 16 747 2
5 5 747 3
6 2 1091 5
6 6 1091 3
5 5 217 3
8 10 371 4
8 8 371 4
9 11 1380 13
9 9 1380 32
17 17 1200 2
15 15 689 29
1 2 833 14
1 1 833 8
0 0 1015 3
8 12 450 6
8 8 450 12
11 11 213 2
7 8 652 8
7 7 652 3
15 15 1129 7
17 14 506 13
17 17 506 1
2 0 301 6
2 2 301 1
19 5 633 10
19 19 633 1
4 0 601 7
4 4 601 7
4 4 1397 9
11 11 1138 1
11 11 972 9
10 10 1116 2
16 16 1031 3
12 8 1269 10
12 12 1269 11
17 11 706 11
17 17 706 10
0 0 160 26
16 5 306 11
16 16 306 2
16 7 1215 12
16 16 1215 2
5 5 177 10
10 14 755 12
10 10 755 2
10 10 268 7
9 9 1308 36
12 0 1348 6
12 12 1348 5
15 15 488 2
0 0 490 12
4 4 895 5
6 15 1082 14
6 6 1082 1
3 17 1092 14
3 3 1092 1
10 4 909 11
10 10 909 1
6 6 293 3
17 17 71 2
0 0 409 2
19 12 964 4
19 19 964 4
0 0 1042 10
6 17 99 14
6 6 99 2
10 0 920 11
10 10 920 1
9 18 912 9
9 9 912 14
9 5 555 2
9 9 555 6
1 1 1156 13
12 12 1053 11
18 9 835 14
18 18 835 15
15 1 142 2
15 15 142 64
0 5 637 1
0 0 637 1
13 10 1108 8
13 13 1108 2
19 18 638 6
19 19 638 1
5 4 1155 4
5 5 1155 5
3 3 943 9
6 16 937 3
6 6 937 1
8 14 88 1
8 8 88 7
10 10 875 6
6 6 692 4
16 0 392 1
16 16 392 5
17 17 286 11
19 19 1051 1
1 11 612 12
1 1 612 3
17 17 792 12
2 0 215 7
2 2 215 7
6 1 1186 4
6 6 1186 10
6 11 397 1
6 6 397 2
11 11 82 2
12 12 489 1
15 15 1103 12
17 7 431 11
17 17 431 1
2 2 70 1
2 0 691 12
2 2 691 7
19 19 1188 3
10 17 589 9
10 10 589 1
7 7 1080 54
12 12 51 3
15 15 1281 34
15 15 683 6
2 6 1302 8
2 2 1302 2
0 0 965 8
19 7 534 6
19 19 534 1
19 5 973 4
19 19 973 2
10 0 260 9
10 10 260 2
8 8 496 9
19 6 1427 9
19 19 1427 3
13 13 577 1
12 9 1044 3
12 12 1044 9
16 0 650 9
16 16 650 3
2 18 319 1
2 2 319 6
19 15 253 11
19 19 253 1
8 8 1269 5
8 8 95 1
10 10 1102 1
11 13 1126 12
11 11 1126 4
16 16 852 2
18 10 415 8
18 18 415 16
0 5 190 7
0 0 190 13
0 0 739 18
8 11 1295 12
8 8 1295 1
8 11 836 1
8 8 836 4
6 15 819 1
6 6 819 2
14 14 1253 2
16 9 1156 7
16 16 1156 4
12 12 1402 4
14 14 359 13
12 12 89 1
1 18 1231 6
1 1 1231 3
4 12 186 13
4 4 186 1
9 11 49 7
9 9 49 7
10 7 129 5
10 10 129 2
7 7 1073 2
17 19 966 9
17 17 966 3
13 12 180 5
13 13 180 3
11 11 1213 9
17 17 750 18
1 1 852 12
1 15 287 10
1 1 287 7
3 3 441 1
8 10 1133 14
8 8 1133 1
17 2 1166 1
17 17 1166 1
12 12 185 14
13 16 5 13
13 13 5 4
12 7 1043 9
12 12 1043 1
13 2 1179 9
13 13 1179 26
0 16 6 10
0 0 6 7
0 14 587 5
0 0 587 6
16 11 1088 10
16 16 1088 5
4 6 566 8
4 4 566 6
5 5 1344 1
6 6 1366 4
6 2 923 11
6 6 923 13
6 7 492 1
6 6 492 3
10 16 342 2
10 10 342 3
13 13 971 1
1 1 630 4
18 18 556 5
5 5 172 5
10 10 748 7
16 0 290 12
16 16 290 2
10 6 471 6
10 10 471 10
13 13 860 8
17 17 598 2
2 2 495 5
18 18 1032 30
19 2 874 14
19 19 874 1
6 1 624 10
6 6 624 3
7 7 148 5
19 5 1255 13
19 19 1255 11
13 19 376 3
13 13 376 5
2 9 1256 10
2 2 1256 1
0 0 1304 12
4 18 1019 13
4 4 1019 2
3 3 885 4
3 3 1224 28
7 7 350 53
10 3 462 12
10 10 462 1
19 4 1056 3
19 19 1056 2
15 7 883 8
15 15 883 11
17 8 368 7
17 17 368 1
16 12 760 11
16 16 760 12
1 1 734 7
1 1 129 5
2 2 890 1
13 9 1334 12
13 13 1334 16
4 4 455 4
5 5 479 13
5 11 938 12
5 5 938 1
9 9 321 14
15 15 1077 8
13 16 1253 7
13 13 1253 5
18 18 401 14
1 11 50 1
1 1 50 37
17 17 410 6
1 1 1192 1
6 9 1175 8
6 6 1175 1
8 8 882 4
12 18 1384 1
12 12 1384 7
2 5 1392 10
2 2 1392 4
2 0 486 4
2 2 486 1
19 18 444 6
19 19 444 1
6 6 619 5
9 9 1161 2
10 7 1305 3
10 10 1305 2
14 17 1126 5
14 14 1126 9
13 13 166 8
17 17 728 1
16 16 608 4
18 18 179 3
2 18 962 9
2 2 962 6
19 15 992 11
19 19 992 3
4 4 994 1
4 8 319 4
4 4 319 12
6 2 1018 3
6 6 1018 2
4 15 1217 9
4 4 1217 9
16 17 790 2
16 16 790 1
10 2 1256 9
10 10 1256 6
12 0 756 9
12 12 756 14
16 17 810 11
16 16 810 4
13 13 1368 4
2 2 1170 8
18 18 655 14
19 13 36 1
19 19 36 3
8 16 1372 12
8 8 1372 12
3 0 907 2
3 3 907 5
8 6 116 11
8 8 116 13
10 4 783 12
10 10 783 2
10 10 1147 3
17 17 1132 1
15 15 595 7
16 4 953 4
16 16 953 1
11 11 1348 14
0 1 131 14
0 0 131 12
19 1 340 3
19 19 340 7
3 3 1048 3
2 14 1294 12
2 2 1294 8
2 10 809 10
2 2 809 1
14 14 473 3
1 1 782 8
0 9 818 5
0 0 818 31
2 2 420 1
1 1 1234 5
4 18 858 4
4 4 858 17
6 9 1049 11
6 6 1049 4
16 16 845 7
19 13 510 6
19 19 510 3
8 4 1206 6
8 8 1206 3
7 7 1052 6
17 8 1339 10
17 17 1339 18
12 12 937 7
16 16 146 9
14 19 957 4
14 14 957 36
19 2 1301 6
19 19 1301 3
0 0 1302 2
2 2 989 6
2 1 518 14
2 2 518 1
8 6 1026 1
8 8 1026 7
7 7 1197 16
10 10 1171 2
12 4 166 11
12 12 166 4
5 1 1248 12
5 5 1248 6
8 3 1286 10
8 8 1286 3
6 11 908 3
6 6 908 4
4 12 1375 1
4 4 1375 1
10 14 822 4
10 10 822 4
10 6 323 14
10 10 323 19
11 11 595 10
14 14 49 34
0 0 122 5
2 7 1052 6
2 2 1052 7
0 10 719 2
0 0 719 4
0 6 1076 7
0 0 1076 12
5 2 1137 11
5 5 1137 2
8 17 864 6
8 8 864 4
8 2 693 5
8 8 693 2
6 6 352 3
9 9 663 10
14 14 777 6
16 16 1248 8
17 12 1146 4
17 17 1146 3
16 16 975 1
19 13 1197 10
19 19 1197 10
2 12 37 14
2 2 37 2
10 6 165 5
10 10 165 3
12 7 928 13
12 12 928 9
16 8 137 10
16 16 137 6
16 16 606 2
19 10 1306 10
19 19 1306 3
0 2 952 7
0 0 952 6
19 2 571 3
19 19 571 5
2 18 513 12
2 2 513 5
8 0 1033 1
8 8 1033 5
8 13 403 11
8 8 403 3
10 16 507 9
10 10 507 3
10 12 52 2
10 10 52 9
15 15 568 6
12 13 1079 7
12 12 1079 8
13 1 1215 4
13 13 1215 5
16 12 749 4
16 16 749 7
16 8 1002 5
16 16 1002 12
5 12 1257 11
5 5 1257 11
4 4 1350 1
7 7 474 9
17 17 376 4
2 2 888 1
1 1 1007 4
2 2 141 10
13 4 839 7
13 13 839 12
3 3 1030 18
10 15 640 9
10 10 640 5
10 14 221 6
10 10 221 7
12 9 118 9
12 12 118 10
12 12 968 2
13 13 1121 9
2 14 1373 13
2 2 1373 1
2 2 617 4
8 8 1115 1
4 8 133 2
4 4 133 5
10 8 890 2
10 10 890 14
6 9 920 6
6 6 920 1
7 7 583 27
14 14 1147 11
13 19 209 2
13 13 209 4
12 12 1119 4
15 15 72 7
18 18 1330 22
19 19 576 3
19 19 1015 4
3 8 410 7
3 3 410 12
6 6 48 1
7 7 322 28
17 10 1225 12
17 17 1225 1
7 7 724 16
10 14 1157 10
10 10 1157 8
14 14 389 3
16 18 471 14
16 16 471 1
16 3 740 13
16 16 740 1
2 2 1151 14
13 13 938 2
19 7 250 13
19 19 250 1
4 16 1384 3
4 4 1384 1
4 9 443 13
4 4 443 7
11 11 475 4
16 16 1103 8
13 13 435 23
4 4 476 10
12 15 49 12
12 12 49 2
1 17 427 14
1 1 427 4
0 0 1363 1
4 4 253 7
19 3 497 5
19 19 497 13
10 9 651 12
10 10 651 1
10 2 196 13
10 10 196 1
12 12 442 14
13 8 260 14
13 13 260 12
12 12 1292 24
16 16 573 8
18 18 977 11
2 2 458 7
17 4 527 11
17 17 527 4
6 3 1026 4
6 6 1026 1
3 19 1180 8
3 3 1180 1
6 19 152 5
6 6 152 6
0 0 414 1
9 14 1189 10
9 9 1189 4
11 3 1115 3
11 11 1115 11
15 15 666 5
16 2 588 6
16 16 588 6
16 13 833 3
16 16 833 7
2 2 934 8
3 17 387 5
3 3 387 3
9 9 277 22
11 5 323 4
11 11 323 5
9 19 673 4
9 9 673 1
1 1 563 9
1 12 230 1
1 1 230 2
2 13 236 3
2 2 236 3
6 6 412 5
6 18 1324 4
6 6 1324 8
17 17 1103 2
10 7 803 14
10 10 803 15
10 19 380 8
10 10 380 1
1 1 1193 2
17 1 914 10
17 17 914 7
15 15 1046 29
15 15 973 12
1 10 1017 2
1 1 1017 2
0 0 724 5
2 2 712 5
6 6 1174 1
6 1 768 12
6 6 768 4
11 11 1280 27
10 4 1365 9
10 10 1365 2
13 7 679 3
13 13 679 2
16 16 111 1
2 4 453 2
2 2 453 5
19 5 481 11
19 19 481 1
3 1 379 12
3 3 379 8
10 10 517 6
10 6 94 7
10 10 94 4
7 7 1024 8
10 10 1316 13
15 15 820 2
0 0 909 7
5 5 628 10
4 12 1396 1
4 4 1396 1
8 1 392 12
8 8 392 1
10 0 404 11
10 10 404 1
7 7 714 10
14 14 776 1
0 0 572 4
2 6 231 2
2 2 231 1
3 3 66 28
3 3 1004 1
5 5 1008 16
17 4 1029 5
17 17 1029 3
0 0 13 18
11 8 2 12
11 11 2 13
10 5 163 9
10 10 163 2
12 4 473 13
12 12 473 2
14 14 13 2
19 14 1112 9
19 19 1112 3
0 5 1040 9
0 0 1040 2
16 13 706 11
16 16 706 21
3 15 1149 6
3 3 1149 5
6 6 251 1
8 8 230 1
8 8 827 9
14 14 1302 4
16 4 792 8
16 16 792 11
1 7 470 4
1 1 470 19
13 13 1354 2
6 7 138 10
6 6 138 12
9 9 438 9
12 16 575 12
12 12 575 1
19 9 1334 10
19 19 1334 9
18 18 850 5
1 1 972 3
8 0 399 12
8 8 399 3
9 4 986 12
9 9 986 6
11 11 938 5
14 7 734 6
14 14 734 33
13 12 1390 12
13 13 1390 17
2 2 1096 2
2 2 811 1
4 6 526 12
4 4 526 1
6 6 1310 4
4 4 1338 11
10 13 725 5
10 10 725 20
10 10 366 9
10 4 1025 5
10 10 1025 2
16 16 462 2
15 15 398 50
9 9 391 7
0 0 1137 13
8 8 1104 1
9 9 372 12
9 9 692 4
16 17 397 13
16 16 397 5
13 19 868 5
13 13 868 2
13 13 540 2
3 3 422 19
18 18 826 1
0 0 1361 2
19 13 495 5
19 19 495 2
2 5 589 6
2 2 589 5
8 0 1117 4
8 8 1117 10
3 3 1267 9
9 13 447 13
9 9 447 9
17 17 1174 6
17 12 242 1
17 17 242 2
17 17 849 8
19 19 169 1
5 5 1392 8
19 2 319 11
19 19 319 3
6 19 971 4
6 6 971 7
4 0 1170 6
4 4 1170 2
9 9 264 1
11 11 1097 1
12 8 645 14
12 12 645 7
17 17 1013 3
16 5 891 3
16 16 891 1
13 14 1383 5
13 13 1383 6
1 13 201 12
1 1 201 8
12 10 115 11
12 12 115 1
18 18 506 10
11 11 1190 23
7 7 1353 1
10 15 1032 14
10 10 1032 15
12 18 463 10
12 12 463 3
13 0 471 13
13 13 471 5
16 19 453 11
16 16 453 1
14 14 592 1
18 18 473 12
4 4 681 3
4 16 644 2
4 4 644 11
19 5 354 14
19 19 354 8
6 5 245 4
6 6 245 1
10 2 687 1
10 10 687 12
7 7 531 6
17 12 1171 1
17 17 1171 3
11 18 129 14
11 11 129 14
14 14 1199 29
17 0 1401 14
17 17 1401 13
13 19 296 7
13 13 296 2
16 19 84 10
16 16 84 22
0 0 446 10
17 8 463 11
17 17 463 8
2 0 27 10
2 2 27 10
4 4 1034 1
19 17 593 7
19 19 593 3
7 7 672 10
8 3 871 14
8 8 871 10
3 3 303 24
13 11 238 11
13 13 238 1
12 4 1146 6
12 12 1146 1
16 8 227 4
16 16 227 1
16 16 680 2
19 19 613 14
5 5 1401 1
8 14 616 11
8 8 616 2
4 4 1177 14
10 10 884 1
0 7 62 7
0 0 62 6
7 7 1276 10
10 2 1184 4
10 10 1184 3
16 18 429 10
16 16 429 3
2 16 1114 4
2 2 1114 7
8 8 1389 12
10 7 711 13
10 10 711 5
17 7 1248 8
17 17 1248 13
10 17 1075 4
10 10 1075 3
16 16 1186 2
19 19 1135 23
1 10 1257 7
1 1 1257 3
4 4 1122 9
12 13 8 1
12 12 8 17
18 18 355 7
0 13 1018 14
0 0 1018 1
0 0 1327 3
2 10 18 6
2 2 18 7
8 17 896 12
8 8 896 2
4 5 1265 11
4 4 1265 7
0 5 475 4
0 0 475 2
10 4 446 13
10 10 446 6
16 10 277 2
16 16 277 3
16 9 218 3
16 16 218 4
16 8 687 8
16 16 687 19
19 0 1357 4
19 19 1357 3
19 11 1322 8
19 19 1322 1
3 16 955 12
3 3 955 3
8 7 623 1
8 8 623 7
4 4 1152 7
16 16 1034 1
13 3 120 12
13 13 120 6
16 16 420 9
0 5 366 12
0 0 366 21
2 15 820 11
2 2 820 5
19 2 1209 9
19 19 1209 15
6 2 1214 13
6 6 1214 1
3 2 968 8
3 3 968 8
19 15 1241 2
19 19 1241 1
10 10 283 7
11 16 501 6
11 11 501 20
17 18 1069 7
17 17 1069 2
13 13 1220 7
0 0 1322 4
8 8 1401 3
4 0 199 6
4 4 199 8
8 19 824 9
8 8 824 3
6 19 296 2
6 6 296 3
7 7 186 11
13 13 708 5
12 12 588 1
17 17 513 1
1 1 847 5
2 17 416 8
2 2 416 1
19 19 953 1
4 12 1272 8
4 4 1272 1
9 9 466 1
10 18 544 5
10 10 544 6
10 10 125 1
10 17 1219 7
10 10 1219 5
13 12 1281 11
13 13 1281 1
2 11 1213 9
2 2 1213 5
0 0 608 10
2 2 924 10
8 8 534 26
6 17 1 12
6 6 1 6
6 4 1164 13
6 6 1164 5
12 13 357 4
12 12 357 4
17 7 422 9
17 17 422 1
5 5 492 2
0 0 357 9
19 9 1108 11
19 19 1108 2
18 18 1170 19
3 3 167 5
6 3 1201 5
6 6 1201 2
6 7 847 7
6 6 847 2
7 7 34 14
10 13 258 14
10 10 258 2
10 18 1061 1
10 10 1061 1
16 7 1168 7
16 16 1168 16
15 15 567 1
18 18 450 23
1 1 410 16
17 16 455 11
17 17 455 2
19 11 141 6
19 19 141 9
6 9 661 13
6 6 661 3
19 8 48 1
19 19 48 17
8 8 137 9
9 9 29 2
15 15 1330 8
16 16 526 6
0 0 387 6
2 15 443 5
2 2 443 6
4 1 991 7
4 4 991 3
4 1 768 14
4 4 768 2
19 3 376 14
19 19 376 3
10 15 657 14
10 10 657 1
10 19 1226 2
10 10 1226 5
14 14 1075 13
16 15 45 5
16 16 45 8
16 7 259 10
16 16 259 2
1 1 343 4
14 17 839 10
14 14 839 5
2 7 298 14
2 2 298 2
19 6 632 4
19 19 632 1
17 15 857 7
17 17 857 6
5 6 506 4
5 5 506 12
5 5 949 6
7 7 1308 5
16 13 1144 6
16 16 1144 3
17 12 1422 2
17 17 1422 6
16 14 402 12
16 16 402 10
16 10 1166 5
16 16 1166 2
3 3 172 20
6 15 333 6
6 6 333 4
5 11 267 2
5 5 267 32
9 9 181 27
19 12 1389 2
19 19 1389 4
17 12 1055 9
17 17 1055 2
17 14 610 7
17 17 610 3
16 16 1014 3
1 1 403 1
19 2 1038 6
19 19 1038 1
9 4 1180 13
9 9 1180 3
1 17 1276 3
1 1 1276 9
6 3 1083 14
6 6 1083 8
3 2 1095 11
3 3 1095 2
8 5 176 1
8 8 176 2
6 15 648 8
6 6 648 3
12 0 578 6
12 12 578 4
15 15 1270 11
16 13 176 12
16 16 176 7
7 7 1331 10
19 19 528 5
13 18 874 8
13 13 874 13
6 19 96 12
6 6 96 1
10 10 921 3
11 11 1053 19
19 4 889 11
19 19 889 2
14 14 160 13
2 2 1167 1
0 2 638 8
0 0 638 3
2 8 878 8
2 2 878 5
19 6 1224 8
19 19 1224 1
9 7 992 5
9 9 992 5
14 18 83 1
14 14 83 5
16 10 862 13
16 16 862 1
18 18 571 12
0 0 1106 3
17 8 1377 12
17 17 1377 1
8 5 1289 1
8 8 1289 6
1 1 938 34
8 8 659 1
8 8 40 5
10 10 763 7
18 18 8 2
14 14 1251 2
12 12 490 3
17 0 1040 12
17 17 1040 10
13 1 1098 8
13 13 1098 8
2 2 1380 10
1 1 404 3
2 15 71 8
2 2 71 6
2 2 688 2
8 18 183 4
8 8 183 5
10 10 586 3
10 8 135 12
10 10 135 4
16 7 1352 1
16 16 1352 5
16 12 183 2
16 16 183 1
15 15 97 18
0 0 401 8
2 2 397 8
2 3 438 3
2 2 438 5
2 3 547 14
2 2 547 9
8 8 1127 6
6 6 534 2
4 6 1237 14
4 4 1237 3
19 13 524 9
19 19 524 4
17 6 1167 7
17 17 1167 1
10 14 1276 6
10 10 1276 1
13 12 11 14
13 13 11 25
13 11 1324 4
13 13 1324 2
18 18 214 5
19 19 211 7
4 10 584 2
4 4 584 16
5 7 1350 4
5 5 1350 13
8 16 523 3
8 8 523 1
8 6 64 13
8 8 64 7
10 10 1103 8
17 3 1144 10
17 17 1144 2
1 3 905 8
1 1 905 9
1 1 39 3
5 5 968 9
9 9 1119 8
7 7 980 17
10 16 1413 2
10 10 1413 2
10 7 1002 7
10 10 1002 3
15 15 505 22
1 1 826 4
0 0 659 5
5 5 1323 7
4 10 187 2
4 4 187 8
6 14 195 14
6 6 195 6
5 5 857 37
10 10 629 4
10 10 142 3
16 9 1359 6
16 16 1359 13
6 4 1020 5
6 6 1020 6
12 16 957 3
12 12 957 2
14 2 372 8
14 14 372 1
16 10 627 2
16 16 627 1
19 7 1281 5
19 19 1281 8
4 7 1021 11
4 4 1021 2
8 8 1134 1
6 7 521 10
6 6 521 11
10 0 452 4
10 10 452 9
14 14 1028 5
1 7 143 11
1 1 143 1
5 5 1268 7
8 1 562 10
8 8 562 8
8 19 71 9
8 8 71 9
6 4 1420 1
6 6 1420 2
7 7 1291 17
17 1 964 8
17 17 964 2
14 17 662 6
14 14 662 1
2 14 1072 3
2 2 1072 6
17 16 576 10
17 17 576 2
3 3 598 7
8 18 844 6
8 8 844 2
8 8 641 18
1 11 830 14
1 1 830 3
1 1 1219 6
10 10 1420 15
16 17 772 9
16 16 772 4
17 7 408 14
17 17 408 2
18 18 1011 11
2 19 492 2
2 2 492 3
19 19 438 6
8 8 987 3
9 9 57 19
7 7 610 13
13 10 476 8
13 13 476 24
12 12 948 9
16 16 165 1
16 7 618 5
16 16 618 7
2 8 1257 12
2 2 1257 8
18 18 770 7
2 13 968 3
2 2 968 8
6 9 1065 8
6 6 1065 10
5 5 536 21
10 14 463 10
10 10 463 3
10 10 24 5
10 7 1262 14
10 10 1262 2
16 1 367 9
16 16 367 16
15 15 297 2
18 18 200 14
0 0 579 5
2 8 270 11
2 2 270 4
2 4 891 4
2 2 891 3
3 11 123 4
3 3 123 9
6 19 915 8
6 6 915 4
6 8 484 12
6 6 484 1
13 13 398 6
16 17 510 3
16 16 510 1
13 5 1252 2
13 13 1252 1
0 0 344 3
2 4 161 12
2 2 161 1
2 1 746 1
2 2 746 2
16 16 297 9
5 5 826 13
12 6 407 5
12 12 407 18
2 5 487 7
2 2 487 4
2 2 669 1
6 2 616 1
6 6 616 3
5 5 843 7
9 9 34 15
17 6 1182 4
17 17 1182 1
13 13 538 2
15 15 1226 10
19 19 1295 6
19 4 995 13
19 19 995 1
4 5 995 9
4 4 995 3
3 3 893 7
7 7 797 1
10 10 3 4
11 11 915 6
15 15 1015 13
12 5 1026 7
12 12 1026 3
13 4 1164 8
13 13 1164 2
1 0 153 7
1 1 153 8
19 11 230 14
19 19 230 5
19 12 669 2
19 19 669 8
5 5 1254 3
4 13 114 12
4 4 114 2
4 13 463 4
4 4 463 1
5 5 455 4
7 7 1256 4
10 6 345 7
10 10 345 3
14 17 232 7
14 14 232 13
15 15 1085 11
14 14 47 2
16 11 954 7
16 16 954 1
1 1 924 2
4 4 692 10
3 3 1051 17
10 10 671 4
11 11 1255 12
19 7 785 12
19 19 785 8
16 5 1317 13
16 16 1317 4
12 12 1376 8
17 15 394 4
17 17 394 5
19 10 1191 5
19 19 1191 2
19 19 17 2
19 8 891 7
19 19 891 12
9 0 766 3
9 9 766 6
13 13 531 2
13 13 361 9
16 13 432 3
16 16 432 3
9 9 600 1
2 3 519 13
2 2 519 1
4 19 1002 13
4 4 1002 6
5 17 447 4
5 5 447 8
3 3 1292 4
18 18 240 35
15 15 985 4
19 7 1413 2
19 19 1413 1
0 0 593 15
8 6 1170 6
8 8 1170 21
10 0 848 11
10 10 848 1
11 11 25 12
16 19 945 9
16 16 945 7
18 18 534 6
19 16 348 5
19 19 348 4
4 4 8 8
6 14 715 4
6 6 715 15
17 17 1271 3
7 7 1415 11
13 10 273 4
13 13 273 4
16 16 960 2
18 18 275 1
1 8 457 5
1 1 457 6
16 18 974 3
16 16 974 1
8 14 583 4
8 8 583 20
5 5 738 8
19 0 1194 12
19 19 1194 3
11 11 199 14
13 13 524 7
9 9 1011 8
0 0 116 6
18 18 879 2
2 14 360 12
2 2 360 1
1 18 1115 13
1 1 1115 4
3 5 404 12
3 3 404 6
8 8 179 4
5 5 440 2
4 8 1200 3
4 4 1200 12
9 9 490 5
17 11 346 3
17 17 346 3
14 14 820 6
19 15 1418 11
19 19 1418 3
6 18 900 1
6 6 900 5
4 19 1351 9
4 4 1351 2
7 7 469 5
7 7 928 4
10 2 387 10
10 10 387 3
6 12 612 7
6 6 612 4
8 8 901 1
0 0 146 13
1 14 4 9
1 1 4 13
19 10 279 11
19 19 279 1
1 10 1202 8
1 1 1202 15
16 1 994 7
16 16 994 3
8 8 242 4
7 14 106 2
7 7 106 16
16 0 1299 1
16 16 1299 11
14 14 1282 20
17 8 1262 13
17 17 1262 9
15 15 474 14
0 0 769 7
6 2 166 1
6 6 166 4
2 2 1307 10
14 17 1144 8
14 14 1144 3
17 2 1332 3
17 17 1332 7
16 5 129 11
16 16 129 1
18 18 157 15
19 5 579 10
19 19 579 10
2 2 537 1
8 17 1302 9
8 8 1302 3
3 13 848 9
3 3 848 2
5 5 417 20
6 17 49 5
6 6 49 7
17 1 36 10
17 17 36 5
17 17 1152 3
11 11 902 9
13 13 918 6
19 7 968 8
19 19 968 5
19 19 699 7
5 9 263 14
5 5 263 4
16 12 741 8
16 16 741 1
2 2 1148 3
2 16 274 8
2 2 274 11
5 5 1233 6
6 17 1322 2
6 6 1322 2
8 11 725 6
8 8 725 11
4 7 1358 12
4 4 1358 7
9 9 823 15
14 19 10 14
14 14 10 3
15 15 1032 9
18 18 881 1
13 13 1032 17
19 6 1101 7
19 19 1101 1
1 10 426 12
1 1 426 1
18 18 1237 20
3 3 228 21
8 8 676 7
8 9 249 8
8 8 249 4
2 2 983 6
10 18 197 3
10 10 197 2
14 14 194 15
13 9 685 11
13 13 685 9
17 5 125 8
17 17 125 4
0 0 1202 4
1 12 1060 13
1 1 1060 5
6 6 1027 3
3 3 1183 23
10 11 974 14
10 10 974 3
10 0 745 12
10 10 745 1
6 14 1015 13
6 6 1015 3
17 18 880 11
17 17 880 2
14 14 919 3
19 13 1323 3
19 19 1323 3
8 6 402 1
8 8 402 1
4 4 284 13
6 17 40 13
6 6 40 5
10 11 849 4
10 10 849 2
19 13 854 6
19 19 854 4
10 17 1165 5
10 10 1165 6
17 19 769 4
17 17 769 4
16 10 791 9
16 16 791 1
17 19 159 10
17 17 159 16
0 0 550 1
1 9 1299 9
1 1 1299 16
17 5 212 5
17 17 212 5
8 7 1159 12
8 8 1159 11
6 13 886 4
6 6 886 2
4 7 1333 8
4 4 1333 4
10 10 800 2
10 11 381 4
10 10 381 6
13 6 290 3
13 13 290 6
15 15 1041 5
12 7 1205 8
12 12 1205 1
18 18 679 4
0 0 864 24
15 15 1003 5
8 8 683 10
12 12 1023 3
2 19 1324 9
2 2 1324 11
19 13 45 13
19 19 45 3
3 2 817 11
3 3 817 9
10 10 969 3
12 12 244 4
17 7 1318 3
17 17 1318 2
12 17 1102 1
12 12 1102 2
18 18 143 14
2 0 958 7
2 2 958 1
5 5 403 5
8 18 393 8
8 8 393 1
10 11 405 3
10 10 405 7
19 0 681 11
19 19 681 10
8 8 991 1
9 9 997 2
17 17 1018 11
16 19 782 11
16 16 782 1
15 15 206 4
13 11 1243 12
13 13 1243 1
4 8 93 2
4 4 93 8
6 8 1316 3
6 6 1316 5
17 1 512 12
17 17 512 1
7 7 1370 2
10 10 1031 1
16 0 1214 2
16 16 1214 1
17 18 1088 6
17 17 1088 7
12 16 1194 9
12 12 1194 11
19 19 1115 3
0 0 684 5
2 9 151 11
2 2 151 2
19 6 815 6
19 19 815 2
6 17 1122 10
6 6 1122 28
3 2 1148 3
3 3 1148 1
6 3 248 1
6 6 248 3
8 8 231 3
7 5 81 7
7 7 81 19
7 7 540 31
12 14 425 3
12 12 425 15
17 16 1233 2
17 17 1233 4
17 17 548 5
17 10 111 12
17 17 111 1
2 15 1319 11
2 2 1319 1
0 4 1371 13
0 0 1371 3
8 4 1111 11
8 8 1111 4
8 14 1004 4
8 8 1004 2
10 10 525 11
10 16 70 14
10 10 70 3
14 14 556 2
12 12 243 1
17 17 1311 5
17 4 248 5
17 17 248 7
16 17 1093 2
16 16 1093 9
3 3 496 6
3 6 839 3
3 3 839 9
4 4 1172 5
10 10 412 1
9 9 1063 4
17 17 1011 2
13 13 1389 1
1 1 524 8
2 7 255 12
2 2 255 2
2 18 808 10
2 2 808 1
4 8 527 1
4 4 527 5
1 1 807 4
7 7 1363 2
17 17 908 4
13 19 1075 10
13 13 1075 2
2 2 1423 6
1 17 96 12
1 1 96 11
6 4 686 6
6 6 686 1
6 3 324 3
6 6 324 9
9 9 1358 7
16 16 1407 8
6 6 516 5
17 17 1226 7
17 17 541 2
18 18 827 8
19 19 494 1
3 15 360 13
3 3 360 4
8 8 915 4
6 6 130 3
10 7 1019 5
10 10 1019 6
8 8 870 1
19 11 849 8
19 19 849 5
11 11 857 6
17 8 1296 9
17 17 1296 6
15 15 773 6
2 2 1233 6
5 9 1407 5
5 5 1407 13
6 1 1415 4
6 6 1415 5
11 11 543 1
14 14 109 51
17 17 319 11
2 3 246 10
2 2 246 1
6 6 1229 2
11 11 51 5
11 11 454 21
12 12 456 4
16 1 454 9
16 16 454 8
14 14 593 5
10 10 33 11
3 3 192 12
8 8 779 4
8 7 149 14
8 8 149 7
12 5 607 8
12 12 607 4
18 18 818 2
0 0 1321 1
0 15 1182 2
0 0 1182 7
8 8 1093 7
6 16 560 13
6 6 560 4
4 9 1035 9
4 4 1035 3
9 3 525 13
9 9 525 9
7 7 1134 4
12 12 1147 3
16 0 228 14
16 16 228 1
14 14 883 24
5 5 1197 2
5 8 1400 5
5 5 1400 1
6 0 1406 13
6 6 1406 9
8 1 1225 14
8 8 1225 7
10 19 885 6
10 10 885 5
7 7 869 21
11 11 532 7
12 12 368 3
13 2 126 4
13 13 126 3
17 0 1005 10
17 17 1005 6
15 15 366 7
17 5 564 9
17 17 564 12
0 0 1121 13
13 16 283 14
13 13 283 7
13 13 463 4
16 16 898 8
2 10 1409 11
2 2 1409 1
0 0 689 3
2 2 685 2
6 8 664 12
6 6 664 12
8 8 156 2
10 5 599 8
10 10 599 3
18 16 122 8
18 18 122 21
13 19 714 1
13 13 714 3
17 17 1220 2
12 7 1320 11
12 12 1320 5
17 10 82 8
17 17 82 4
1 2 885 5
1 1 885 12
0 10 1019 12
0 0 1019 6
17 19 903 10
17 17 903 1
4 6 360 3
4 4 360 19
10 1 1005 2
10 10 1005 4
10 1 550 13
10 10 550 6
11 11 835 2
10 14 1241 14
10 10 1241 11
13 13 603 3
15 15 779 4
0 0 37 25
0 0 618 3
2 17 898 14
2 2 898 6
4 11 511 10
4 4 511 3
8 8 528 5
7 7 1321 10
13 15 940 6
13 13 940 31
13 11 119 5
13 13 119 1
15 15 375 19
2 2 1106 1
5 5 1330 12
17 10 23 10
17 17 23 1
6 13 1215 12
6 6 1215 12
4 4 1296 2
10 17 719 9
10 10 719 2
19 15 777 6
19 19 777 3
13 12 829 12
13 13 829 7
16 18 1017 5
16 16 1017 10
6 6 94 2
2 18 676 7
2 2 676 1
12 4 0 8
12 12 0 8
13 13 142 1
15 15 50 5
16 14 520 6
16 16 520 1
0 14 1010 2
0 0 1010 5
2 6 417 13
2 2 417 3
2 9 599 2
2 2 599 2
5 5 806 2
6 9 119 9
6 6 119 1
10 10 916 2
9 9 1266 6
12 12 732 13
16 18 269 7
16 16 269 8
16 11 210 3
16 16 210 6
2 2 1210 2
19 7 191 6
19 19 191 20
6 1 1384 3
6 6 1384 7
4 4 1160 8
10 9 432 6
10 10 432 6
17 19 1428 2
16 16 412 3
16 9 865 5
16 16 865 2
19 19 1039 10
3 3 510 13
6 0 763 6
6 6 763 5
10 10 758 3
9 10 838 7
9 9 838 9
11 11 659 4
17 16 1133 6
17 17 1133 11
12 1 770 4
12 12 770 1
0 0 584 3
1 16 409 11
1 1 409 1
2 11 703 10
2 2 703 3
4 11 207 13
4 4 207 4
3 15 1089 10
3 3 1089 3
6 2 223 8
6 6 223 2
11 11 147 21
8 8 801 7
13 18 338 3
13 13 338 18
15 15 679 4
0 0 1381 3
19 8 522 12
19 19 522 2
19 19 961 3
8 4 911 12
8 8 911 4
19 19 1425 2
12 12 142 4
17 11 839 12
17 17 839 2
17 17 221 1
2 1 1205 12
2 2 1205 5
18 18 1403 27
5 5 1176 2
5 5 1363 18
6 0 1379 2
6 6 1379 5
5 5 948 1
9 5 299 11
9 9 299 6
10 0 1401 8
10 10 1401 9
0 7 789 4
0 0 789 2
13 12 763 9
13 13 763 20
1 1 609 3
19 19 309 10
6 3 754 11
6 6 754 9
9 9 847 2
10 10 1069 6
16 16 1160 6
12 2 825 3
12 12 825 16
16 16 34 2
15 15 490 15
0 5 849 1
0 0 849 10
2 14 77 11
2 2 77 12
6 6 450 3
5 5 192 4
5 5 854 3
11 11 1362 31
11 11 793 7
12 12 54 6
17 17 1380 6
17 17 69 2
0 0 411 3
6 3 97 2
6 6 97 2
10 5 108 10
10 10 108 15
16 0 661 3
16 16 661 6
1 1 188 13
4 4 770 9
3 3 474 11
3 3 913 3
4 8 1406 2
4 4 1406 5
10 10 418 1
14 0 559 13
14 14 559 9
10 10 1093 9
12 3 276 9
12 12 276 12
17 2 1414 9
17 17 1414 3
17 1 969 6
17 17 969 5
16 17 863 2
16 16 863 2
5 5 1049 12
1 1 634 9
6 5 1184 13
6 6 1184 2
8 8 660 13
6 14 387 5
6 6 387 2
13 11 669 2
13 13 669 10
18 18 485 21
1 1 491 11
0 0 669 3
0 15 1218 4
0 0 1218 2
6 8 1075 10
6 6 1075 2
8 0 355 2
8 8 355 9
8 7 1024 12
8 8 1024 2
7 7 623 1
12 12 45 4
12 12 634 7
15 4 96 5
15 15 96 1
19 19 536 11
19 18 975 13
19 19 975 2
3 3 777 19
0 0 263 4
7 7 817 11
10 7 1277 14
10 10 1277 10
12 12 713 2
15 6 727 3
15 15 727 18
1 1 1315 8
16 16 671 2
8 8 524 4
16 15 942 11
16 16 942 1
11 11 1020 33
17 2 41 3
17 17 41 12
15 19 527 9
15 15 527 40
16 19 854 6
16 16 854 3
0 0 331 9
2 15 1078 7
2 2 1078 15
12 9 817 2
12 12 817 6
9 9 1365 15
11 15 1267 3
11 11 1267 9
10 14 1410 2
10 10 1410 3
10 11 415 5
10 10 415 3
17 17 1032 8
16 16 16 2
16 19 997 5
16 16 997 2
19 5 1171 7
19 19 1171 7
1 1 87 9
16 2 1245 6
16 16 1245 3
8 10 1408 12
8 8 1408 9
6 4 277 4
6 6 277 4
7 7 153 1
7 13 1075 2
7 7 1075 5
10 10 1301 4
19 19 873 1
12 15 625 13
12 12 625 9
13 16 381 2
13 13 381 7
14 12 373 11
14 14 373 16
14 11 942 3
14 14 942 15
0 2 105 4
0 0 105 11
0 0 1283 2
1 1 1419 4
3 7 443 4
3 3 443 3
4 14 331 7
4 4 331 4
4 10 1245 7
4 4 1245 2
10 6 904 3
10 10 904 5
10 10 30 3
10 10 1252 4
16 11 830 5
16 16 830 3
19 19 1393 20
19 19 219 5
6 12 1364 12
6 6 1364 1
6 7 921 7
6 6 921 2
9 9 350 22
11 11 558 37
16 12 1134 3
16 16 1134 5
13 13 404 8
16 5 504 14
16 16 504 3
13 7 1258 2
13 13 1258 19
1 1 897 8
0 0 764 1
2 2 167 1
4 9 28 4
4 4 28 1
3 3 1068 12
6 14 808 12
6 6 808 11
10 10 746 2
9 9 866 4
19 10 708 8
19 19 708 7
8 8 1020 3
12 12 1395 2
4 19 854 4
4 4 854 4
19 7 67 2
19 19 67 5
6 5 187 9
6 6 187 6
6 6 268 9
9 3 56 8
9 9 56 1
12 11 35 7
12 12 35 2
13 13 374 2
16 12 166 4
16 16 166 4
18 18 182 5
1 1 1143 13
5 5 519 5
9 9 1047 13
13 13 625 4
13 15 60 12
13 13 60 34
16 18 821 3
16 16 821 4
0 5 31 10
0 0 31 1
13 12 1049 4
13 13 1049 2
19 19 224 5
2 0 387 14
2 2 387 5
5 5 1276 14
4 15 116 5
4 4 116 2
3 3 900 2
6 7 912 3
6 6 912 2
6 11 485 12
6 6 485 7
10 14 770 7
10 10 770 12
9 1 794 2
9 9 794 11
10 7 1150 10
10 10 1150 1
16 4 1125 13
16 16 1125 1
3 10 1088 14
3 3 1088 1
14 14 37 10
18 18 644 11
18 18 88 12
18 18 549 5
16 16 130 3
3 17 606 8
3 3 606 27
6 1 803 13
6 6 803 5
8 19 222 13
8 8 222 7
9 9 208 4
19 0 1321 11
19 19 1321 1
12 4 400 9
12 12 400 7
17 1 1274 11
17 17 1274 5
0 0 456 3
16 13 915 2
16 16 915 7
19 18 446 4
19 19 446 2
2 0 666 3
2 2 666 3
3 3 446 4
8 8 1422 3
6 6 178 3
10 1 1287 10
10 10 1287 5
2 19 525 3
2 2 525 12
16 4 187 8
16 16 187 2
5 5 437 2
6 6 77 1
7 7 796 1
17 2 804 7
17 17 804 5
1 3 169 3
1 1 169 19
14 19 811 3
14 14 811 9
2 18 1168 2
2 2 1168 1
5 5 615 13
2 2 883 5
3 16 99 9
3 3 99 16
6 10 907 2
6 6 907 1
19 12 1178 13
19 19 1178 1
7 7 941 26
10 11 492 3
10 10 492 2
16 14 502 2
16 16 502 2
16 12 955 4
16 16 955 1
18 18 540 9
18 18 1257 6
2 15 738 7
2 2 738 1
16 6 628 3
16 16 628 3
4 10 2 1
4 4 2 2
6 13 1393 14
6 6 1393 3
5 5 503 3
2 7 1353 10
2 2 1353 1
19 14 1049 6
19 19 1049 2
6 5 181 11
6 6 181 3
10 13 623 10
10 10 623 6
8 1 808 3
8 8 808 2
14 8 1135 13
14 14 1135 7
12 12 542 19
15 15 649 7
16 12 601 10
16 16 601 3
15 15 264 7
0 0 931 6
19 0 129 14
19 19 129 10
4 2 1226 13
4 4 1226 11
8 8 1248 20
1 1 572 7
11 11 350 22
12 12 749 4
16 5 803 3
16 16 803 7
2 19 1131 4
2 2 1131 8
1 1 145 8
2 2 257 13
19 19 677 1
4 4 557 4
6 2 898 11
6 6 898 1
5 2 922 2
5 5 922 16
19 14 1230 4
19 19 1230 1
9 9 772 17
2 2 856 4
17 1 280 14
17 17 280 6
15 15 1029 3
15 15 1008 7
0 18 343 12
0 0 343 1
17 8 297 11
17 17 297 12
2 18 176 13
2 2 176 6
3 3 249 7
6 6 1159 5
5 5 133 7
8 8 695 2
6 11 358 14
6 6 358 5
7 9 571 6
7 7 571 12
17 11 384 5
17 17 384 6
13 7 837 5
13 13 837 2
13 13 272 1
5 5 317 10
19 17 781 3
19 19 781 4
17 1 1400 5
17 17 1400 1
0 0 1189 1
4 4 1355 3
4 2 152 10
4 4 152 7
6 7 603 7
6 6 603 4
8 4 262 9
8 8 262 9
9 9 742 3
9 9 1209 6
14 14 1142 2
13 7 214 14
13 13 214 22
15 15 1243 27
1 1 377 10
2 12 361 7
2 2 361 15
17 9 514 2
17 17 514 8
2 11 543 1
2 2 543 1
5 0 1297 7
5 5 1297 6
19 7 746 14
19 19 746 3
6 10 1002 12
6 6 1002 1
10 17 940 7
10 10 940 9
10 13 505 10
10 10 505 2
10 15 50 5
10 10 50 2
16 4 1083 12
16 16 1083 5
13 13 39 18
12 12 1073 6
15 15 263 1
10 10 929 10
19 0 1421 11
19 19 1421 2
18 18 1352 27
4 4 532 6
8 8 1349 8
11 11 420 17
14 14 627 19
3 3 132 35
1 19 592 4
1 1 592 10
2 11 139 6
2 2 139 1
2 5 756 14
2 2 756 5
6 3 1150 5
6 6 1150 4
7 7 101 3
11 11 731 17
17 17 1261 1
16 13 568 10
16 16 568 3
0 12 477 12
0 0 477 2
18 18 517 8
2 12 615 2
2 2 615 2
5 7 31 3
5 5 31 3
4 15 1065 12
4 4 1065 30
19 15 1343 11
19 19 1343 1
7 7 1036 5
11 0 255 8
11 11 255 11
12 12 199 11
15 15 800 11
15 15 671 8
2 14 1226 3
2 2 1226 1
2 12 352 9
2 2 352 1
5 5 416 1
10 15 61 3
10 10 61 8
13 13 917 1
12 12 1064 9
16 10 742 6
16 16 742 7
6 6 829 7
2 8 860 10
2 2 860 9
5 3 908 4
5 5 908 3
9 9 822 1
18 18 221 19
19 5 843 14
19 19 843 6
14 15 1 14
14 14 1 9
17 2 483 8
17 17 483 23
1 1 998 3
2 2 130 9
15 15 394 4
10 2 845 11
10 10 845 3
10 5 649 11
10 10 649 2
12 4 111 12
12 12 111 4
10 0 390 8
10 10 390 4
15 15 1208 7
16 14 106 3
16 16 106 2
0 0 468 7
18 18 975 2
19 7 39 9
19 19 39 6
19 19 913 10
13 5 1356 7
13 13 1356 9
6 8 597 8
6 6 597 4
6 4 158 7
6 6 158 1
10 17 536 5
10 10 536 7
7 7 702 12
10 9 1339 13
10 10 1339 1
14 14 1088 33
17 17 1324 8
16 10 308 14
16 16 308 11
17 17 13 10
2 18 1221 5
2 2 1221 5
18 18 862 17
6 18 1427 3
6 6 1427 6
8 8 1417 5
4 4 1191 2
10 13 790 10
10 10 790 10
10 15 491 14
10 10 491 1
19 2 678 9
19 19 678 3
14 14 108 1
17 4 768 13
17 17 768 1
16 16 776 6
0 8 242 4
0 0 242 21
0 18 551 5
0 0 551 6
5 5 1241 7
6 15 1314 1
6 6 1314 2
7 6 458 3
7 7 458 11
10 4 378 9
10 10 378 2
7 7 1372 15
11 11 15 10
12 12 1206 1
19 19 370 6
2 0 710 7
2 2 710 1
5 9 1130 4
5 5 1130 3
5 5 240 3
6 5 1039 7
6 6 1039 5
11 11 713 1
13 13 315 13
13 6 542 5
13 13 542 1
2 2 12 5
8 12 1105 14
8 8 1105 6
10 10 1014 3
9 2 537 7
9 9 537 6
8 8 721 2
13 0 566 13
13 13 566 11
15 15 822 9
16 15 581 14
16 16 581 5
0 0 90 4
19 19 157 7
2 2 959 3
4 6 260 8
4 4 260 11
5 5 402 1
8 8 394 5
7 3 434 8
7 7 434 8
7 7 1171 4
12 17 657 12
12 12 657 3
15 5 935 5
15 15 935 11
16 18 783 5
16 16 783 7
4 18 1273 13
4 4 1273 14
1 1 1387 1
5 18 1218 2
5 5 1218 6
6 6 1232 4
3 17 1006 12
3 3 1006 6
7 13 1365 3
7 7 1365 1
6 6 1365 1
12 12 475 11
17 17 1095 1
14 14 19 18
0 0 307 10
0 11 888 14
0 0 888 3
1 9 110 8
1 1 110 13
18 18 1220 5
19 19 814 1
5 5 249 7
10 3 699 4
10 10 699 3
15 19 1357 3
15 15 1357 14
0 0 791 27
16 16 906 5
2 5 624 4
2 2 624 4
6 11 583 12
6 6 583 10
4 4 1030 4
10 4 1009 14
10 10 1009 1
17 6 145 5
17 17 145 9
11 11 863 7
11 8 226 4
11 11 226 13
6 6 399 3
15 15 831 33
17 4 692 12
17 17 692 3
17 11 255 11
17 17 255 5
2 2 1239 6
18 18 293 19
4 11 950 2
4 4 950 7
17 5 1196 3
17 17 1196 4
8 8 1085 5
10 5 413 4
10 10 413 2
7 7 1341 12
7 7 1160 11
19 19 826 6
16 16 26 8
14 14 732 2
13 9 623 5
13 13 623 2
8 13 391 7
8 8 391 1
1 1 1388 17
6 5 1227 4
6 6 1227 2
4 13 402 2
4 4 402 1
6 5 426 14
6 6 426 1
12 12 466 4
17 17 1080 6
15 15 989 14
19 12 297 6
19 19 297 1
4 4 1095 15
1 1 1181 6
6 0 687 2
6 6 687 2
6 14 240 6
6 6 240 5
4 4 486 3
11 11 1328 2
16 12 1392 3
16 16 1392 5
12 16 1006 8
12 12 1006 5
15 15 578 17
2 4 1343 12
2 2 1343 10
1 2 301 13
1 1 301 9
2 9 469 9
2 2 469 14
0 0 1176 1
4 11 379 14
4 4 379 8
6 6 574 4
16 11 985 3
16 16 985 9
13 14 552 6
13 13 552 3
16 8 1397 4
16 16 1397 10
1 1 747 18
2 2 945 13
4 4 608 4
4 4 957 13
8 17 611 6
8 8 611 1
8 11 440 14
8 8 440 3
10 1 843 9
10 10 843 2
7 7 163 23
17 19 1302 2
17 17 1302 3
17 9 1003 8
17 17 1003 2
17 17 129 5
2 6 247 11
2 2 247 3
4 4 759 7
8 10 1384 11
8 8 1384 5
4 4 409 7
8 3 1044 4
8 8 1044 20
10 10 279 4
10 7 1078 2
10 10 1078 15
19 17 1225 12
19 19 1225 3
13 13 1092 3
14 11 598 7
14 14 598 4
19 15 1128 8
19 19 1128 4
0 16 1248 8
0 0 1248 10
4 6 211 14
4 4 211 10
6 6 678 8
6 11 235 14
6 6 235 5
4 18 424 7
4 4 424 19
13 8 155 4
13 13 155 11
17 6 88 6
17 17 88 3
0 12 432 10
0 0 432 14
1 1 294 1
2 17 428 4
2 2 428 10
2 13 25 14
2 2 25 2
19 10 941 8
19 19 941 1
4 4 789 6
10 8 73 7
10 10 73 17
9 9 1223 24
13 12 236 8
13 13 236 2
16 16 229 1
16 6 682 7
16 16 682 5
0 0 916 6
17 10 117 14
17 17 117 8
2 1 904 10
2 2 904 5
8 8 618 3
14 14 227 5
10 13 1198 7
10 10 1198 1
15 15 946 7
16 3 884 9
16 16 884 7
19 19 1024 2
0 0 222 1
18 18 725 45
4 6 766 9
4 4 766 2
8 8 14 13
9 9 128 8
7 12 1013 10
7 7 1013 11
16 11 1188 2
16 16 1188 15
0 14 280 3
0 0 280 9
18 18 923 48
6 19 1108 10
6 6 1108 14
19 6 393 9
19 19 393 13
5 0 145 14
5 5 145 6
13 8 713 8
13 13 713 1
1 1 1119 19
15 15 15 35
18 18 810 2
19 17 72 14
19 19 72 3
2 2 605 6
17 17 235 1
6 4 552 9
6 6 552 6
9 9 431 7
7 7 667 3
14 4 182 4
14 14 182 12
17 17 671 1
16 4 673 8
16 16 673 2
1 12 741 12
1 1 741 6
18 18 1286 41
8 14 1244 9
8 8 1244 3
5 15 577 1
5 5 577 12
10 5 438 4
10 10 438 8
6 6 689 3
10 1 484 5
10 10 484 3
16 18 875 4
16 16 875 3
2 1 1107 12
2 2 1107 7
3 3 976 9
8 11 229 10
8 8 229 1
6 6 842 5
9 17 137 2
9 9 137 9
9 7 860 9
9 9 860 5
12 12 772 36
16 18 53 12
16 16 53 17
17 17 441 10
1 1 391 6
2 3 677 7
2 2 677 8
19 15 1093 10
19 19 1093 1
4 0 1131 6
4 4 1131 7
9 18 305 7
9 9 305 5
13 17 706 10
13 13 706 2
14 14 414 14
16 16 521 5
0 10 398 14
0 0 398 3
2 13 1003 8
2 2 1003 1
4 4 795 5
8 15 1140 1
8 8 1140 8
6 6 547 2
9 9 467 11
7 16 197 11
7 7 197 4
10 10 123 1
12 12 1130 3
15 15 718 9
14 14 834 5
19 7 1364 8
19 19 1364 11
1 18 161 11
1 1 161 8
15 15 55 6
5 1 1182 7
5 5 1182 15
8 6 1219 10
8 8 1219 6
6 6 7 2
10 14 785 3
10 10 785 3
7 11 1313 2
7 7 1313 1
7 7 1260 5
16 17 1027 5
16 16 1027 2
13 18 111 11
13 13 111 4
17 2 990 5
17 17 990 1
1 1 932 6
2 17 1066 14
2 2 1066 6
19 19 303 4
5 5 1071 20
5 5 256 3
18 14 10 5
18 18 10 36
12 12 771 1
6 8 888 13
6 6 888 9
13 4 1110 3
13 13 1110 5
0 3 278 4
0 0 278 2
0 0 859 5
2 9 700 9
2 2 700 3
6 13 1094 1
6 6 1094 14
6 6 651 1
6 8 220 11
6 6 220 3
10 14 582 11
10 10 582 2
1 1 811 5
14 14 1158 9
17 14 1378 8
17 17 1378 2
14 14 353 6
17 4 67 10
17 17 67 2
2 7 1283 6
2 2 1283 11
18 18 796 12
19 7 87 14
19 19 87 6
3 3 327 33
4 4 351 9
6 6 538 9
10 13 924 14
10 10 924 5
10 7 98 2
10 10 98 10
11 11 880 22
10 10 1224 2
16 16 261 8
14 10 272 11
14 14 272 1
17 1 220 8
17 17 220 1
2 1 296 14
2 2 296 2
2 11 917 4
2 2 917 7
16 16 612 2
6 6 510 6
11 11 961 11
6 6 549 3
12 2 1264 4
12 12 1264 4
16 16 857 2
6 6 1176 8
3 16 1080 3
3 3 1080 8
6 14 836 8
6 6 836 4
4 19 1287 14
4 4 1287 9
12 7 493 5
12 12 493 4
19 8 996 5
19 19 996 1
15 15 574 4
16 16 244 7
18 18 525 9
4 18 183 6
4 4 183 3
3 3 1097 21
4 16 1113 14
4 4 1113 3
8 8 178 1
1 18 669 10
1 1 669 4
2 2 1021 18
8 16 951 5
8 8 951 13
13 13 581 22
17 3 831 8
17 17 831 3
14 14 283 6
14 14 844 1
2 1 1165 4
2 2 1165 2
0 1 624 6
0 0 624 1
4 4 920 3
3 3 912 1
12 12 808 9
10 2 419 1
10 10 419 4
9 9 1100 19
19 8 835 11
19 19 835 3
19 13 1052 11
19 19 1052 2
0 0 186 4
4 2 722 14
4 4 722 1
10 15 761 12
10 10 761 2
13 13 1205 2
15 15 1096 3
12 12 1406 7
0 0 484 2
12 0 314 11
12 12 314 29
16 3 1244 14
16 16 1244 1
19 6 691 1
19 19 691 8
5 5 643 17
10 10 584 2
10 13 133 5
10 10 133 2
11 11 382 3
15 15 619 11
0 8 984 3
0 0 984 14
14 16 993 4
14 14 993 15
4 4 1008 1
6 17 532 4
6 6 532 2
10 13 910 14
10 10 910 2
9 9 926 41
11 11 878 2
13 13 9 2
17 16 206 2
17 17 206 4
19 19 1387 2
2 10 314 1
2 2 314 4
19 12 648 14
19 19 648 9
13 13 533 5
3 3 450 24
8 3 160 7
8 8 160 14
19 4 634 3
19 19 634 4
9 9 340 7
0 0 205 4
14 14 88 1
19 11 322 6
19 19 322 10
19 17 761 13
19 19 761 12
4 9 22 10
4 4 22 1
12 12 682 3
13 10 661 10
13 13 661 8
13 13 800 29
18 18 812 6
12 12 1397 5
14 14 1179 20
19 17 1170 4
19 19 1170 1
8 1 1406 5
8 8 1406 2
4 4 165 2
6 6 636 12
6 15 193 13
6 6 193 2
5 16 839 13
5 5 839 4
10 12 140 6
10 10 140 2
11 11 790 3
12 1 37 2
12 12 37 8
15 15 1222 4
5 5 303 6
17 17 54 13
18 18 188 1
18 18 777 11
14 14 1412 18
16 16 280 2
3 3 442 1
8 8 1040 4
15 17 1075 3
15 15 1075 2
14 14 302 30
17 17 809 11
17 1 380 7
17 17 380 3
6 6 127 3
19 19 218 1
2 2 894 3
4 4 561 1
8 11 1279 1
8 8 1279 7
7 7 263 4
6 7 483 10
6 6 483 1
9 9 1150 11
15 15 339 9
0 0 765 2
4 4 1023 2
16 16 586 1
4 14 29 8
4 4 29 1
6 9 740 2
6 6 740 1
9 9 865 1
2 2 736 2
16 18 1321 6
16 16 1321 17
13 9 857 9
13 13 857 3
17 12 587 2
17 17 587 1
15 15 448 26
2 12 1396 10
2 2 1396 4
16 3 914 7
16 16 914 1
18 18 1327 1
6 6 631 1
6 10 184 13
6 6 184 3
4 1 1411 12
4 4 1411 5
12 12 1137 9
13 10 543 13
13 13 543 9
12 12 617 2
1 1 1411 8
4 18 998 13
4 4 998 2
4 4 307 7
5 5 518 1
13 13 506 3
10 11 461 14
10 10 461 1
14 6 504 12
14 14 504 11
12 12 1029 3
15 5 299 4
15 15 299 40
13 13 1372 11
1 11 134 9
1 1 134 9
2 3 889 4
2 2 889 1
5 1 1275 11
5 5 1275 1
7 7 442 5
4 14 450 4
4 4 450 2
5 5 476 3
5 5 919 3
10 19 348 4
10 10 348 14
9 9 1127 7
10 4 1151 9
10 10 1151 1
16 7 1126 8
16 16 1126 1
17 11 1128 2
17 17 1128 3
17 17 947 14
0 0 143 3
18 18 1263 21
4 19 719 4
4 4 719 3
4 18 4 4
4 4 4 4
19 3 418 4
19 19 418 13
10 19 658 6
10 10 658 9
11 11 1248 7
9 9 226 2
6 6 357 1
17 10 588 14
17 17 588 8
14 14 526 6
2 3 485 11
2 2 485 1
0 1 1192 1
0 0 1192 10
17 11 236 10
17 17 236 3
8 17 964 10
8 8 964 8
8 17 281 5
8 8 281 23
8 8 174 2
9 9 32 2
11 11 1393 29
6 10 653 14
6 6 653 2
19 1 1133 10
19 19 1133 2
15 2 1236 9
15 15 1236 7
12 12 25 7
18 18 891 10
19 19 558 5
19 9 997 2
19 19 997 5
4 9 314 7
4 4 314 1
11 11 1083 14
12 12 170 14
15 15 1422 7
16 16 344 9
17 17 177 5
2 10 1169 4
2 2 1169 1
0 0 1409 6
6 0 1266 8
6 6 1266 3
6 6 477 6
9 9 335 5
15 15 953 20
16 6 956 11
16 16 956 1
1 1 914 10
2 2 182 17
1 1 1190 1
15 15 1338 9
8 8 1319 18
8 8 892 3
3 3 997 7
16 16 1260 2
15 0 1196 6
15 15 1196 12
14 9 476 14
14 14 476 16
17 6 392 7
17 17 392 2
19 4 1193 5
19 19 1193 1
1 1 502 22
19 19 19 5
1 8 1239 9
1 1 1239 5
3 3 256 26
6 6 609 3
6 6 170 6
7 7 312 10
19 14 903 4
19 19 903 10
13 4 1051 8
13 13 1051 7
12 18 210 11
12 12 210 4
17 15 1155 8
17 17 1155 11
17 16 726 1
17 17 726 2
0 13 127 13
0 0 127 4
1 17 359 10
1 1 359 17
16 7 892 14
16 16 892 6
19 19 1002 13
5 5 1303 20
10 13 511 13
10 10 511 6
8 18 1193 2
8 8 1193 7
13 19 610 3
13 13 610 13
2 11 1128 10
2 2 1128 3
1 1 144 1
2 6 286 13
2 2 286 10
6 7 1269 4
6 6 1269 41
6 10 899 13
6 6 899 1
10 1 821 5
10 10 821 1
13 13 1011 21
15 15 1028 1
16 16 494 2
14 14 617 10
16 13 1420 5
16 16 1420 6
6 3 1171 8
6 6 1171 3
8 5 846 4
8 8 846 7
16 10 1310 6
16 16 1310 1
13 13 836 1
12 3 972 4
12 12 972 4
13 13 695 11
16 16 962 1
1 1 463 3
19 19 24 1
0 8 1190 1
0 0 1190 2
2 13 621 4
2 2 621 3
4 4 1059 6
10 8 986 5
10 10 986 14
9 9 82 36
11 11 249 6
13 18 213 6
13 13 213 1
14 14 907 12
1 1 376 1
3 16 877 1
3 3 877 8
6 17 1003 10
6 6 1003 7
8 0 406 3
8 8 406 1
17 18 789 7
17 17 789 3
14 14 826 6
2 3 1123 12
2 2 1123 5
6 3 1260 7
6 6 1260 6
8 0 720 3
8 8 720 1
18 13 516 3
18 18 516 1
10 13 1128 8
10 10 1128 7
12 12 303 11
17 18 1386 12
17 17 1386 4
16 1 485 6
16 16 485 9
19 9 1094 6
19 19 1094 6
2 16 1042 8
2 2 1042 1
0 0 729 10
0 19 1038 13
0 0 1038 2
4 16 241 10
4 4 241 7
5 0 344 10
5 5 344 20
19 19 1179 2
7 7 100 1
12 7 971 9
12 12 971 1
1 11 797 3
1 1 797 7
6 16 164 1
6 6 164 2
9 17 384 7
9 9 384 7
6 6 1370 9
10 2 593 12
10 10 593 2
10 4 1329 9
10 10 1329 10
13 13 515 1
17 18 704 2
17 17 704 2
2 8 1227 5
2 2 1227 6
2 15 353 13
2 2 353 4
1 1 1106 9
19 5 1289 14
19 19 1289 6
3 5 850 4
3 3 850 2
7 7 447 11
10 0 481 5
10 10 481 3
11 11 952 9
10 6 1152 7
10 10 1152 5
12 11 343 7
12 12 343 14
7 7 841 1
17 17 782 2
17 17 337 2
8 8 274 7
7 7 976 4
19 15 255 8
19 19 255 14
16 0 934 3
16 16 934 6
13 7 143 14
13 13 143 12
8 6 1357 13
8 8 1357 7
0 0 1206 10
16 1 929 9
16 16 929 5
1 1 997 1
19 5 803 12
19 19 803 1
4 9 248 8
4 4 248 5
6 15 780 3
6 6 780 13
6 6 337 6
11 11 102 5
16 19 1292 3
16 16 1292 7
13 17 257 3
13 13 257 3
15 15 630 8
14 14 1122 4
1 15 790 10
1 1 790 6
1 8 1082 11
1 1 1082 24
4 4 818 11
8 18 992 6
8 8 992 8
6 6 159 5
10 15 972 1
10 10 972 2
11 11 800 35
12 4 1105 5
12 12 1105 2
0 2 68 2
0 0 68 22
3 3 921 22
2 14 376 13
2 2 376 1
6 15 1424 5
6 6 1424 3
6 16 997 2
6 6 997 5
6 7 46 13
6 6 46 2
10 4 488 14
10 10 488 1
11 11 945 5
16 16 324 14
17 11 330 8
17 17 330 2
2 9 852 13
2 2 852 1
3 18 94 6
3 3 94 5
17 0 912 4
17 17 912 2
0 17 317 2
0 0 317 1
18 18 1226 11
2 8 711 12
2 2 711 1
6 6 775 5
9 9 1346 6
16 1 1224 10
16 16 1224 11
17 12 1060 4
17 17 1060 4
17 0 545 5
17 17 545 3
17 7 116 12
17 17 116 1
1 0 466 2
1 1 466 4
19 11 482 13
19 19 482 9
2 2 630 11
6 6 150 2
11 11 84 18
3 3 1029 1
16 4 1426 10
16 16 1426 1
17 0 1316 6
17 17 1316 2
14 14 246 20
2 2 1245 6
4 13 627 3
4 4 627 4
8 12 630 4
8 8 630 8
10 10 403 1
10 13 44 13
10 10 44 6
11 11 950 2
2 17 724 7
2 2 724 3
13 5 902 9
13 13 902 15
14 14 783 5
2 18 226 14
2 2 226 5
4 14 514 8
4 4 514 1
3 3 538 21
8 8 1200 1
18 18 824 2
19 15 627 3
19 19 627 5
11 11 624 35
16 10 353 13
16 16 353 14
10 0 1029 13
10 10 1029 2
14 14 1386 2
2 2 734 2
5 6 248 3
5 5 248 1
10 2 1371 9
10 10 1371 7
1 1 557 6
14 14 1012 16
1 4 864 11
1 1 864 21
0 4 1154 6
0 0 1154 22
4 4 800 18
8 17 1006 5
8 8 1006 1
10 11 523 9
10 10 523 2
9 9 513 3
15 15 1347 7
12 12 1095 1
13 13 1306 18
6 6 201 19
2 2 330 18
8 8 1064 2
3 8 903 12
3 3 903 4
11 10 943 6
11 11 943 2
10 10 1213 5
15 14 282 1
15 15 282 15
17 16 143 3
17 17 143 2
17 7 91 13
17 17 91 17
4 1 403 7
4 4 403 2
5 5 299 4
6 11 427 10
6 6 427 3
7 7 59 10
13 7 1352 14
13 13 1352 2
17 3 1087 6
17 17 1087 1
13 10 750 7
13 13 750 3
0 0 267 2
0 7 1258 7
0 0 1258 12
19 6 822 7
19 19 822 4
4 4 82 1
9 9 230 26
19 7 1031 10
19 19 1031 7
17 1 399 8
17 17 399 9
2 12 1340 13
2 2 1340 3
0 16 1364 14
0 0 1364 5
0 0 1177 2
19 11 935 3
19 19 935 6
8 8 308 4
7 7 1041 11
4 4 1038 5
10 12 1017 12
10 10 1017 2
10 10 1237 4
16 10 496 14
16 16 496 3
12 16 561 10
12 12 561 3
16 16 282 8
12 5 1419 1
12 12 1419 5
19 11 1344 4
19 19 1344 10
2 2 325 3
5 19 1405 11
5 5 1405 2
8 1 612 3
8 8 612 4
11 11 1098 17
7 7 1152 8
2 2 544 3
8 11 741 7
8 8 741 14
19 14 718 14
19 19 718 5
16 9 594 6
16 16 594 7
4 4 77 5
8 10 755 3
8 8 755 10
7 7 48 11
2 2 1265 3
7 7 1354 9
17 6 462 5
17 17 462 1
1 12 127 11
1 1 127 2
9 9 674 6
10 9 1357 1
10 10 1357 8
16 16 1384 3
15 1 1183 12
15 15 1183 1
12 12 1331 12
16 3 226 2
16 16 226 1
2 2 1335 5
0 12 998 13
0 0 998 12
18 18 1094 12
6 15 566 8
6 6 566 6
7 7 267 2
11 11 844 7
16 16 1415 5
17 6 617 10
17 17 617 9
16 8 230 12
16 16 230 1
0 12 32 13
0 0 32 5
17 11 961 11
17 17 961 3
2 6 348 10
2 2 348 4
3 10 1290 11
3 3 1290 2
8 7 416 12
8 8 416 1
9 4 310 5
9 9 310 8
7 7 1273 3
10 2 1199 11
10 10 1199 2
17 1 995 12
17 17 995 8
17 1 991 6
17 17 991 3
0 9 223 7
0 0 223 10
19 14 288 14
19 19 288 9
1 1 1405 6
4 12 52 8
4 4 52 20
19 0 410 4
19 19 410 8
10 2 706 6
10 10 706 1
11 11 42 9
11 11 497 4
17 16 1065 2
17 17 1065 4
13 5 1059 2
13 13 1059 4
1 15 397 1
1 1 397 6
9 9 1344 2
13 13 37 2
8 8 158 1
10 10 238 2
3 3 1118 17
16 5 1391 1
16 16 1391 1
17 18 1399 4
17 17 1399 1
16 12 78 12
16 16 78 5
18 18 350 5
19 19 75 2
2 17 17 7
2 2 17 1
8 10 1102 14
8 8 1102 2
11 11 837 7
17 17 670 1
17 1 225 3
17 17 225 5
19 9 456 11
19 19 456 3
7 7 422 6
3 12 489 1
3 3 489 7
9 9 319 2
12 12 361 4
13 8 117 12
13 13 117 2
13 13 1227 16
18 18 439 11
0 0 1088 18
5 5 1061 10
4 14 1298 4
4 4 1298 35
9 8 136 1
9 9 136 1
10 17 262 7
10 10 262 6
19 19 923 8
14 14 492 12
17 0 440 6
17 17 440 1
19 13 406 6
19 19 406 4
3 3 647 14
5 2 220 11
5 5 220 19
8 13 368 6
8 8 368 3
8 0 133 13
8 8 133 2
18 18 341 9
10 7 233 6
10 10 233 5
19 12 723 9
19 19 723 4
13 13 140 2
17 12 73 14
17 17 73 9
19 19 80 7
19 19 954 7
19 19 1058 24
17 13 138 4
17 17 138 1
1 3 765 12
1 1 765 3
2 19 302 7
2 2 302 12
6 9 417 14
6 6 417 9
3 5 1400 1
3 3 1400 4
9 3 1019 10
9 9 1019 25
12 19 685 14
12 12 685 4
16 13 867 3
16 16 867 8
0 6 530 2
0 0 530 2
6 10 407 11
6 6 407 1
17 8 877 5
17 17 877 1
11 11 495 2
12 12 1353 5
14 14 552 4
7 7 655 12
0 0 641 16
0 3 1270 6
0 0 1270 4
5 5 197 20
8 8 375 2
6 1 448 6
6 6 448 2
16 10 976 10
16 16 976 9
10 13 1382 7
10 10 1382 13
12 19 582 7
12 12 582 6
19 0 280 9
19 19 280 8
14 14 602 12
2 2 995 3
2 4 556 6
2 2 556 16
8 16 1148 12
8 8 1148 2
19 8 1132 8
19 19 1132 1
6 7 705 9
6 6 705 10
4 4 637 1
14 14 273 10
17 17 651 17
3 10 0 12
3 3 0 2
17 12 222 10
17 17 222 3
6 8 938 3
6 6 938 6
8 15 85 12
8 8 85 3
19 2 832 14
19 19 832 1
16 1 1147 9
16 16 1147 7
13 13 1277 4
1 1 615 15
1 2 42 3
1 1 42 4
13 13 1090 2
2 8 773 6
2 2 773 6
9 4 1247 4
9 9 1247 19
6 6 752 2
10 9 836 11
10 10 836 7
16 7 36 12
16 16 36 9
18 18 312 8
18 18 901 20
0 0 664 1
19 0 859 5
19 19 859 1
13 13 1365 3
8 0 382 5
8 8 382 2
6 16 281 11
6 6 281 12
10 8 590 13
10 10 590 3
7 7 624 28
9 2 1169 9
9 9 1169 11
13 13 755 8
6 3 1077 12
6 6 1077 5
18 6 331 12
18 18 331 10
18 18 788 8
19 19 94 8
19 11 533 6
19 19 533 1
19 8 170 9
19 19 170 3
1 1 796 1
5 5 333 11
10 10 1264 12
15 15 864 17
14 14 845 38
1 2 719 2
1 1 719 15
0 13 625 4
0 0 625 12
8 8 1368 4
5 16 955 7
5 5 955 13
12 1 993 14
12 12 993 13
7 7 1245 11
13 13 96 15
2 17 211 10
2 2 211 3
4 0 723 1
4 4 723 7
6 13 747 6
6 6 747 5
5 19 369 1
5 5 369 9
11 11 1330 18
11 11 1276 4
6 10 133 9
6 6 133 1
15 15 1099 4
17 17 600 10
13 12 1095 12
13 13 1095 3
1 1 489 2
0 9 1220 3
0 0 1220 16
8 18 976 1
8 8 976 11
9 9 711 4
19 19 1111 1
13 18 183 5
13 13 183 5
12 5 897 8
12 12 897 31
16 18 170 8
16 16 170 4
2 5 392 10
2 2 392 5
2 13 574 7
2 2 574 3
4 6 1009 1
4 4 1009 7
5 5 88 30
5 7 531 6
5 5 531 5
9 16 458 4
9 9 458 8
12 18 715 10
12 12 715 17
16 19 825 1
16 16 825 2
14 14 614 3
17 12 457 3
17 17 457 5
5 5 1160 16
5 13 1347 7
5 5 1347 3
0 0 1326 1
6 5 1210 14
6 6 1210 4
9 2 347 10
9 9 347 3
11 11 389 2
13 11 974 7
13 13 974 37
17 8 1149 1
17 17 1149 3
14 14 89 19
16 14 840 5
16 16 840 5
18 18 100 22
18 18 561 10
4 5 730 8
4 4 730 29
4 1 23 2
4 4 23 5
8 8 840 4
5 5 378 24
8 11 1135 4
8 8 1135 1
2 2 739 7
12 13 87 7
12 12 87 2
16 16 18 8
16 16 999 3
8 5 505 13
8 8 505 10
19 19 434 4
2 2 646 10
6 7 1064 9
6 6 1064 1
3 3 1206 8
8 1 364 13
8 8 364 4
11 11 220 6
13 17 741 9
13 13 741 9
17 0 1183 6
17 17 1183 5
7 7 431 3
17 17 53 1
18 18 189 11
19 19 108 2
19 14 547 9
19 19 547 7
4 10 1016 1
4 4 1016 3
4 14 1247 4
4 4 1247 4
9 9 601 27
11 11 870 8
13 13 630 3
14 14 1055 20
16 4 816 2
16 16 816 5
17 7 198 3
17 17 198 3
17 17 437 3
4 4 562 4
4 0 452 7
4 4 452 1
7 7 498 33
11 11 544 14
16 15 1120 9
16 16 1120 1
8 14 342 11
8 8 342 8
2 11 1039 14
2 2 1039 3
1 1 1195 7
5 5 1026 7
4 13 30 6
4 4 30 22
6 6 741 6
2 16 1182 4
2 2 1182 6
2 2 140 1
16 19 6 11
16 16 6 3
16 4 9 13
16 16 9 7
13 13 1145 5
1 1 816 10
2 2 491 1
6 19 9 10
6 6 9 29
2 6 641 10
2 2 641 5
6 6 1321 1
4 4 173 4
8 3 990 14
8 8 990 1
6 6 258 7
6 11 652 7
6 6 652 1
12 0 221 12
12 12 221 10
17 13 1357 8
17 17 1357 20
17 19 1168 11
17 17 1168 2
17 17 731 5
1 3 673 12
1 1 673 19
0 0 1402 7
16 3 1217 7
16 16 1217 1
3 3 889 4
8 8 941 1
17 17 1237 11
10 2 7 5
10 10 7 5
14 14 1042 13
16 7 1035 1
16 16 1035 12
12 8 1343 6
12 12 1343 5
0 0 1419 2
19 16 665 6
19 19 665 4
4 1 118 5
4 4 118 5
3 3 902 1
4 15 1365 6
4 4 1365 9
10 4 1378 8
10 10 1378 4
16 16 1127 7
12 3 1173 10
12 12 1173 18
0 7 347 3
0 0 347 7
1 1 579 13
0 0 757 7
13 19 129 10
13 13 129 9
8 8 886 4
5 15 364 11
5 5 364 4
8 15 192 14
8 8 192 7
7 6 967 11
7 7 967 9
7 7 1426 12
13 13 1138 7
19 16 13 13
19 19 13 4
19 3 448 2
19 19 448 8
19 9 887 14
19 19 887 2
3 3 282 3
3 1 721 13
3 3 721 32
5 5 34 7
6 6 176 2
3 3 1404 9
15 15 121 13
14 18 663 6
14 14 663 19
2 7 405 5
2 2 405 11
19 11 93 9
19 19 93 1
19 2 657 12
19 19 657 3
3 3 502 4
4 4 315 4
3 9 1333 13
3 3 1333 2
8 2 489 6
8 8 489 7
7 12 798 10
7 7 798 19
16 3 501 9
16 16 501 1
16 2 814 2
16 16 814 2
17 2 176 6
17 17 176 1
18 8 554 6
18 18 554 2
19 19 235 15
3 6 568 4
3 3 568 30
6 18 1348 4
6 6 1348 5
6 14 905 14
6 6 905 2
17 5 1099 5
17 17 1099 4
10 18 1127 14
10 10 1127 1
16 16 1118 2
13 8 388 6
13 13 388 5
18 18 882 9
16 3 957 1
16 16 957 3
19 19 1083 2
17 2 531 12
17 17 531 5
5 5 557 16
0 19 1073 10
0 0 1073 3
1 1 1189 1
6 5 1154 6
6 6 1154 5
8 0 199 10
8 8 199 23
10 7 466 3
10 10 466 5
0 0 1285 15
13 14 277 12
13 13 277 6
14 13 534 6
14 14 534 18
1 1 981 16
2 12 659 1
2 2 659 7
6 8 1053 11
6 6 1053 4
8 16 972 3
8 8 972 4
15 15 1136 5
7 7 134 14
9 6 175 1
9 9 175 6
10 0 1292 10
10 10 1292 9
12 9 536 7
12 12 536 2
14 14 332 6
17 17 24 6
5 5 1204 12
8 8 603 2
6 7 58 11
6 6 58 19
17 8 825 2
17 17 825 6
10 18 1183 6
10 10 1183 1
11 11 1072 11
14 4 767 3
14 14 767 9
19 5 1414 10
19 19 1414 2
18 18 642 2
6 12 1258 6
6 6 1258 2
3 19 1012 14
3 3 1012 17
10 18 818 9
10 10 818 1
7 7 932 9
17 4 596 12
17 17 596 2
17 17 940 7
19 19 860 13
3 3 204 5
5 5 595 12
4 4 702 2
8 11 868 12
8 8 868 2
8 7 697 5
8 8 697 23
10 7 645 7
10 10 645 4
1 0 1323 7
1 1 1323 38
12 10 1358 10
12 12 1358 18
11 11 107 9
16 17 1311 13
16 16 1311 6
12 12 384 16
16 0 963 10
16 16 963 4
2 18 1374 5
2 2 1374 6
2 16 500 11
2 2 500 13
6 1 1044 2
6 6 1044 2
6 16 601 5
6 6 601 2
9 10 1215 9
9 9 1215 8
10 10 716 3
16 16 108 2
15 15 656 10
15 15 79 17
1 4 692 10
1 1 692 27
2 2 976 7
4 16 297 11
4 4 297 10
8 8 407 7
9 6 495 5
9 9 495 18
10 16 487 7
10 10 487 1
11 11 1130 8
13 0 1350 13
13 13 1350 2
19 9 1423 11
19 19 1423 2
1 10 232 6
1 1 232 30
1 1 1286 11
4 4 123 6
5 5 310 7
6 6 460 1
9 9 819 3
17 17 1106 17
12 9 1154 7
12 12 1154 8
2 3 1043 8
2 2 1043 1
1 1 25 14
2 0 754 10
2 2 754 2
18 18 1195 25
5 5 140 5
5 5 327 6
10 6 652 3
10 10 652 4
14 5 1228 11
14 14 1228 1
0 15 479 9
0 0 479 5
19 1 32 14
19 19 32 4
18 18 1128 13
4 6 129 1
4 4 129 1
3 3 1179 1
8 6 271 6
8 8 271 3
2 0 1004 14
2 2 1004 12
10 4 543 14
10 10 543 1
10 18 168 11
10 10 168 6
16 1 319 10
16 16 319 1
1 1 46 4
19 19 1019 5
4 15 987 2
4 4 987 4
9 9 1193 16
8 9 414 4
8 8 414 2
10 5 494 9
10 10 494 11
9 9 1073 27
12 14 1162 5
12 12 1162 10
13 13 94 2
17 14 781 9
17 17 781 1
14 15 713 5
14 14 713 6
13 13 1407 9
19 5 254 5
19 19 254 1
3 3 559 2
19 5 445 14
19 19 445 1
6 3 882 7
6 6 882 4
4 10 1353 14
4 4 1353 2
11 11 479 16
13 13 431 4
14 14 289 13
19 15 1102 13
19 19 1102 6
1 19 431 7
1 1 431 23
2 3 717 3
2 2 717 4
4 2 684 6
4 4 684 8
6 6 696 9
5 5 795 11
10 18 1218 7
10 10 1218 1
1 17 329 8
1 1 329 14
18 18 1430 5
19 8 150 8
19 19 150 7
6 19 1030 9
6 6 1030 7
9 12 534 8
9 9 534 3
14 14 209 18
11 11 246 3
12 12 248 28
15 15 811 9
16 16 251 2
16 16 208 2
0 17 906 2
0 0 906 2
2 11 377 3
2 2 377 3
19 19 589 4
17 16 230 5
17 17 230 5
8 10 1083 10
8 8 1083 2
6 6 986 2
8 11 389 2
8 8 389 2
13 13 500 6
10 1 489 13
10 10 489 2
16 16 1067 7
12 12 660 2
17 17 774 7
0 14 1134 13
0 0 1134 3
2 16 853 4
2 2 853 3
3 17 65 6
3 3 65 1
3 3 532 6
7 7 915 13
16 14 554 14
16 16 554 14
16 15 1210 6
16 16 1210 4
13 13 1086 4
0 16 318 6
0 0 318 7
1 1 107 1
19 18 811 12
19 19 811 3
6 4 772 7
6 6 772 3
10 11 702 12
10 10 702 4
15 15 1155 8
15 15 638 11
2 13 1323 11
2 2 1323 1
2 6 449 11
2 2 449 4
6 10 578 6
6 6 578 5
17 11 217 3
17 17 217 3
10 13 90 6
10 10 90 4
11 11 239 5
16 6 1427 6
17 17 878 2
4 4 575 7
14 12 925 12
14 14 925 17
19 15 1333 5
19 19 1333 1
18 18 855 7
19 16 269 11
19 19 269 10
3 3 561 7
5 5 1290 7
6 18 38 8
6 6 38 2
7 7 428 3
7 7 891 5
11 11 380 2
11 11 244 2
8 13 570 7
8 8 570 9
0 17 203 7
0 0 203 2
2 5 812 14
2 2 812 4
4 10 515 10
4 4 515 7
2 17 232 10
2 2 232 4
8 5 1201 3
8 8 1201 1
8 16 27 7
8 8 27 13
19 13 1237 7
19 19 1237 4
17 6 904 3
17 17 904 4
14 14 1170 5
1 16 108 3
1 1 108 2
10 8 187 1
10 10 187 2
1 16 1178 6
1 1 1178 3
8 17 768 14
8 8 768 1
8 5 234 5
8 8 234 1
7 7 537 3
10 10 1368 3
14 14 1306 20
17 17 108 3
0 0 1374 2
8 8 1007 13
10 19 69 6
10 10 69 1
16 16 511 5
16 16 292 5
17 15 682 1
17 17 682 10
13 13 1305 1
1 13 347 9
1 1 347 9
19 11 164 4
19 19 164 2
8 8 638 3
8 19 435 11
8 8 435 5
17 0 339 5
17 17 339 4
9 9 1060 3
10 10 1210 3
16 17 435 2
16 16 435 2
5 5 259 4
2 2 250 1
4 5 522 3
4 4 522 4
3 3 985 12
10 10 721 4
10 5 362 2
10 10 362 4
13 4 783 6
13 13 783 13
17 13 1086 6
17 17 1086 1
17 0 897 11
17 17 897 6
13 11 1072 11
13 13 1072 3
1 1 975 6
18 18 624 18
2 2 109 4
3 3 220 6
6 16 246 7
6 6 246 2
9 9 696 13
13 0 725 4
13 13 725 5
16 2 1223 10
16 16 1223 1
19 19 1118 10
17 13 423 8
17 17 423 1
6 6 572 2
7 7 269 43
9 9 118 9
7 9 1138 12
7 7 1138 14
11 11 981 7
19 6 173 5
19 19 173 2
10 9 679 13
10 10 679 8
3 0 506 6
3 3 506 4
8 8 1232 8
9 10 268 7
9 9 268 9
9 1 967 14
9 9 967 19
12 7 641 14
12 12 641 4
18 18 1189 6
13 8 851 2
13 13 851 6
3 4 523 9
3 3 523 9
10 10 277 2
11 14 609 5
11 11 609 15
13 13 467 4
18 18 1076 18
2 2 721 3
5 12 1091 4
5 5 1091 7
4 19 221 3
4 4 221 2
3 14 1135 7
3 3 1135 13
6 6 233 2
10 10 228 5
15 15 1315 15
16 4 72 10
16 16 72 1
5 5 660 25
15 2 253 4
15 15 253 1
3 3 1276 14
6 12 120 9
6 6 120 7
9 9 127 1
15 15 783 17
16 5 231 12
16 16 231 4
17 17 239 3
5 19 1381 6
5 5 1381 11
8 8 417 14
11 11 521 11
11 11 988 32
10 10 1196 2
12 9 371 1
12 12 371 13
17 3 994 3
17 17 994 1
17 13 309 3
17 17 309 10
19 19 1026 5
16 8 880 2
16 16 880 4
2 11 204 11
2 2 204 5
2 18 825 1
2 2 825 3
16 12 943 1
16 16 943 2
6 3 849 3
6 6 849 17
10 19 707 8
10 10 707 4
8 12 129 13
8 8 129 4
17 5 332 1
17 17 332 5
13 19 460 4
13 13 460 3
16 3 184 8
16 16 184 3
13 1 1058 7
13 13 1058 1
18 18 921 2
0 0 692 11
4 3 655 6
4 4 655 26
5 5 685 29
6 7 309 13
6 6 309 15
13 13 412 2
8 7 1000 7
8 8 1000 1
17 3 1398 6
17 17 1398 1
6 6 343 3
16 11 532 11
16 16 532 13
0 0 393 2
18 18 808 2
2 14 421 8
2 2 421 3
19 3 513 10
19 19 513 9
6 15 558 9
6 6 558 1
6 5 115 14
6 6 115 4
10 15 1000 8
10 10 1000 2
10 10 126 3
12 12 1133 2
17 17 669 1
16 9 675 5
16 16 675 5
9 9 543 12
0 0 621 3
18 0 1284 1
18 18 1284 2
2 6 897 3
2 2 897 1
4 4 506 5
9 14 318 14
9 9 318 1
9 9 1412 7
7 7 1265 8
11 11 408 12
17 5 934 14
17 17 934 3
17 4 987 7
17 17 987 3
11 11 853 4
0 0 354 1
1 1 532 25
2 17 199 4
2 2 199 5
2 2 816 4
3 18 633 9
3 3 633 14
6 1 840 1
6 6 840 2
8 15 55 10
8 8 55 9
7 11 33 4
7 7 33 1
11 11 671 42
10 8 1062 4
10 10 1062 2
17 10 1057 12
17 17 1057 3
13 18 1115 5
13 13 1115 6
18 18 1062 14
6 5 389 14
6 6 389 7
4 3 195 9
4 4 195 4
11 11 748 42
17 10 1202 11
17 17 1202 6
1 1 322 7
1 1 310 12
2 3 594 11
2 2 594 1
8 5 907 12
8 8 907 1
4 17 1252 9
4 4 1252 1
10 10 556 26
10 5 1231 2
10 10 1231 6
12 12 146 20
14 7 832 9
14 14 832 2
6 11 1391 2
6 6 1391 2
6 12 944 4
6 6 944 17
8 8 431 4
18 18 1022 10
10 10 1118 9
16 15 1029 3
16 16 1029 2
17 8 1417 5
17 17 1417 5
16 13 415 14
16 16 415 5
18 18 431 8
2 16 222 7
2 2 222 4
2 0 779 12
2 2 779 29
17 13 522 9
17 17 522 5
10 10 757 1
7 7 997 10
17 1 1050 3
17 17 1050 4
5 5 1178 4
17 17 432 5
2 4 1390 7
2 2 1390 2
2 2 113 6
2 2 698 2
5 5 196 1
4 13 1116 5
4 4 1116 6
17 0 672 12
17 17 672 6
10 6 145 7
10 10 145 7
11 11 168 31
17 9 1195 14
17 17 1195 1
16 16 189 7
6 5 507 12
6 6 507 1
3 8 796 5
3 3 796 21
6 2 536 1
6 6 536 2
4 4 1251 1
19 17 1207 13
19 19 1207 2
7 7 828 13
9 9 1272 36
7 7 854 15
12 8 1123 4
12 12 1123 7
17 17 210 2
19 19 1375 12
18 18 1398 5
4 4 582 2
4 10 915 14
4 4 915 5
6 14 508 7
6 6 508 1
16 9 73 9
16 16 73 5
16 11 859 4
16 16 859 3
9 9 715 27
2 9 1059 8
2 2 1059 7
19 13 749 6
19 19 749 12
5 5 1046 3
6 17 1196 4
6 6 1196 5
0 19 1109 6
0 0 1109 4
16 9 464 2
16 16 464 2
11 11 1222 26
10 10 1064 1
17 17 614 3
5 5 1216 2
7 7 122 6
1 1 407 2
0 17 665 6
0 0 665 4
19 19 858 1
8 8 1404 1
4 4 177 6
8 15 810 12
8 8 810 12
10 4 152 7
10 10 152 11
14 14 1167 3
19 3 942 1
19 19 942 11
13 4 328 11
13 13 328 6
16 0 174 12
16 16 174 2
17 17 921 13
2 13 1304 2
2 2 1304 3
4 11 779 14
4 4 779 2
19 11 307 3
19 19 307 2
8 8 462 1
12 1 128 1
12 12 128 1
17 17 203 3
18 18 219 2
18 18 1225 1
10 0 788 1
10 10 788 2
7 7 842 12
16 16 1139 5
17 17 974 11
19 6 1054 10
19 19 1054 2
5 6 1342 4
5 5 1342 2
5 5 368 1
9 9 162 10
1 7 1191 6
1 1 1191 1
14 14 1255 27
12 14 486 6
12 12 486 1
14 14 454 19
0 0 486 4
6 6 730 10
1 1 1225 6
3 3 765 12
9 9 999 12
7 7 157 6
10 10 131 2
8 10 736 10
8 8 736 2
16 7 653 14
16 16 653 8
19 2 102 11
19 19 102 6
4 9 335 5
4 4 335 4
9 9 457 1
13 13 633 28
13 15 1106 9
13 13 1106 2
2 15 869 12
2 2 869 6
5 4 1346 3
5 5 1346 1
8 2 1274 9
8 8 1274 1
4 17 1376 4
4 4 1376 8
18 18 178 1
12 6 1248 7
12 12 1248 16
1 6 1361 5
1 1 1361 15
4 14 16 3
4 4 16 6
8 8 1240 4
10 10 315 7
16 7 1273 14
16 16 1273 18
6 6 967 4
0 10 509 8
0 0 509 3
17 13 695 13
17 17 695 8
4 8 167 11
4 4 167 6
3 3 753 12
1 1 780 2
7 7 154 3
6 6 655 6
5 5 607 8
15 15 1216 6
16 0 631 10
16 16 631 3
15 15 271 11
2 8 384 8
2 2 384 3
8 8 935 6
4 7 1240 5
4 4 1240 5
9 9 901 9
10 8 29 11
10 10 29 1
11 11 921 17
13 13 629 1
16 16 516 4
12 4 1032 11
12 12 1032 11
16 18 646 9
16 16 646 3
13 13 578 3
0 1 576 3
0 0 576 3
18 18 1379 6
13 18 1416 14
13 13 1416 1
4 9 453 4
4 4 453 2
5 5 940 8
7 7 493 5
14 14 1388 15
7 7 1287 2
10 10 1138 9
16 8 1121 13
16 16 1121 4
16 16 507 3
0 0 325 1
0 0 767 2
2 13 162 4
2 2 162 5
2 2 751 3
6 6 1255 3
6 2 1169 1
6 6 1169 1
5 14 151 9
5 5 151 21
9 4 172 1
9 9 172 3
10 10 290 25
19 16 1181 5
19 19 1181 7
2 8 670 3
2 2 670 6
8 8 1337 4
3 17 1214 8
3 3 1214 10
4 4 1421 15
9 9 1163 6
10 12 1307 10
10 10 1307 9
12 12 619 6
12 12 944 4
15 10 115 10
15 15 115 6
19 19 116 3
19 9 990 7
19 19 990 2
8 8 942 9
1 18 209 5
1 1 209 19
9 3 910 6
9 9 910 2
9 9 577 23
9 9 1044 3
13 13 57 1
15 15 894 34
19 5 229 11
19 19 229 1
19 19 664 1
6 6 1346 2
6 17 919 2
6 6 919 1
7 7 1404 11
7 7 1227 18
12 12 841 47
19 15 1270 11
19 19 1270 8
17 17 260 9
13 18 557 4
13 13 557 9
1 10 1187 14
1 1 1187 2
6 6 363 24
10 0 656 1
10 10 656 1
11 11 124 3
17 17 1279 14
17 18 578 5
17 17 578 9
0 0 459 9
18 18 998 13
2 14 483 9
2 2 483 2
2 2 44 1
1 1 1244 13
3 3 285 18
3 3 720 1
7 7 1058 15
18 18 172 6
0 0 1300 2
2 6 520 14
2 2 520 1
3 9 701 10
3 3 701 2
5 5 525 6
7 7 793 3
7 7 740 20
10 10 1173 10
10 10 510 1
12 12 753 1
16 0 756 11
16 16 756 4
0 0 233 9
2 2 846 1
4 4 459 2
0 0 1274 9
6 6 467 10
7 7 483 10
9 9 1134 16
19 10 838 13
19 19 838 5
18 18 683 23
19 19 1082 1
0 0 717 2
19 0 347 8
19 19 347 1
12 15 564 4
12 12 564 11
5 5 1139 16
6 5 793 2
6 6 793 10
5 5 815 11
10 6 667 11
10 10 667 4
11 11 1307 8
12 3 893 7
12 12 893 4
16 11 1262 14
16 16 1262 3
13 12 1130 3
13 13 1130 6
18 18 276 17
11 11 539 4
2 6 39 9
2 2 39 5
2 17 656 14
2 2 656 3
4 17 839 2
4 4 839 7
2 15 89 8
2 2 89 20
10 3 977 8
10 10 977 9
4 4 704 15
18 3 59 7
18 18 59 6
8 10 515 10
8 8 515 8
15 15 65 7
19 19 1304 2
0 0 1415 4
6 1 1170 11
6 6 1170 1
19 17 65 4
19 19 65 2
16 2 320 5
16 16 320 4
13 0 313 13
13 13 313 2
19 19 1085 8
4 3 552 7
4 4 552 5
4 4 101 13
6 16 897 9
6 6 897 1
8 3 96 3
8 8 96 10
10 10 819 2
12 12 1172 1
10 1 1135 3
10 10 1135 3
1 1 1001 6
0 2 159 9
0 0 159 1
19 19 352 2
5 18 808 4
5 5 808 7
12 17 116 13
12 12 116 2
14 14 1343 43
17 17 391 1
19 12 77 12
19 19 77 3
4 4 846 4
5 10 19 11
5 5 19 12
5 5 750 20
10 17 174 3
10 10 174 4
12 12 1117 2
19 5 1313 10
19 19 1313 5
19 19 139 2
2 17 538 10
2 2 538 4
8 14 1038 4
8 8 1038 2
8 12 579 9
8 8 579 1
4 4 1212 5
10 8 939 3
10 10 939 1
9 6 148 11
9 9 148 14
9 9 628 35
11 11 328 10
3 18 1252 11
3 3 1252 6
13 13 36 1
2 4 1121 1
2 2 1121 2
5 5 573 4
1 1 1285 1
5 1 309 13
5 5 309 1
6 15 461 13
6 6 461 6
10 10 826 10
10 10 375 3
7 7 1387 17
19 15 977 8
19 19 977 13
12 2 297 3
12 12 297 6
17 18 1105 7
17 17 1105 1
16 16 940 2
0 0 289 13
1 11 24 1
1 1 24 1
12 12 460 3
16 4 1372 12
16 16 1372 6
8 8 673 3
8 8 246 3
2 2 1218 3
14 14 1229 5
12 9 440 7
12 12 440 2
8 11 11 4
8 8 11 3
14 14 428 1
16 16 571 2
12 12 232 11
1 13 454 4
1 1 454 3
0 0 1354 7
4 5 130 10
4 4 130 3
6 9 593 8
6 6 593 4
8 13 304 11
8 8 304 1
12 12 823 2
17 0 1320 6
17 17 1320 4
17 3 883 10
17 17 883 3
16 6 133 1
16 16 133 3
16 16 223 3
19 2 1318 5
19 19 1318 3
19 19 379 9
8 19 106 10
8 8 106 10
3 3 852 25
11 11 321 2
16 13 1077 13
16 16 1077 6
10 14 881 2
10 10 881 3
17 4 343 8
17 17 343 3
17 13 154 12
17 17 154 5
2 13 1144 1
2 2 1144 1
8 13 388 5
8 8 388 1
4 4 416 8
8 16 1100 2
8 8 1100 2
12 18 288 5
12 12 288 1
17 12 678 4
17 17 678 4
1 16 1019 12
1 1 1019 3
14 15 922 6
14 14 922 1
1 9 17 14
1 1 17 7
3 3 703 5
0 0 1216 2
8 5 253 3
8 8 253 1
3 3 958 10
10 0 1367 7
10 10 1367 1
13 15 681 2
13 13 681 4
16 16 1235 9
17 17 113 3
18 18 1120 8
3 3 1155 24
4 4 1043 7
19 15 660 6
19 19 660 4
12 12 1107 10
17 12 703 10
17 17 703 1
14 8 923 12
14 14 923 2
19 9 25 4
19 19 25 7
19 19 793 10
3 3 390 14
3 3 1296 22
19 8 460 13
19 19 460 4
7 7 1175 22
6 6 988 9
1 1 1065 17
17 18 773 4
17 17 773 1
9 6 745 7
9 9 745 21
2 7 1139 13
2 2 1139 5
4 4 1386 10
3 3 64 1
6 16 1244 4
6 6 1244 7
6 10 1046 1
6 6 1046 3
1 1 1297 2
13 18 796 14
13 13 796 4
14 14 15 4
16 6 922 14
16 16 922 7
19 8 1110 5
19 19 1110 1
5 5 737 1
19 9 810 12
19 19 810 1
3 3 209 11
3 5 676 9
3 3 676 8
11 11 714 3
11 11 145 2
19 2 727 7
19 19 727 1
13 13 312 1
12 12 1280 7
14 4 1011 14
14 14 1011 1
2 11 1320 3
2 2 1320 3
13 13 1150 14
2 16 628 6
2 2 628 2
8 8 1001 3
4 10 1050 14
4 4 1050 9
10 11 1013 7
10 10 1013 1
1 7 262 5
1 1 262 1
19 3 597 1
19 19 597 5
12 4 1287 9
12 12 1287 5
4 12 970 6
4 4 970 17
6 6 978 8
4 4 1193 5
9 9 257 7
7 15 890 4
7 7 890 1
12 12 652 5
15 15 928 7
16 16 727 13
2 19 1098 12
2 2 1098 1
19 9 706 9
19 19 706 2
5 5 1231 2
8 8 1405 1
8 11 1202 11
8 8 1202 1
9 18 146 11
9 9 146 2
9 18 805 3
9 9 805 14
7 7 1366 4
19 19 773 4
10 16 1027 7
10 10 1027 2
12 12 470 3
7 7 1007 2
14 14 587 5
8 19 1296 13
8 8 1296 6
0 2 891 3
0 0 891 15
0 2 672 13
0 0 672 7
19 12 819 4
19 19 819 3
5 5 1104 26
3 3 685 16
8 16 769 7
8 8 769 8
6 14 252 14
6 6 252 1
8 16 235 9
8 8 235 7
11 11 37 5
13 13 870 4
15 15 1163 20
17 17 536 5
15 15 61 3
19 19 1228 2
18 10 1106 5
18 18 1106 6
15 15 1141 14
3 7 826 2
3 3 826 13
0 0 1052 21
4 12 1025 7
4 4 1025 5
9 9 76 6
13 13 556 1
8 8 80 5
17 17 870 5
2 0 328 3
2 2 328 2
19 1 602 7
19 19 602 11
4 8 612 6
4 4 612 15
8 8 1066 17
5 16 408 4
5 5 408 8
4 5 1168 8
4 4 1168 2
4 4 1198 2
9 9 1067 6
11 11 372 8
16 16 1050 17
14 14 788 2
2 11 1093 4
2 2 1093 3
0 8 520 4
0 0 520 1
2 16 251 2
2 2 251 4
19 19 715 3
5 5 1224 7
17 3 201 8
17 17 201 2
8 5 1209 7
8 8 1209 10
12 8 134 12
12 12 134 4
7 5 896 4
7 7 896 10
12 12 1191 3
0 0 269 9
13 13 924 14
0 0 679 5
2 0 727 12
2 2 727 7
5 5 239 1
4 12 1145 2
4 4 1145 7
8 8 146 1
9 9 228 2
10 15 250 4
10 10 250 8
11 11 143 2
13 18 298 14
13 13 298 14
14 14 392 22
16 19 551 7
16 16 551 3
18 18 362 29
18 18 823 1
0 1 1179 13
0 0 1179 3
4 4 900 15
3 3 364 15
8 15 1090 9
8 8 1090 3
8 1 919 13
8 8 919 16
6 6 134 4
9 9 418 13
3 3 916 5
10 10 602 21
15 15 1354 3
17 11 863 7
17 17 863 2
12 10 1413 2
12 12 1413 6
7 7 682 20
5 5 905 3
6 16 1403 4
6 6 1403 3
8 5 443 12
8 8 443 7
5 5 900 5
14 8 682 1
14 14 682 31
17 8 134 1
17 17 134 4
17 14 1390 13
17 17 1390 5
4 14 1416 14
4 4 1416 5
16 16 1184 2
17 14 1078 10
17 17 1078 1
16 9 71 5
16 16 71 1
16 13 911 7
16 16 911 3
2 11 1410 12
2 2 1410 1
19 19 833 2
8 9 783 6
8 8 783 12
5 5 894 6
13 13 717 6
12 18 1325 5
12 12 1325 6
19 4 1242 11
19 19 1242 1
2 5 427 10
2 2 427 1
2 4 577 5
2 2 577 6
6 18 564 7
6 6 564 2
17 17 865 5
9 9 561 16
13 15 606 13
13 13 606 4
1 1 1046 7
16 3 216 4
16 16 216 2
2 2 1188 17
17 10 820 6
17 17 820 1
8 6 621 10
8 8 621 2
7 7 410 12
10 4 394 11
10 10 394 1
12 2 697 9
12 12 697 16
19 17 362 14
19 19 362 8
0 2 209 5
0 0 209 13
8 8 1191 2
0 0 302 5
8 8 49 6
12 10 1096 7
12 12 1096 6
17 19 1071 11
17 17 1071 7
17 2 626 4
17 17 626 25
1 1 387 4
18 18 1328 2
2 15 124 10
2 2 124 6
1 1 1260 16
6 6 1433 3
8 8 822 2
6 6 225 8
17 17 1079 1
10 16 595 13
10 10 595 4
11 11 1315 8
17 13 1208 12
17 17 1208 12
12 12 1316 1
17 17 86 1
1 1 841 6
0 13 1316 10
0 0 1316 5
1 1 1053 7
8 0 1136 14
8 8 1136 4
6 8 559 3
6 6 559 1
8 8 474 15
7 7 201 27
11 11 266 3
17 17 841 8
17 7 668 4
17 17 668 1
19 19 1360 4
19 1 186 2
19 19 186 5
16 15 667 12
16 16 667 4
8 18 1247 10
8 8 1247 1
3 3 708 12
7 8 403 4
7 7 403 7
9 15 1419 3
9 9 1419 15
13 11 115 1
13 13 115 2
17 2 986 3
17 17 986 1
16 16 878 2
0 0 355 2
17 2 416 11
17 17 416 6
6 12 1203 3
6 6 1203 7
6 8 402 1
6 6 402 1
18 18 391 10
11 11 670 1
6 0 676 3
6 6 676 2
19 11 875 3
19 19 875 5
8 8 323 19
2 11 119 10
2 2 119 5
4 14 1110 11
4 4 1110 3
8 8 135 2
9 9 31 1
12 12 60 21
13 13 138 2
15 16 602 10
15 15 602 17
11 11 1323 5
12 12 589 18
2 3 998 7
2 2 998 5
2 13 595 8
2 2 595 4
4 4 339 12
8 17 908 4
8 8 908 3
4 4 1253 12
10 10 912 4
17 8 1016 4
17 17 1016 2
17 16 834 11
17 17 834 5
15 15 134 8
2 2 300 1
4 14 600 2
4 4 600 1
6 19 506 7
6 6 506 1
17 0 1096 10
17 17 1096 3
11 11 1139 51
7 0 1314 7
7 7 1314 7
5
13 0 608
6 4 433
15 2 365
0 5 624
2 11 556
