20 5815
10 13 1119 13
10 10 1119 4
1 1 1058 3
16 16 400 13
13 13 1218 2
16 1 1030 2
16 16 1030 2
18 13 1167 13
18 18 1167 1
3 13 170 8
3 3 170 30
4 5 36 12
4 4 36 8
8 8 853 13
9 17 183 8
9 9 183 3
9 0 842 5
9 9 842 2
9 11 1309 13
9 9 1309 10
14 14 74 4
13 5 818 10
13 13 818 5
15 15 1095 18
6 6 96 21
1 13 810 13
1 1 810 11
18 6 904 13
18 18 904 3
5 5 873 4
9 10 1390 3
9 9 1390 3
13 1 760 8
13 13 760 2
15 6 1337 1
15 15 1337 2
17 17 765 2
1 16 859 6
1 1 859 1
19 19 965 1
7 7 368 25
9 9 548 1
9 1 1279 14
9 9 1279 6
14 13 1076 11
14 14 1076 1
16 16 376 1
16 16 205 10
15 16 423 6
15 15 423 10
19 19 200 2
8 8 1280 19
16 18 1328 13
16 16 1328 5
5 5 178 15
18 8 82 10
18 18 82 3
16 12 1149 4
16 16 1149 2
18 8 709 5
18 18 709 7
18 13 423 13
18 18 423 6
18 13 112 5
18 18 112 8
1 13 1350 7
1 1 1350 3
6 6 758 5
5 5 961 2
14 19 508 5
14 14 508 14
0 0 1236 7
18 12 310 1
18 18 310 4
1 19 406 3
1 1 406 1
1 10 89 5
1 1 89 5
11 11 663 6
4 10 869 13
4 4 869 24
6 6 202 4
10 10 588 3
8 1 890 11
8 8 890 6
9 5 898 4
9 9 898 5
12 12 639 16
15 2 1277 7
15 15 1277 8
16 16 634 21
1 2 860 11
1 1 860 17
5 4 93 8
5 5 93 12
9 16 455 1
9 9 455 3
9 13 1248 12
9 9 1248 21
14 18 1087 5
14 14 1087 3
13 8 13 6
13 13 13 1
7 7 963 9
2 13 1160 1
2 2 1160 20
1 17 176 14
1 1 176 2
2 2 318 6
4 4 590 1
4 7 464 4
4 4 464 8
8 0 94 5
8 8 94 6
11 11 1019 11
10 10 1089 13
12 12 1258 7
2 14 794 8
2 2 794 2
8 8 45 10
9 18 161 2
9 9 161 2
9 16 884 4
9 9 884 3
19 19 1391 5
13 13 665 2
13 13 804 14
13 13 495 16
17 17 606 9
0 0 487 8
0 0 657 1
1 4 1224 1
1 1 1224 2
6 18 1079 7
6 6 1079 17
5 17 640 11
5 5 640 8
9 9 709 7
14 2 150 5
14 14 150 4
17 17 1361 5
15 15 689 14
17 3 338 1
17 17 338 15
12 8 543 3
12 12 543 6
3 3 454 9
5 4 70 3
5 5 70 19
5 4 529 1
5 5 529 5
10 3 909 2
10 10 909 4
11 3 1033 14
11 11 1033 3
18 17 45 9
18 18 45 1
12 12 184 6
14 4 737 11
14 14 737 8
13 9 1319 3
13 13 1319 12
0 13 586 4
0 0 586 25
1 1 1319 3
8 5 1275 14
8 8 1275 2
7 7 502 23
9 12 1004 3
9 9 1004 3
9 15 1146 5
9 9 1146 2
17 16 1139 12
17 17 1139 15
14 2 656 3
14 14 656 1
19 19 1062 13
2 2 1074 21
1 19 58 11
1 1 58 1
2 2 168 4
3 9 129 9
3 3 129 13
3 19 596 7
3 3 596 3
5 5 819 9
16 16 1333 5
17 17 1036 4
14 18 462 7
14 14 462 2
15 15 452 14
18 8 296 7
18 18 296 4
1 1 480 7
18 12 1035 13
18 18 1035 4
6 6 1070 9
4 10 1098 10
4 4 1098 15
5 10 836 2
5 5 836 2
9 9 59 4
10 12 1297 10
10 10 1297 14
15 15 1219 11
17 17 736 6
14 14 946 7
1 5 686 5
1 1 686 10
8 17 291 9
8 8 291 12
1 11 1423 14
1 1 1423 6
4 0 1018 1
4 4 1018 3
13 7 654 3
13 13 654 2
6 3 514 12
6 6 514 22
9 8 1042 10
9 9 1042 4
13 10 628 11
13 13 628 1
11 11 477 13
16 5 818 1
16 16 818 3
1 7 735 14
1 1 735 7
0 0 577 9
18 5 1376 5
18 18 1376 7
5 7 1279 14
5 5 1279 2
12 12 882 7
10 17 775 2
10 10 775 7
7 9 40 4
7 7 40 1
11 0 546 5
11 11 546 2
12 12 851 26
17 18 959 9
17 17 959 13
16 16 833 3
1 1 901 2
1 1 584 4
1 1 51 1
6 2 1174 9
6 6 1174 3
5 5 828 5
11 4 1260 14
11 11 1260 4
11 11 70 12
16 16 1265 4
2 2 519 5
16 13 11 3
16 16 11 6
14 14 522 6
19 19 1180 17
10 10 97 2
2 3 489 1
2 2 489 12
5 5 902 4
6 6 1057 1
4 15 1422 8
4 4 1422 11
11 11 215 6
14 19 1121 6
14 14 1121 1
9 10 892 7
9 9 892 2
17 12 44 4
17 17 44 2
1 8 679 8
1 1 679 1
19 19 119 7
19 4 554 12
19 19 554 22
17 14 567 14
17 17 567 2
19 7 1152 6
19 19 1152 4
7 7 340 12
9 9 909 5
10 15 1259 8
10 10 1259 6
15 15 227 9
19 19 228 22
1 4 1329 14
1 1 1329 3
8 8 1257 15
3 3 1375 20
9 9 331 3
10 10 347 12
11 6 603 2
11 11 603 3
16 16 499 4
1 3 52 12
1 1 52 6
4 4 714 6
10 4 298 10
10 10 298 4
13 19 847 7
13 13 847 8
2 14 1354 10
2 2 1354 6
16 16 1232 5
3 5 723 8
3 3 723 22
9 9 402 6
9 10 1203 3
9 9 1203 9
15 15 123 4
1 16 696 1
1 1 696 5
0 0 1301 26
1 18 1100 6
1 1 1100 4
3 5 1335 13
3 3 1335 10
9 7 483 1
9 9 483 3
10 10 499 1
13 13 614 3
12 12 754 6
14 16 129 3
14 14 129 12
14 14 762 8
13 13 1362 1
4 0 546 13
4 4 546 1
6 6 1265 2
6 6 1338 3
5 12 450 8
5 5 450 2
7 17 1219 5
7 7 1219 5
10 10 1125 4
14 10 48 12
14 14 48 2
14 14 613 1
1 14 919 4
1 1 919 4
0 0 153 1
1 10 13 1
1 1 13 26
10 10 213 2
7 7 1413 6
16 5 1306 3
16 16 1306 7
12 12 395 6
15 6 612 12
15 15 612 17
13 13 1129 3
1 1 768 6
1 11 459 13
1 1 459 15
19 19 894 32
18 18 791 2
10 18 164 11
10 10 164 1
10 10 1290 7
15 19 1246 8
15 15 1246 15
15 15 661 11
16 7 1106 13
16 16 1106 4
5 16 1300 13
5 5 1300 9
8 8 605 3
11 11 338 1
13 13 1152 2
14 13 822 2
14 14 822 3
2 12 838 10
2 2 838 5
4 4 553 2
8 8 1346 16
6 9 1341 10
6 6 1341 17
6 17 459 11
6 6 459 7
12 12 307 4
13 9 443 10
13 13 443 3
12 12 1157 16
1 6 595 12
1 1 595 1
3 3 688 26
6 4 716 4
6 6 716 4
5 12 348 2
5 5 348 13
11 11 678 4
14 10 1227 12
14 14 1227 12
12 12 386 3
17 16 1256 9
17 17 1256 6
18 18 985 3
6 6 607 4
5 6 749 14
5 5 749 1
9 4 87 5
9 9 87 1
10 10 1333 2
13 13 210 10
1 1 1108 16
16 16 596 7
18 17 872 3
18 18 872 32
2 2 942 24
2 2 539 20
14 8 889 7
14 14 889 2
8 8 1039 3
7 7 323 17
9 18 195 11
9 9 195 6
9 13 1038 11
9 9 1038 4
17 16 778 8
17 17 778 5
13 13 1209 2
16 16 739 2
18 15 46 7
18 18 46 6
1 1 238 5
1 9 1284 8
1 1 1284 1
4 4 442 2
5 5 308 2
5 9 911 4
5 5 911 1
9 2 382 4
9 9 382 4
11 11 1211 3
10 10 1047 5
13 13 436 7
14 6 745 5
14 14 745 1
1 14 596 12
1 1 596 5
19 19 799 1
5 3 1124 2
5 5 1124 12
4 9 252 4
4 4 252 9
6 6 776 1
7 7 97 6
9 6 1365 3
9 9 1365 2
13 8 687 11
13 13 687 13
14 10 1287 3
14 14 1287 2
4 4 925 1
4 4 55 5
0 0 1200 7
3 14 1181 4
3 3 1181 26
9 16 389 9
9 9 389 8
9 2 88 14
9 9 88 20
14 1 235 8
14 14 235 3
14 4 913 13
14 14 913 4
0 0 64 14
0 15 949 7
0 0 949 6
18 1 1324 10
18 18 1324 8
3 3 855 10
6 6 42 1
12 12 1007 14
9 9 636 8
18 3 36 7
18 18 36 5
11 11 320 4
16 16 1078 14
13 13 92 23
14 3 154 9
14 14 154 6
13 13 1202 1
0 0 551 8
18 18 41 1
6 4 487 10
6 6 487 7
18 18 1210 4
3 6 996 5
3 3 996 4
6 6 880 7
5 8 23 14
5 5 23 12
15 15 962 1
0 0 1048 5
2 1 715 7
2 2 715 1
19 19 1328 14
9 13 651 5
9 9 651 2
11 4 155 10
11 11 155 7
15 15 1339 8
12 3 1021 9
12 12 1021 25
19 19 1217 2
1 14 478 1
1 1 478 2
0 0 1207 25
6 13 146 5
6 6 146 2
19 19 1270 13
15 7 1406 13
15 15 1406 6
15 3 821 11
15 15 821 2
16 16 253 10
19 19 1326 1
2 2 928 13
3 3 50 4
4 18 281 7
4 4 281 27
7 9 892 11
7 7 892 9
10 10 1206 10
13 13 1195 4
13 13 1398 3
0 0 571 6
19 19 265 1
4 4 424 18
6 6 444 7
10 14 813 12
10 10 813 5
9 4 803 7
9 9 803 5
7 7 1368 4
14 6 1382 4
14 14 1382 4
13 13 422 4
13 2 1084 11
13 13 1084 3
1 7 1011 12
1 1 1011 9
1 8 422 6
1 1 422 23
0 0 682 55
18 5 1225 7
18 18 1225 1
5 5 1373 1
4 1 226 12
4 4 226 1
4 4 1140 10
5 12 770 6
5 5 770 13
17 12 1131 13
17 17 1131 8
9 9 1351 1
11 14 144 10
11 11 144 1
16 13 101 14
16 16 101 14
2 2 479 3
6 6 505 9
15 13 554 1
15 15 554 1
17 17 695 19
16 16 697 21
18 10 853 9
18 18 853 6
13 16 1375 6
13 13 1375 13
5 10 617 3
5 5 617 5
9 9 256 6
10 12 414 8
10 10 414 14
9 1 622 11
9 9 622 13
9 8 1057 1
9 9 1057 1
14 4 100 5
14 14 100 2
15 18 729 14
15 15 729 4
13 10 306 1
13 13 306 4
1 1 1391 4
3 7 72 10
3 3 72 1
12 12 803 17
10 13 205 5
10 10 205 8
12 12 350 14
18 2 1216 9
18 18 1216 4
2 2 733 14
5 5 229 18
6 18 253 11
6 6 253 4
1 10 821 4
1 1 821 2
7 7 76 6
10 10 240 3
9 14 1352 1
9 9 1352 5
16 16 340 1
16 16 1218 1
13 13 1414 11
19 3 1231 6
19 19 1231 1
19 19 57 7
1 10 1033 14
1 1 1033 2
3 3 358 20
7 7 278 9
11 11 1420 15
13 13 555 1
18 7 844 6
18 18 844 2
18 13 1305 9
18 18 1305 2
19 1 605 14
19 19 605 16
5 18 1190 5
5 5 1190 4
8 13 608 14
8 8 608 3
6 8 31 14
6 6 31 4
9 3 988 12
9 9 988 4
12 12 1233 15
14 11 228 1
14 14 228 1
6 5 869 4
6 6 869 11
4 4 1312 3
11 11 49 13
11 18 452 10
11 11 452 7
18 18 693 4
17 17 458 6
19 2 1127 10
19 19 1127 8
18 13 622 5
18 18 622 1
2 2 107 41
16 11 523 11
16 16 523 3
8 4 777 14
8 8 777 13
8 1 147 3
8 8 147 104
16 12 184 6
16 16 184 19
8 14 61 13
8 8 61 10
9 9 1393 1
16 16 398 2
12 12 605 5
12 12 1002 5
12 12 1335 16
2 10 1339 3
2 2 1339 6
1 11 289 6
1 1 289 2
4 4 810 7
10 10 996 17
9 15 527 10
9 9 527 7
13 15 548 7
13 13 548 1
1 1 751 3
18 16 839 4
18 18 839 5
4 10 620 5
4 4 620 1
4 4 1176 20
9 14 306 11
9 9 306 6
10 11 384 12
10 10 384 6
1 1 1375 2
17 5 221 6
17 17 221 33
10 13 276 10
10 10 276 22
2 2 1117 20
0 10 512 2
0 0 512 10
4 12 389 6
4 4 389 3
7 17 1016 10
7 7 1016 2
16 1 896 9
16 16 896 7
0 0 842 5
13 17 777 10
13 13 777 13
8 8 816 17
8 8 325 13
14 15 1201 1
14 14 1201 2
13 13 151 1
16 16 543 15
13 13 593 1
1 5 1051 13
1 1 1051 2
4 4 366 19
17 17 1292 1
12 12 1136 4
16 11 217 4
16 16 217 13
14 15 884 4
14 14 884 5
19 19 1354 5
4 4 926 17
16 6 1155 5
16 16 1155 12
3 3 46 2
14 11 832 3
14 14 832 3
16 9 478 2
16 16 478 5
9 7 1409 4
9 9 1409 3
7 7 1274 16
13 15 121 2
13 13 121 19
14 14 121 7
19 19 1028 1
18 16 4 7
18 18 4 3
18 17 721 10
18 18 721 2
19 19 728 12
8 8 1299 4
3 15 969 8
3 3 969 1
1 1 804 6
9 17 132 2
9 9 132 2
16 12 357 7
16 16 357 1
9 19 983 8
9 9 983 5
16 17 903 9
16 16 903 22
1 4 386 10
1 1 386 2
18 9 608 14
18 18 608 1
19 19 841 13
6 6 1096 2
9 9 680 5
9 4 1379 13
9 9 1379 1
11 7 188 14
11 11 188 14
16 6 1378 10
16 16 1378 3
17 17 514 1
19 19 950 1
6 6 556 1
8 8 475 1
9 17 295 10
9 9 295 4
10 10 547 1
13 4 1282 6
13 13 1282 4
18 8 697 14
18 18 697 11
19 1 189 8
19 19 189 2
10 6 38 4
10 10 38 6
4 5 943 5
4 4 943 24
6 14 1386 14
6 6 1386 2
5 16 498 1
5 5 498 7
9 5 316 2
9 9 316 3
10 7 434 4
10 10 434 9
12 12 689 28
15 6 903 10
15 15 903 22
17 18 300 4
17 17 300 4
1 1 1355 20
6 0 846 1
6 6 846 4
4 1 1309 10
4 4 1309 3
10 15 261 5
10 10 261 9
13 13 824 5
12 12 768 8
16 16 41 4
2 2 1429 3
1 1 411 8
18 5 603 13
18 18 603 2
0 0 1266 16
3 3 539 16
6 5 660 7
6 6 660 8
9 9 1380 4
14 7 354 14
14 14 354 3
15 12 16 10
15 15 16 4
1 14 833 11
1 1 833 4
0 0 1340 30
19 19 520 34
2 2 222 12
5 13 549 10
5 5 549 8
10 10 913 18
9 8 1269 3
9 9 1269 5
11 14 258 13
11 11 258 16
18 18 781 10
0 0 365 7
16 13 668 13
16 16 668 4
1 18 754 4
1 1 754 11
18 14 1405 14
18 18 1405 3
4 4 483 14
9 9 293 2
10 13 445 14
10 10 445 14
18 6 85 7
18 18 85 10
12 12 680 9
18 18 429 2
0 0 160 51
12 12 475 23
2 2 777 14
3 9 608 12
3 3 608 3
3 3 1079 2
10 5 1426 1
14 7 1356 12
14 14 1356 2
14 12 506 3
14 14 506 2
17 9 438 14
17 17 438 4
4 4 1234 5
18 13 1240 13
18 18 1240 3
16 14 1363 12
16 16 1363 15
15 15 473 18
14 17 357 8
14 14 357 13
15 2 763 14
15 15 763 1
1 1 269 8
19 19 964 1
3 3 331 3
4 4 347 4
18 7 1220 4
18 18 1220 1
9 9 1278 1
14 10 1077 12
14 14 1077 8
15 12 868 14
15 15 868 14
18 18 1396 9
19 19 638 7
5 18 1374 13
5 5 1374 4
5 5 484 5
10 10 875 5
11 5 574 7
11 11 574 4
5 5 249 15
16 16 392 6
14 14 647 5
18 18 420 2
4 4 1031 3
1 19 47 10
1 1 47 4
2 9 215 5
2 2 215 2
2 2 768 7
4 12 44 9
4 4 44 1
8 8 39 1
11 11 1272 5
9 9 1285 2
11 11 82 7
16 14 3 4
16 16 3 4
16 6 39 5
16 16 39 2
18 14 668 5
18 18 668 2
1 15 405 10
1 1 405 1
18 14 1046 5
18 18 1046 35
18 18 1254 9
3 3 291 7
12 12 901 33
16 16 182 2
0 0 1290 3
4 4 322 4
18 3 143 2
18 18 143 13
6 6 90 2
10 10 899 10
11 11 1043 6
7 10 642 4
7 7 642 6
13 13 12 1
14 4 386 8
14 14 386 2
7 7 634 8
0 0 628 26
2 2 872 19
3 6 10 1
3 3 10 2
11 11 741 10
6 10 1375 11
6 6 1375 11
6 6 928 17
9 7 343 11
9 9 343 1
11 11 567 7
10 10 1102 6
13 8 978 1
13 13 978 2
14 6 85 11
14 14 85 4
14 14 654 2
18 15 415 3
18 18 415 5
4 16 1081 11
4 4 1081 2
5 4 1053 3
5 5 1053 4
6 6 750 5
6 6 819 7
4 4 1290 2
8 8 1152 2
9 4 1294 2
9 9 1294 3
10 9 1412 12
10 10 1412 11
13 3 664 6
13 13 664 1
13 13 803 1
13 15 494 4
13 13 494 1
16 16 30 9
18 8 1019 11
18 18 1019 3
0 8 658 2
0 0 658 5
3 6 767 9
3 3 767 19
8 8 979 2
7 7 1073 3
18 13 307 3
18 18 307 3
13 13 180 1
15 15 111 12
1 0 852 5
1 1 852 3
19 19 104 15
1 4 1144 10
1 1 1144 3
7 7 812 28
9 17 597 7
9 9 597 7
18 5 98 7
18 18 98 4
15 5 304 7
15 15 304 2
11 1 474 6
11 11 474 3
16 19 828 13
16 16 828 5
17 6 194 8
17 17 194 10
1 13 709 12
1 1 709 13
2 2 310 4
2 2 867 4
4 4 566 11
4 9 899 10
4 4 899 11
4 4 472 11
8 8 561 1
4 12 1378 11
4 4 1378 2
9 16 344 14
9 9 344 5
9 2 787 4
9 9 787 1
13 7 406 1
13 13 406 4
13 13 1260 2
1 9 630 6
1 1 630 3
18 7 556 14
18 18 556 6
3 3 599 3
2 2 1026 3
11 11 1270 2
9 7 1335 9
9 9 1335 16
10 14 1423 1
10 10 1423 2
12 2 82 8
12 12 82 28
1 3 487 4
1 1 487 1
8 18 1413 13
8 8 1413 3
6 6 624 16
5 5 648 19
10 10 639 7
16 16 1349 3
15 17 1218 10
15 15 1218 1
2 15 1256 5
2 2 1256 13
8 14 510 12
8 8 510 2
9 8 606 5
9 9 606 5
13 13 627 1
15 15 1412 9
17 6 813 6
17 17 813 5
13 10 1172 1
13 13 1172 3
14 14 802 17
19 19 1396 4
16 16 958 3
2 2 305 5
3 18 463 5
3 3 463 3
5 6 938 14
5 5 938 10
9 9 788 1
15 4 1077 6
15 15 1077 10
16 12 509 12
16 16 509 2
13 13 1253 3
1 11 900 7
1 1 900 1
1 1 591 4
13 13 1150 2
2 2 749 9
3 11 604 2
3 3 604 4
18 6 1013 9
18 18 1013 6
15 15 1114 29
13 5 359 6
13 13 359 9
18 18 288 4
11 10 537 10
11 11 537 6
2 2 668 1
18 14 634 13
18 18 634 2
6 9 257 5
6 6 257 8
11 7 1404 8
11 11 1404 16
15 15 1308 6
5 5 1381 5
18 14 179 5
18 18 179 12
19 17 992 7
19 19 992 8
11 11 1030 3
11 11 295 22
15 15 1421 7
15 15 888 3
14 14 732 3
19 19 36 8
3 3 97 14
6 0 265 9
6 6 265 11
6 6 917 4
7 7 484 3
9 9 1131 11
16 16 953 5
2 0 1029 7
2 2 1029 6
18 18 542 11
14 14 969 8
3 0 142 13
3 3 142 3
5 4 361 5
5 5 361 4
5 9 804 7
5 5 804 15
12 12 1383 3
10 16 650 12
10 10 650 1
1 18 782 11
1 1 782 2
15 10 326 8
15 15 326 15
5 14 762 8
5 5 762 7
1 3 614 13
1 1 614 5
17 19 185 13
17 17 185 4
11 11 1435 2
3 3 428 6
6 6 1021 1
4 3 1224 14
4 4 1224 1
11 11 348 19
17 4 181 13
17 17 181 4
4 2 547 12
4 4 547 3
4 9 120 14
4 4 120 6
10 3 323 11
10 10 323 3
1 16 601 8
1 1 601 5
14 14 1419 4
13 13 385 9
16 12 944 14
16 16 944 2
18 6 387 14
18 18 387 2
0 0 154 1
0 0 17 14
4 4 15 13
9 9 220 6
7 7 1412 1
13 13 700 21
17 17 569 3
15 15 466 5
2 16 1346 3
2 2 1346 8
13 13 1074 5
6 18 1040 4
6 6 1040 4
4 4 1056 3
9 19 410 8
9 9 410 10
10 10 165 2
16 1 264 1
16 16 264 15
15 1 945 10
15 15 945 11
17 9 714 2
17 17 714 9
17 16 29 12
17 17 29 5
2 2 1269 1
2 2 363 21
4 3 1207 5
4 4 1207 1
10 3 942 6
10 10 942 11
10 10 52 8
16 13 749 9
16 16 749 5
18 18 52 12
2 2 282 6
3 4 111 8
3 3 111 5
4 4 444 3
18 19 629 9
18 18 629 5
12 12 889 9
11 14 892 9
11 11 892 15
1 14 1007 13
1 1 1007 4
2 16 758 12
2 2 758 7
3 3 1030 5
11 15 959 4
11 11 959 4
11 11 1298 2
11 15 108 3
11 11 108 5
13 13 832 9
3 3 1395 12
18 14 1132 5
18 18 1132 5
6 9 161 6
6 6 161 6
9 16 319 14
9 9 319 1
11 18 1379 4
11 11 1379 10
9 14 1212 6
9 9 1212 7
9 9 1010 1
3 3 121 8
8 0 383 4
8 8 383 5
19 1 576 8
19 19 576 8
3 17 410 11
3 3 410 2
10 12 591 6
10 10 591 5
10 10 1157 3
17 17 777 1
17 2 167 10
17 17 167 4
1 6 570 5
1 1 570 2
19 13 250 4
19 19 250 9
4 0 110 1
4 4 110 1
6 11 451 8
6 6 451 8
10 10 824 1
11 11 1210 1
13 19 1000 11
13 13 1000 3
9 11 789 14
9 9 789 1
15 4 964 3
15 15 964 5
13 13 1227 5
3 3 229 13
5 13 137 13
5 5 137 3
6 18 777 2
6 6 777 17
10 10 651 7
11 11 101 4
14 14 1284 3
15 15 629 6
18 18 977 8
1 9 1061 1
1 1 1061 10
2 2 1222 3
1 4 744 13
1 1 744 5
5 5 1164 11
12 12 521 1
12 12 1110 4
14 6 349 7
14 14 349 1
16 19 588 11
16 16 588 3
8 8 1303 9
3 3 1325 2
6 6 43 1
11 6 1058 12
11 11 1058 22
9 18 611 14
9 9 611 4
10 11 565 14
10 10 565 2
13 13 91 1
13 7 181 7
13 13 181 4
16 13 731 11
16 16 731 6
2 9 1142 6
2 2 1142 18
18 14 755 7
18 18 755 2
19 19 259 6
5 5 1243 6
14 10 639 12
14 14 639 4
18 13 953 13
18 18 953 13
18 1 514 1
18 18 514 4
1 1 1165 2
3 3 673 4
13 13 882 52
15 15 1159 1
16 9 564 9
16 16 564 12
18 3 383 5
18 18 383 4
18 18 968 1
2 14 453 11
2 2 453 3
9 12 397 4
9 9 397 5
10 10 94 3
16 3 579 4
16 16 579 9
18 9 859 9
18 18 859 4
13 13 14 4
4 13 1196 13
4 4 1196 2
7 19 432 2
7 7 432 6
11 5 949 12
11 11 949 3
5 2 1187 13
5 5 1187 3
13 13 1194 1
2 2 1137 5
7 7 20 13
0 0 1121 40
1 1 1301 9
3 0 66 12
3 3 66 3
4 4 92 2
6 18 1319 13
6 6 1319 2
10 10 359 8
10 2 163 5
10 10 163 1
6 19 969 8
6 6 969 9
1 8 104 4
1 1 104 7
4 10 227 13
4 4 227 4
5 5 694 7
5 5 769 1
14 14 694 10
13 13 310 12
14 11 444 7
14 14 444 2
0 10 1370 9
0 0 1370 20
18 18 1113 1
15 0 761 2
15 15 761 2
17 9 174 3
17 17 174 4
6 1 577 2
6 6 577 20
4 4 1028 3
10 10 524 19
11 11 861 3
10 18 1327 13
10 10 1327 6
12 12 1092 18
16 5 245 4
16 16 245 7
15 12 167 2
15 15 167 1
19 19 599 4
5 16 1212 3
5 5 1212 2
18 13 1354 9
18 18 1354 13
4 15 175 8
4 4 175 7
5 5 616 1
11 4 1104 9
11 11 1104 40
11 7 938 10
11 11 938 4
18 18 969 2
17 17 327 11
13 19 1390 1
13 13 1390 8
2 10 811 13
2 2 811 2
6 11 867 4
6 6 867 2
4 15 1338 9
4 4 1338 1
9 9 811 11
11 11 628 2
17 17 1082 6
17 17 464 6
18 10 478 12
18 18 478 1
1 1 1183 5
8 8 727 12
15 15 392 6
10 4 1351 6
10 10 1351 7
12 12 26 22
14 14 1305 4
13 12 303 4
13 13 303 3
6 10 297 5
6 6 297 4
18 0 1415 14
18 18 1415 4
18 17 1104 14
18 18 1104 2
1 0 1032 6
1 1 1032 1
6 9 141 12
6 6 141 5
10 0 567 10
10 10 567 21
12 12 233 12
12 12 566 12
14 7 253 11
14 14 253 2
16 16 154 12
16 14 689 5
16 16 689 2
0 0 737 21
1 17 344 9
1 1 344 4
17 17 1118 9
19 19 1293 33
13 11 955 4
13 13 955 8
17 11 312 8
17 17 312 15
0 0 522 2
4 4 757 10
5 0 994 11
5 5 994 33
9 9 153 8
15 11 823 13
15 15 823 33
12 12 1185 16
15 9 407 3
15 15 407 8
0 0 271 3
18 15 623 6
18 18 623 2
1 11 1168 12
1 1 1168 10
4 4 1288 2
3 3 1131 20
8 3 351 7
8 8 351 32
1 19 666 7
1 1 666 9
10 14 1358 3
10 10 1358 21
12 12 17 9
17 17 1401 16
17 17 1228 1
17 2 535 4
17 17 535 23
1 18 893 11
1 1 893 2
19 15 154 14
19 19 154 27
3 3 1303 10
5 14 126 2
5 5 126 7
6 5 132 1
6 6 132 5
9 18 526 12
9 9 526 1
14 14 213 5
10 10 1233 6
16 16 1412 15
13 13 238 6
1 7 337 3
1 1 337 6
4 4 621 2
3 13 511 10
3 3 511 1
4 2 503 8
4 4 503 27
3 11 1289 9
3 3 1289 13
6 9 23 6
6 6 23 8
18 1 938 5
18 18 938 7
11 12 367 1
11 11 367 29
16 16 429 14
17 17 305 7
15 18 301 13
15 15 301 3
18 17 727 5
18 18 727 7
5 5 622 12
4 4 73 4
18 18 304 3
10 7 1075 7
10 10 1075 8
14 14 1400 4
3 3 1237 1
15 7 132 5
15 15 132 33
19 19 1135 17
18 18 614 8
17 4 189 5
17 17 189 1
0 0 968 23
10 8 598 7
10 10 598 22
14 0 1206 1
14 14 1206 1
13 13 150 1
13 13 289 11
14 19 401 5
14 14 401 4
7 7 525 45
18 18 812 8
0 0 1327 13
17 17 605 1
8 8 1099 8
8 8 896 42
11 7 832 14
11 11 832 3
14 8 1057 12
14 14 1057 6
14 18 256 3
14 14 256 4
2 2 1186 11
0 0 617 11
9 16 1422 5
9 9 1422 1
5 5 1175 2
5 19 1378 2
5 5 1378 3
3 3 955 10
5 4 579 11
5 5 579 2
10 10 895 4
7 11 1269 1
7 7 1269 3
3 3 1002 28
17 17 999 11
16 8 873 14
16 16 873 11
0 0 211 19
18 19 1179 1
18 18 1179 2
6 15 1283 2
6 6 1283 7
10 10 782 31
9 2 1297 1
9 9 1297 6
12 12 509 12
17 17 624 20
0 0 834 8
18 5 609 13
18 18 609 1
5 5 869 2
9 13 687 13
9 9 687 6
19 19 941 9
14 13 408 14
14 14 408 1
16 14 535 3
16 16 535 8
1 6 847 9
1 1 847 5
1 6 1043 14
1 1 1043 3
3 1 787 4
3 3 787 3
6 10 557 3
6 6 557 3
8 8 476 19
9 9 466 6
14 0 41 8
14 14 41 7
2 2 1213 1
11 11 515 1
13 13 934 6
18 4 435 9
18 18 435 1
0 0 1092 20
5 5 1057 2
9 6 140 13
9 9 140 13
18 13 156 13
18 18 156 7
10 5 1061 13
10 10 1061 12
13 13 823 1
10 10 257 4
13 13 1112 12
0 0 857 25
0 0 654 3
14 14 184 1
5 16 216 14
5 5 216 11
11 17 1080 2
11 11 1080 24
9 9 29 4
18 16 945 13
18 18 945 6
16 5 1237 6
16 16 1237 16
16 16 526 9
1 2 832 11
1 1 832 1
17 6 116 12
17 17 116 18
3 3 325 4
8 8 1145 7
5 5 105 16
9 3 475 9
9 9 475 5
10 2 555 6
10 10 555 1
13 13 590 3
12 12 730 14
17 7 491 11
17 17 491 21
17 17 651 37
13 13 1338 2
19 19 1371 9
5 5 1177 5
3 17 466 10
3 3 466 18
6 6 504 1
7 7 394 13
8 8 251 21
14 0 1330 10
14 14 1330 4
18 10 662 10
18 18 662 3
3 3 611 14
8 8 748 26
6 8 395 12
6 6 395 6
3 3 948 2
17 17 1055 27
16 1 1176 12
16 16 1176 3
13 12 1105 5
13 13 1105 7
19 19 854 40
19 10 44 8
19 19 44 2
3 17 1095 12
3 3 1095 12
6 7 282 5
6 6 282 15
7 7 631 3
12 12 53 29
12 12 578 19
17 13 1192 3
17 17 1192 5
16 16 517 6
1 9 857 8
1 1 857 2
18 8 793 7
18 18 793 5
12 3 425 3
12 12 425 12
6 12 543 6
6 6 543 1
5 5 557 3
11 17 1053 2
11 11 1053 5
13 7 18 2
13 13 18 15
14 16 160 9
14 14 160 1
13 15 1331 8
13 13 1331 4
0 0 9 8
19 14 202 11
19 19 202 26
5 19 1154 3
5 5 1154 10
11 2 738 11
11 11 738 3
5 6 958 5
5 5 958 3
9 3 301 2
9 9 301 5
7 7 846 2
16 16 1151 4
12 12 672 8
14 13 83 9
14 14 83 2
16 10 884 8
16 16 884 4
1 7 46 7
1 1 46 1
1 2 1348 12
1 1 1348 2
4 4 720 28
4 3 45 5
4 4 45 10
4 0 1292 9
4 4 1292 3
13 3 670 7
13 13 670 7
14 14 1364 7
17 17 1040 4
14 17 567 5
14 14 567 14
1 10 95 2
1 1 95 1
4 4 1357 21
4 4 394 2
14 14 538 7
8 2 1111 6
8 8 1111 3
9 5 15 3
9 9 15 1
7 6 620 4
7 7 620 11
11 2 162 5
11 11 162 2
16 16 1352 11
1 1 261 3
4 4 1014 1
5 3 91 6
5 5 91 2
5 11 534 9
5 5 534 2
9 9 453 2
10 5 477 4
10 10 477 1
9 9 595 2
10 10 1276 4
14 14 1085 2
14 14 171 11
14 3 284 14
14 14 284 9
12 12 299 8
1 13 1324 14
1 1 1324 5
4 4 1380 12
10 10 428 6
15 15 925 13
17 2 278 10
17 17 278 22
1 1 905 8
1 7 39 2
1 1 39 3
7 7 208 48
9 9 167 8
11 19 1264 6
11 11 1264 6
9 9 915 18
14 14 1375 3
17 17 604 1
13 13 1091 5
1 16 826 7
1 1 826 4
1 10 493 7
1 1 493 8
1 2 80 9
1 1 80 1
3 1 299 13
3 3 299 4
6 6 276 6
9 9 894 4
16 16 627 7
18 18 779 2
0 0 1282 4
4 19 1021 7
4 4 1021 7
5 5 543 2
7 7 352 2
7 7 1173 8
13 9 4 12
13 13 4 8
19 9 1390 3
19 19 1390 1
18 18 1383 4
5 19 1359 12
5 5 1359 2
8 9 1277 8
8 8 1277 3
8 8 562 1
19 19 706 1
9 16 351 11
9 9 351 6
13 13 970 4
15 7 1071 8
15 15 1071 6
16 16 844 12
7 7 183 5
14 19 1051 11
14 14 1051 4
0 0 763 12
5 5 1029 6
6 17 1181 9
6 6 1181 9
13 13 656 8
17 17 1026 2
14 19 460 1
14 14 460 2
17 17 408 7
18 18 1011 2
2 2 89 1
7 7 1115 1
5 8 60 13
5 5 60 7
8 8 272 8
9 9 716 8
11 11 781 1
10 14 1311 10
10 10 1311 16
1 5 1218 14
1 1 1218 3
17 17 1352 4
17 2 742 5
17 17 742 19
10 7 99 12
10 10 99 24
0 0 111 42
4 9 996 14
4 4 996 10
8 8 938 1
5 6 536 9
5 5 536 3
13 17 61 8
13 13 61 5
15 10 882 1
15 15 882 6
13 13 1171 1
2 10 891 4
2 2 891 19
6 13 1358 4
6 6 1358 10
9 9 320 8
11 18 548 14
11 11 548 19
12 12 256 14
17 10 957 10
17 17 957 2
1 6 923 5
1 1 923 8
2 2 1035 5
14 9 657 10
14 14 657 4
5 6 367 10
5 5 367 3
9 13 209 11
9 9 209 8
9 10 868 7
9 9 868 5
14 14 1321 3
15 0 1189 11
15 15 1189 8
18 10 1002 11
18 18 1002 9
2 5 80 9
2 2 80 9
2 2 669 14
17 5 972 1
17 17 972 27
9 9 1160 3
13 13 165 4
13 13 368 17
16 16 609 4
1 1 360 9
2 2 524 15
8 8 1052 6
5 5 513 8
7 7 744 5
17 17 805 7
14 17 753 12
14 14 753 8
3 3 145 18
1 4 153 1
1 1 153 20
0 0 1286 4
3 8 96 14
3 3 96 1
3 3 1345 20
6 16 479 7
6 6 479 6
7 7 487 2
9 2 796 4
9 9 796 4
9 7 1130 3
9 9 1130 1
15 13 1000 9
15 15 1000 13
14 14 608 4
1 16 583 13
1 1 583 1
4 13 1280 6
4 4 1280 8
6 17 720 3
6 6 720 1
8 8 1042 6
9 5 877 10
9 9 877 3
11 10 682 14
11 11 682 40
11 10 113 10
11 11 113 31
16 19 1317 10
16 16 1317 11
15 15 537 15
8 12 508 1
8 8 508 2
1 6 1233 5
1 1 1233 3
4 2 859 13
4 4 859 10
6 4 611 5
6 6 611 4
9 18 43 9
9 9 43 1
17 12 818 2
17 17 818 7
7 5 1055 2
7 7 1055 18
15 15 1380 3
18 7 171 12
18 18 171 4
18 16 329 7
18 18 329 12
19 19 126 23
14 1 1342 6
14 14 1342 1
19 19 1000 11
14 12 891 7
14 14 891 10
6 7 1010 8
6 6 1010 6
4 4 1225 1
10 0 1280 2
10 10 1280 7
19 19 1359 12
17 16 615 12
17 17 615 8
17 17 353 12
16 5 759 10
16 16 759 3
19 19 385 13
6 18 1336 7
6 6 1336 2
9 9 370 7
16 7 364 3
16 16 364 12
10 10 1123 2
14 5 1416 5
14 14 1416 3
14 11 619 11
14 14 619 20
0 0 155 3
1 6 3 1
1 1 3 5
19 19 348 16
1 11 1209 1
1 1 1209 9
5 11 1136 8
5 5 1136 18
3 16 589 5
3 3 589 3
5 3 337 8
5 5 337 7
10 10 646 4
9 12 1321 2
9 9 1321 1
14 14 1339 3
17 6 1269 11
17 17 1269 11
14 2 417 14
14 14 417 4
17 17 387 20
1 16 774 5
1 1 774 5
18 18 988 4
19 19 461 33
6 9 602 2
6 6 602 3
5 16 738 3
5 5 738 7
18 19 1314 14
18 18 1314 3
9 9 44 15
11 11 1389 10
14 14 1137 6
14 4 336 11
14 14 336 4
14 14 901 4
12 12 1321 2
9 1 1035 13
9 9 1035 1
10 10 1179 10
1 4 1236 3
1 1 1236 18
17 17 791 11
13 13 758 2
17 17 173 1
17 9 1217 7
17 17 1217 7
1 17 1281 12
1 1 1281 3
4 4 555 11
11 15 1156 10
11 11 1156 3
9 1 790 14
9 9 790 6
16 7 483 6
16 16 483 1
12 12 48 5
18 5 507 6
18 18 507 7
2 2 1044 6
0 0 1036 2
1 2 1202 12
1 1 1202 4
4 4 247 2
6 8 706 10
6 6 706 10
6 19 344 4
6 6 344 12
15 15 1267 2
17 17 1262 7
14 14 392 3
6 6 605 2
9 9 386 3
10 6 173 4
10 10 173 15
9 17 1187 10
9 9 1187 9
12 12 1402 6
14 14 908 5
18 6 870 10
18 18 870 2
18 2 408 9
18 18 408 2
10 10 483 7
10 10 60 2
9 17 1036 4
9 9 1036 2
16 16 1073 2
13 8 33 6
13 13 33 3
14 4 145 3
14 14 145 1
14 14 714 1
16 16 741 8
0 0 559 12
4 4 530 4
4 4 111 5
6 5 1322 4
6 6 1322 5
10 10 825 13
14 13 5 7
14 14 5 2
10 0 1045 9
10 10 1045 2
18 18 498 2
17 8 486 9
17 17 486 5
18 8 1237 2
18 18 1237 3
19 19 801 8
4 19 673 6
4 4 673 9
3 2 1038 6
3 3 1038 9
6 0 339 7
6 6 339 5
12 12 110 36
1 2 784 12
1 1 784 6
2 6 459 7
2 2 459 20
6 6 153 8
7 7 293 11
10 10 84 1
10 12 1338 13
10 10 1338 4
14 14 1105 2
12 12 522 21
14 2 919 9
14 14 919 4
19 19 149 5
19 19 584 15
4 4 967 29
9 19 276 4
9 9 276 5
10 10 490 9
9 16 1077 1
9 9 1077 5
15 15 266 19
5 3 1242 11
5 5 1242 1
9 0 357 2
9 9 357 9
11 7 633 1
11 11 633 26
10 10 1052 9
15 2 535 4
15 15 535 2
1 15 419 3
1 1 419 1
1 13 1164 7
1 1 1164 1
18 1 1392 13
18 18 1392 2
3 1 672 8
3 3 672 1
6 6 700 6
1 1 823 1
13 9 678 2
13 13 678 3
14 16 1292 11
14 14 1292 3
14 4 1007 7
14 14 1007 5
19 19 1219 12
1 0 476 11
1 1 476 2
18 18 1426 1
2 2 15 15
14 12 1295 4
14 14 1295 1
3 14 378 11
3 3 378 10
6 3 302 3
6 6 302 7
5 5 733 5
10 10 514 1
7 7 692 5
11 8 1037 2
11 11 1037 6
17 12 1318 3
17 17 1318 6
14 8 240 11
14 14 240 8
14 16 293 8
14 14 293 14
2 12 1247 1
2 2 1247 9
18 18 1317 7
6 18 35 6
6 6 35 7
14 4 1215 11
14 14 1215 3
16 19 723 5
16 16 723 1
18 0 30 1
18 18 30 6
18 18 747 6
3 17 69 11
3 3 69 1
3 1 536 12
3 3 536 3
9 9 366 4
17 17 1212 4
17 9 1088 1
17 17 1088 19
16 16 456 20
16 16 925 12
1 17 420 9
1 1 420 2
1 1 111 7
15 7 20 13
15 15 20 31
3 3 210 11
6 6 695 5
8 15 338 3
8 8 338 13
10 10 698 1
16 12 1400 2
16 16 1400 10
14 14 1303 1
14 11 1014 2
14 14 1014 6
17 3 1356 14
17 17 1356 1
3 13 822 10
3 3 822 2
9 9 1238 7
13 13 251 3
17 17 866 9
17 17 693 2
15 5 166 12
15 15 166 1
18 9 849 11
18 18 849 4
3 12 839 12
3 3 839 11
16 1 1098 10
16 16 1098 8
9 9 262 10
5 5 411 5
9 9 620 2
16 16 1062 6
12 12 655 17
14 12 106 4
14 14 106 15
14 14 735 2
14 8 784 6
14 14 784 4
1 7 247 9
1 1 247 10
18 18 1199 4
8 12 714 3
8 8 714 2
4 4 1339 2
10 10 367 17
5 3 166 3
5 5 166 1
18 18 70 3
17 15 1398 14
17 17 1398 3
15 18 978 10
15 15 978 13
17 10 471 12
17 17 471 5
18 1 479 9
18 18 479 10
1 2 445 14
1 1 445 3
1 1 96 7
18 14 1086 4
18 18 1086 2
4 2 670 13
4 4 670 3
6 12 686 3
6 6 686 9
3 6 888 13
3 3 888 23
9 13 163 2
9 9 163 4
14 7 1189 3
14 14 1189 5
17 17 1226 2
14 3 388 9
14 14 388 1
16 18 1032 13
16 16 1032 7
0 0 1005 14
19 19 494 13
5 5 704 9
4 16 245 8
4 4 245 2
18 0 470 14
18 18 470 3
7 7 1137 12
10 10 1239 20
14 14 1108 11
13 12 244 10
13 13 244 7
13 8 667 13
13 13 667 3
19 19 1342 12
8 8 1069 7
13 3 1080 1
13 13 1080 4
11 11 543 3
7 7 1158 15
15 14 938 8
15 15 938 4
1 19 517 3
1 1 517 10
3 3 518 8
9 18 286 14
9 9 286 2
13 11 470 4
13 13 470 24
15 15 406 1
1 1 963 5
18 8 931 7
18 18 931 7
18 7 1081 12
18 18 1081 5
5 5 882 5
10 14 684 3
10 10 684 12
18 19 196 4
18 18 196 10
13 13 721 5
18 9 361 5
18 18 361 10
2 2 431 22
18 1 611 3
18 18 611 1
3 7 804 7
3 3 804 18
6 12 560 6
6 6 560 4
8 8 303 1
9 9 423 12
9 9 525 1
9 9 1303 2
13 6 546 10
13 13 546 2
12 12 1408 24
14 9 883 11
14 14 883 1
1 17 749 12
1 1 749 2
9 9 1423 1
4 12 268 10
4 4 268 11
4 4 119 1
6 18 963 14
6 6 963 6
5 5 601 15
9 7 971 1
9 9 971 1
11 15 532 5
11 11 532 2
12 12 368 16
17 17 304 1
17 17 564 2
2 2 241 9
6 11 850 7
6 6 850 1
10 16 707 14
10 10 707 12
7 7 1018 5
5 5 18 2
15 15 415 3
18 18 76 6
19 8 64 7
19 19 64 5
5 11 213 13
5 5 213 3
7 7 188 14
9 15 677 12
9 9 677 3
14 14 1207 6
15 7 1178 3
15 15 1178 7
15 15 593 19
1 19 885 9
1 1 885 2
0 0 1019 2
14 16 933 6
14 14 933 7
2 2 69 11
2 2 1298 6
11 11 835 1
12 12 549 17
4 4 748 9
1 12 742 2
1 1 742 2
18 11 1289 11
18 18 1289 1
19 19 621 7
17 3 515 3
17 17 515 20
6 6 1393 6
15 18 1145 7
15 15 1145 3
7 7 407 12
9 12 972 1
9 9 972 9
9 0 1114 7
9 9 1114 16
13 6 940 7
13 13 940 3
1 8 1147 7
1 1 1147 9
6 0 1280 6
6 6 1280 3
4 4 1296 8
9 9 138 2
9 2 861 6
9 9 861 4
10 17 1083 5
10 10 1083 3
13 3 829 5
13 13 829 3
17 17 442 16
2 2 1432 2
1 10 75 9
1 1 75 5
3 2 645 2
3 3 645 22
3 15 1112 2
3 3 1112 12
8 8 131 16
9 3 27 6
9 9 27 2
16 1 1343 2
16 16 1343 6
9 16 1377 1
9 9 1377 2
10 10 1393 19
14 16 409 13
14 14 409 6
14 3 978 12
14 14 978 8
2 2 1291 1
2 2 417 1
5 5 1309 17
3 3 786 1
7 7 202 6
7 7 657 11
7 7 1116 3
10 2 1216 6
10 10 1216 4
17 13 623 6
17 17 623 1
19 19 191 7
5 5 1386 3
3 3 678 10
8 8 428 25
7 8 859 7
7 7 859 30
16 0 1026 12
16 16 1026 4
3 3 43 3
16 16 865 4
19 19 1039 22
18 18 125 18
9 8 635 1
9 9 635 1
18 15 1171 14
18 18 1171 8
1 14 1353 3
1 1 1353 2
6 6 763 13
6 6 401 6
9 13 1305 8
9 9 1305 4
11 6 493 12
11 11 493 10
16 17 1008 9
16 16 1008 10
1 3 409 3
1 1 409 2
8 8 800 16
6 6 223 6
5 3 877 9
5 5 877 5
14 5 1153 11
14 14 1153 10
10 0 398 13
10 10 398 1
17 17 761 4
14 14 825 6
4 4 1248 26
9 19 109 10
9 9 109 3
14 10 222 12
14 14 222 6
15 5 724 3
15 15 724 5
14 1 1381 10
14 14 1381 1
16 8 1044 4
16 16 1044 18
3 3 936 3
5 11 505 10
5 5 505 7
5 5 948 6
9 2 299 6
9 9 299 2
7 9 848 10
7 7 848 2
2 2 833 5
16 12 1145 12
16 16 1145 1
12 12 1271 6
16 16 856 7
1 13 609 5
1 1 609 5
2 11 775 6
2 2 775 2
3 3 1081 14
19 19 1157 7
18 18 592 7
19 19 418 8
17 16 67 4
17 17 67 2
12 12 1089 3
4 4 182 12
5 5 667 4
9 10 1171 8
9 9 1171 1
10 10 1379 7
17 17 69 3
0 0 411 25
16 16 840 3
19 19 966 11
12 12 610 29
11 0 317 6
11 11 317 3
11 11 472 2
14 3 161 4
14 14 161 10
15 13 733 8
15 15 733 1
18 6 220 3
18 18 220 11
2 2 290 15
1 6 1322 13
1 1 1322 2
8 19 90 14
8 8 90 2
9 0 1101 11
9 9 1101 10
16 5 863 6
16 16 863 2
1 15 951 11
1 1 951 4
1 6 634 6
1 1 634 5
1 1 45 1
8 8 660 20
9 17 880 6
9 9 880 4
9 18 1291 10
9 9 1291 1
16 13 1338 2
16 16 1338 5
16 4 1167 9
16 16 1167 3
17 17 429 9
18 2 1022 4
18 18 1022 6
1 2 94 13
1 1 94 1
18 18 1044 1
9 19 1274 9
9 9 1274 4
4 14 1095 13
4 4 1095 3
7 7 1082 11
10 10 1386 7
14 7 1171 2
14 14 1171 3
13 10 185 3
13 13 185 5
14 12 370 14
14 14 370 3
13 2 1061 13
13 13 1061 13
4 16 1015 3
4 4 1015 2
6 4 88 7
6 6 88 2
9 9 452 1
12 12 1046 2
17 18 644 4
17 17 644 7
18 5 410 1
18 18 410 1
1 9 181 2
1 1 181 16
19 19 649 5
3 2 12 3
3 3 12 14
3 11 918 6
3 3 918 5
9 4 341 10
9 9 341 2
9 2 1000 13
9 9 1000 4
7 7 1293 2
9 13 1142 8
9 9 1142 4
16 11 18 4
16 16 18 12
14 11 652 7
14 14 652 2
18 18 102 10
2 2 172 5
3 13 592 1
3 3 592 4
5 17 161 10
5 5 161 5
10 8 739 9
10 10 739 36
9 9 1292 2
3 3 1107 5
16 16 1288 4
18 18 300 1
18 0 1039 14
18 18 1039 5
3 3 298 1
8 8 981 8
0 0 1243 7
6 6 1226 12
13 2 178 4
13 13 178 2
12 12 1299 8
14 1 373 2
14 14 373 6
10 9 224 3
10 10 224 10
18 18 191 5
6 6 92 4
19 19 980 11
5 17 67 7
5 5 67 3
1 19 1291 2
1 1 1291 2
17 14 381 14
17 17 381 6
18 18 206 6
19 19 654 19
5 6 1267 6
5 5 1267 12
8 6 563 1
8 8 563 23
9 9 350 1
7 7 1290 3
11 12 1013 8
11 11 1013 1
15 16 1070 7
15 15 1070 1
8 8 548 5
16 4 1146 6
16 16 1146 3
2 2 167 1
5 2 1028 7
5 5 1028 1
4 16 28 2
4 4 28 8
8 7 845 6
8 8 845 8
9 19 175 6
9 9 175 2
7 7 972 4
1 1 312 5
16 16 988 20
14 16 142 12
14 14 142 3
0 0 1232 4
5 9 1429 5
13 13 1341 16
3 14 1213 10
3 3 1213 1
5 13 758 4
5 5 758 4
5 13 833 8
5 5 833 3
11 11 780 1
11 10 211 2
11 11 211 4
17 14 1170 7
17 17 1170 5
16 4 166 7
16 16 166 1
14 14 945 1
1 3 675 13
1 1 675 4
18 0 771 14
18 18 771 3
2 2 969 21
8 8 939 5
17 17 1127 4
7 7 807 4
9 9 604 2
7 7 901 13
16 16 821 6
13 12 1373 10
13 13 1373 2
0 0 31 12
14 6 612 3
14 14 612 1
4 19 116 10
4 4 116 3
6 1 485 5
6 6 485 2
7 7 489 13
7 7 948 10
19 2 1029 11
19 19 1029 10
16 16 511 6
17 17 263 15
2 2 747 2
13 10 455 4
13 13 455 4
1 0 643 14
1 1 643 10
13 13 286 3
12 12 1386 3
1 14 779 3
1 1 779 3
15 10 398 8
15 15 398 8
13 18 230 10
13 13 230 8
8 9 280 13
8 8 280 11
4 9 1417 10
4 4 1417 5
9 13 33 3
9 9 33 9
11 11 773 4
10 1 1287 14
10 10 1287 3
14 9 327 11
14 14 327 5
15 15 127 1
3 7 425 4
3 3 425 3
6 5 1016 13
6 6 1016 5
5 0 512 13
5 5 512 1
10 17 503 11
10 10 503 11
12 12 169 15
13 8 53 2
13 13 53 6
17 2 178 1
17 17 178 3
1 2 1334 11
1 1 1334 5
4 5 550 14
4 4 550 3
6 6 1277 3
9 19 328 10
9 9 328 3
10 6 326 11
10 10 326 8
11 15 995 5
11 11 995 9
15 15 422 1
14 5 746 4
14 14 746 5
18 18 540 2
1 19 1191 13
1 1 1191 11
4 19 2 3
4 4 2 4
6 2 721 6
6 6 721 29
6 7 794 13
6 6 794 25
9 9 217 3
9 9 876 1
9 2 1319 3
9 9 1319 2
16 17 1259 3
16 16 1259 6
15 16 1197 10
15 15 1197 5
14 14 479 14
14 5 528 11
14 14 528 10
0 17 463 1
0 0 463 15
2 2 511 8
4 8 836 3
4 4 836 6
8 8 970 9
4 4 1083 12
10 10 892 3
9 1 42 3
9 9 42 1
9 2 765 3
9 9 765 3
15 5 1383 3
15 15 1383 19
13 13 729 2
18 17 798 4
18 18 798 14
1 4 701 5
1 1 701 8
16 8 1219 14
16 16 1219 13
15 15 199 10
5 9 521 4
5 5 521 8
9 9 480 3
16 14 45 5
16 16 45 19
1 19 572 12
1 1 572 2
13 0 46 6
13 13 46 6
14 12 761 7
14 14 761 1
17 17 171 2
6 2 1268 1
6 6 1268 1
6 2 898 12
6 6 898 3
9 11 772 8
9 9 772 15
12 12 311 39
8 8 790 3
16 6 946 6
16 16 946 7
2 2 1050 9
1 2 2 9
1 1 2 1
19 13 56 3
19 19 56 1
2 9 765 3
2 2 765 3
8 8 866 21
6 10 1327 6
6 6 1327 8
11 8 105 5
11 11 105 3
14 13 1223 4
14 14 1223 4
16 16 961 27
19 2 1199 4
19 19 1199 5
0 11 779 1
0 0 779 6
9 16 408 5
9 9 408 2
9 5 742 3
9 9 742 3
13 0 523 1
13 13 523 18
17 17 1330 5
5 0 1249 1
5 5 1249 9
18 18 163 5
14 16 661 14
14 14 661 5
3 0 1313 14
3 3 1313 12
0 0 484 3
9 17 1034 10
9 9 1034 1
11 11 465 7
16 16 341 1
14 2 704 12
14 14 704 7
6 6 901 12
8 11 100 1
8 8 100 8
7 7 468 16
10 5 719 8
10 10 719 7
11 11 17 5
14 0 1424 14
13 6 1203 9
13 13 1203 2
16 2 937 4
16 16 937 1
18 8 1243 14
18 18 1243 4
16 3 446 8
16 16 446 2
10 18 62 8
10 10 62 16
9 17 203 1
9 9 203 6
11 15 1300 8
11 11 1300 15
16 3 115 6
16 16 115 17
19 19 1204 11
2 4 58 2
2 2 58 4
2 8 615 5
2 2 615 18
4 4 842 2
6 2 167 5
6 6 167 4
13 0 516 10
13 13 516 5
18 16 1138 11
18 18 1138 5
6 6 59 8
2 2 941 1
1 18 1107 6
1 1 1107 1
3 3 412 2
7 7 103 8
5 18 416 4
5 5 416 34
4 13 1208 10
4 4 1208 13
10 10 855 7
9 19 933 8
9 9 933 19
7 7 1181 11
12 12 1064 25
14 8 715 7
14 14 715 5
1 1 568 2
18 18 758 11
0 0 1429 5
5 5 1232 5
16 16 662 5
18 18 1045 1
9 0 822 12
9 9 822 14
11 11 579 1
11 11 22 27
17 6 913 8
17 17 913 6
14 13 467 1
14 14 467 2
19 16 800 6
19 19 800 1
5 5 247 2
9 0 647 7
9 9 647 1
10 19 390 8
10 10 390 8
15 11 1035 8
15 15 1035 1
1 1 791 13
1 8 474 2
1 1 474 2
2 2 456 1
4 11 817 4
4 4 817 9
6 11 1024 6
6 6 1024 16
6 3 597 5
6 6 597 5
5 12 723 7
5 5 723 4
10 10 85 9
3 3 571 4
12 12 254 2
17 16 1324 14
17 17 1324 6
14 16 238 5
14 14 238 2
4 4 848 11
17 4 217 14
17 17 217 4
19 19 1022 6
6 11 1427 8
3 3 1327 8
14 14 673 3
10 10 862 4
7 7 840 6
12 12 1063 1
14 14 722 6
1 8 561 1
1 1 561 7
1 2 228 13
1 1 228 5
2 18 234 12
2 2 234 7
8 13 1395 6
8 8 1395 18
6 1 887 2
6 6 887 1
7 7 1372 40
11 11 15 2
14 15 1378 2
14 14 1378 3
13 0 426 10
13 13 426 10
17 16 512 5
17 17 512 2
18 0 490 5
18 18 490 8
18 3 951 4
18 18 951 2
18 1 1229 4
18 18 1229 8
19 1 809 14
19 19 809 32
6 12 1128 8
6 6 1128 32
18 1 347 13
18 18 347 14
9 9 648 3
13 13 677 1
17 18 1247 7
17 17 1247 9
14 8 443 10
14 14 443 1
13 4 1425 8
18 0 966 2
18 18 966 1
18 2 1427 1
18 18 1427 4
2 2 633 13
17 11 1357 7
17 17 1357 4
3 3 1159 2
9 0 435 1
9 9 435 1
10 16 515 11
10 10 515 5
9 13 1196 6
9 9 1196 7
12 5 245 2
12 12 245 9
1 1 332 5
16 13 1110 2
16 16 1110 17
16 0 621 7
16 16 621 6
4 4 1198 7
7 7 889 3
12 12 389 6
17 17 1017 9
14 14 782 2
18 6 744 14
18 18 744 1
19 19 266 14
4 7 94 3
4 4 94 1
4 19 1341 1
4 4 1341 2
9 18 800 12
9 9 800 3
17 17 875 11
11 16 4 3
11 11 4 11
11 11 459 6
16 16 1215 2
13 4 419 5
13 13 419 3
17 14 906 11
17 17 906 6
2 2 148 7
1 10 1156 1
1 1 1156 8
5 5 973 10
3 15 1151 8
3 3 1151 8
5 17 783 6
5 5 783 2
10 10 699 4
14 14 1300 3
15 15 1166 8
11 3 1277 7
11 11 1277 5
18 9 372 10
18 18 372 6
1 1 1405 4
3 3 354 2
18 4 473 10
18 18 473 5
9 9 436 4
11 11 226 3
13 13 559 11
14 19 248 11
14 14 248 5
18 1 1309 1
18 18 1309 5
8 8 636 24
9 9 1427 7
9 9 1062 5
17 11 1010 6
17 17 1010 7
16 12 774 7
16 16 774 5
13 18 1388 8
13 13 1388 2
1 1 515 1
13 7 1096 12
13 13 1096 9
3 11 512 4
3 3 512 6
4 4 1316 1
11 11 630 3
18 18 863 7
16 16 448 5
17 17 470 1
15 8 296 8
15 15 296 2
1 2 103 4
1 1 103 1
0 6 1257 8
0 0 1257 9
16 0 1253 13
16 16 1253 3
4 12 212 8
4 4 212 10
3 19 1124 11
3 3 1124 2
4 13 1150 2
4 4 1150 2
10 1 255 14
10 10 255 2
9 12 1357 13
9 9 1357 8
14 6 1194 4
14 14 1194 3
3 3 1170 3
14 15 421 12
14 14 421 4
14 14 389 3
11 8 1335 11
11 11 1335 29
19 0 1232 4
19 19 1232 2
18 6 1413 7
18 18 1413 2
2 8 30 10
2 2 30 17
9 14 112 9
9 9 112 14
10 11 78 11
10 10 78 6
17 8 1028 14
17 17 1028 8
16 17 691 2
16 16 691 6
1 16 350 12
1 1 350 8
2 3 324 7
2 2 324 39
3 11 37 12
3 3 37 4
3 3 504 7
16 16 721 2
5 7 388 5
5 5 388 23
6 6 18 1
10 16 843 1
10 10 843 10
9 8 961 3
9 9 961 10
13 4 1242 5
13 13 1242 11
1 16 516 1
1 1 516 1
0 0 524 1
19 19 280 16
2 2 800 11
6 6 856 11
4 19 1315 11
4 4 1315 1
13 12 1222 5
13 13 1222 2
2 2 102 5
4 16 646 10
4 4 646 24
6 14 1117 8
6 6 1117 11
7 7 1224 19
9 12 232 1
9 9 232 6
13 11 323 1
13 13 323 21
14 15 1197 8
14 14 1197 3
14 11 396 1
14 14 396 5
14 1 961 2
14 14 961 8
1 17 1031 5
1 1 1031 1
5 5 124 2
7 7 264 14
16 11 869 3
16 16 869 4
12 12 1140 4
15 15 183 13
1 5 343 1
1 1 343 1
4 11 623 5
4 4 623 4
4 4 497 6
6 13 960 10
6 6 960 2
5 5 600 1
10 1 882 11
10 10 882 1
10 9 399 3
10 10 399 7
11 5 535 8
11 11 535 2
4 4 1034 5
12 12 1227 6
14 18 686 7
14 14 686 1
1 4 541 12
1 1 541 7
14 5 905 1
14 14 905 3
3 3 526 10
3 3 965 1
6 8 851 2
6 6 851 3
7 7 1247 22
14 1 105 6
14 14 105 1
7 7 1344 15
10 10 1073 2
12 12 781 22
12 12 1370 1
18 18 462 2
18 4 612 9
18 18 612 2
19 19 398 8
11 11 659 4
3 4 200 12
3 3 200 10
3 15 671 1
3 3 671 1
18 10 846 9
18 18 846 3
10 5 596 5
10 10 596 2
13 13 351 2
16 6 77 13
16 16 77 4
18 10 636 3
18 18 636 12
19 19 72 22
18 8 1088 11
18 18 1088 4
1 1 1048 3
3 3 345 9
5 11 560 7
5 5 560 4
1 1 1318 1
9 9 1224 7
14 5 1063 12
14 14 1063 6
16 16 279 13
14 17 262 1
14 14 262 9
13 13 1286 18
18 18 240 1
4 4 1154 11
9 4 312 10
9 9 312 4
9 19 1011 11
9 9 1011 23
9 9 1414 3
9 10 1113 10
9 9 1113 1
16 16 422 7
1 1 989 6
1 11 931 4
1 1 931 1
1 9 534 14
1 1 534 3
18 6 716 4
18 18 716 5
6 6 1212 1
3 8 970 11
3 3 970 20
6 12 1401 7
6 6 1401 9
9 9 860 1
11 11 669 2
11 11 503 12
16 2 1179 1
16 16 1179 2
6 2 962 7
6 6 962 1
15 15 552 2
16 16 1018 3
0 0 287 32
18 12 607 3
18 18 607 1
3 3 305 20
6 6 229 24
5 5 867 2
9 2 685 1
9 9 685 2
16 16 1381 11
13 9 344 6
13 13 344 4
12 12 1312 9
17 17 74 6
8 8 1239 15
4 4 1274 3
10 10 123 39
7 7 1119 14
17 17 845 21
5 5 1182 5
5 15 586 7
5 5 586 14
1 15 1285 14
1 1 1285 1
11 18 968 1
11 11 968 10
16 16 413 3
1 8 932 7
1 1 932 11
18 9 1168 4
18 18 1168 3
3 3 169 1
4 18 1304 13
4 4 1304 5
9 16 178 4
9 9 178 5
11 11 89 7
16 16 1170 6
8 8 722 5
14 1 555 13
14 14 555 12
1 2 981 9
1 1 981 8
1 18 408 14
1 1 408 1
14 7 846 11
14 14 846 2
9 14 1385 1
9 9 1385 5
14 15 986 5
14 14 986 3
1 1 265 4
2 2 559 2
4 4 351 4
8 14 944 1
8 8 944 20
8 8 453 22
9 9 473 2
9 4 108 3
9 9 108 1
4 4 396 9
12 12 724 6
14 2 272 9
14 14 272 12
0 0 52 5
18 10 687 12
18 18 687 6
3 11 939 5
3 3 939 5
4 4 1392 2
7 7 851 6
7 7 1310 25
11 10 404 2
11 11 404 13
13 9 989 3
13 13 989 11
14 14 78 5
14 9 643 1
14 14 643 4
1 3 957 8
1 1 957 6
2 2 1061 13
1 1 1345 3
5 5 1064 10
16 16 453 3
6 0 755 3
6 6 755 3
9 16 846 10
9 9 846 12
10 10 1425 1
2 2 1040 4
14 3 1363 12
14 14 1363 1
12 12 1351 19
17 12 427 12
17 17 427 2
19 6 1156 6
19 19 1156 1
13 12 1053 10
13 13 1053 6
3 17 754 13
3 3 754 13
6 2 642 5
6 6 642 18
4 4 1113 8
9 6 4 9
9 9 4 8
16 5 484 5
16 16 484 2
11 11 792 11
13 6 756 7
13 13 756 2
15 15 1285 14
14 6 989 8
14 14 989 16
2 2 1306 14
1 14 258 14
1 1 258 3
4 11 326 13
4 4 326 1
3 4 1238 10
3 3 1238 15
18 9 464 9
18 18 464 2
15 17 865 1
15 15 865 2
14 14 844 2
4 16 920 5
4 4 920 5
5 5 481 3
9 10 339 8
9 9 339 2
9 9 998 2
11 17 397 11
11 11 397 7
13 6 1271 6
13 13 1271 5
1 1 633 1
5 5 167 11
5 5 370 16
6 12 384 2
6 6 384 6
9 6 887 6
9 9 887 5
14 14 1249 5
17 18 601 13
17 17 601 3
15 15 498 25
17 17 365 5
1 1 490 3
19 19 426 8
6 2 206 11
6 6 206 1
11 10 164 1
11 11 164 4
17 9 1372 8
17 17 1372 26
3 3 1407 4
16 16 169 13
0 0 1293 8
4 4 1399 15
1 1 1124 15
5 5 89 2
4 4 1239 1
10 6 1274 9
10 10 1274 2
10 6 443 1
10 10 443 2
18 3 212 9
18 18 212 8
2 8 314 11
2 2 314 4
2 2 871 1
12 12 597 8
5 5 1348 11
8 8 1272 3
9 11 1007 9
9 9 1007 3
7 8 1243 11
7 7 1243 4
13 15 410 13
13 13 410 9
19 19 1061 1
1 7 626 5
1 1 626 4
8 8 839 6
13 13 800 3
16 16 17 1
17 17 421 6
1 3 824 8
1 1 824 2
8 8 304 21
1 1 86 3
4 14 165 6
4 4 165 8
3 10 1207 13
3 3 1207 3
7 7 152 31
9 5 1180 2
9 9 1180 4
11 11 221 5
13 13 742 13
17 17 54 11
19 19 1283 10
0 0 991 2
2 2 386 31
4 4 308 9
7 7 354 13
9 9 903 6
11 11 871 1
14 14 50 3
16 16 362 1
2 2 1183 3
1 17 1339 13
1 1 1339 3
3 5 116 8
3 3 116 5
4 7 910 4
4 4 910 5
3 7 1365 7
3 3 1365 5
8 8 73 17
9 8 349 2
9 9 349 1
7 8 958 12
7 7 958 5
12 12 848 3
0 0 323 11
18 8 1272 8
18 18 1272 2
19 1 331 1
19 19 331 7
5 7 1027 3
5 5 1027 1
15 6 51 8
15 15 51 2
9 11 865 5
9 9 865 3
14 14 1267 14
18 3 1166 4
18 18 1166 1
18 13 292 8
18 18 292 4
19 19 5 31
18 4 1031 3
18 18 1031 4
1 12 1221 12
1 1 1221 3
6 16 1058 4
6 6 1058 12
3 4 1212 9
3 3 1212 1
9 18 460 2
9 9 460 6
9 3 63 10
9 9 63 5
12 12 220 13
16 13 167 13
16 16 167 2
1 18 277 2
1 1 277 12
2 18 966 2
2 2 966 3
3 3 419 6
3 3 886 2
4 4 1221 3
7 7 749 47
11 11 924 8
12 12 760 1
17 17 802 3
1 1 723 12
18 18 659 3
8 8 1254 3
6 6 913 4
18 18 314 4
11 6 432 6
11 11 432 19
0 0 346 13
1 1 588 3
18 0 1263 3
18 18 1263 9
3 3 484 6
5 5 1036 13
8 8 1312 1
5 9 365 5
5 5 365 2
10 10 658 1
9 6 226 3
9 9 226 1
12 12 401 21
14 0 469 9
14 14 469 7
9 7 693 4
9 9 693 1
4 4 1152 2
5 6 35 8
5 5 35 13
10 18 190 1
10 10 190 15
14 3 1125 6
14 14 1125 6
18 3 992 10
18 18 992 6
14 0 953 7
14 14 953 8
6 19 214 14
6 6 214 2
18 2 273 9
18 18 273 5
12 12 422 3
5 5 1326 1
4 4 1228 5
10 10 500 3
6 6 1420 7
11 11 1364 15
13 13 617 5
13 15 52 7
13 13 52 1
5 5 539 4
14 13 1122 7
14 14 1122 1
13 18 1365 5
13 13 1365 8
16 0 558 13
16 16 558 6
18 17 1367 2
18 18 1367 3
3 13 569 1
3 3 569 2
8 8 546 2
5 10 912 1
5 5 912 26
15 1 1087 7
15 15 1087 5
16 16 503 6
14 0 614 3
14 14 614 2
1 4 8 7
1 1 8 5
0 0 1072 20
1 4 1190 8
1 1 1190 1
5 13 801 3
5 5 801 3
9 2 659 9
9 9 659 8
14 3 1334 11
14 14 1334 5
13 0 278 9
13 13 278 8
14 7 476 11
14 14 476 3
13 13 1132 18
18 18 278 1
18 13 489 6
18 18 489 1
10 10 620 5
7 7 1049 6
13 13 220 7
15 15 1245 1
18 18 1343 10
3 3 401 5
9 9 440 12
8 8 495 13
9 18 487 11
9 9 487 6
14 10 1055 6
14 14 1055 2
16 3 351 3
16 16 351 6
16 16 804 2
14 4 819 8
14 14 819 3
2 2 843 24
6 9 1269 9
6 6 1269 4
8 18 553 14
8 8 553 8
6 8 468 7
6 6 468 11
10 10 334 13
13 8 1011 6
13 13 1011 18
13 16 446 2
13 13 446 9
17 18 34 12
17 17 34 10
1 14 606 13
1 1 606 3
2 2 177 2
7 7 111 26
7 7 570 36
11 11 1194 10
14 0 1220 12
14 14 1220 3
13 13 271 7
2 2 1345 1
16 4 836 6
16 16 836 4
4 3 844 6
4 4 844 4
16 16 843 1
4 2 1059 2
4 4 1059 22
14 8 1143 2
14 14 1143 10
17 5 18 2
17 17 18 11
0 19 955 11
0 0 955 5
19 19 1011 11
3 2 406 11
3 3 406 4
10 15 931 11
10 10 931 11
10 7 51 14
10 10 51 1
16 16 342 9
8 8 680 7
1 1 233 5
2 2 281 1
6 14 1260 7
6 6 1260 5
4 15 447 5
4 4 447 17
5 5 311 7
9 18 377 12
9 9 377 1
11 12 423 14
11 11 423 9
17 17 1107 11
12 12 1153 4
9 9 644 3
18 18 505 2
0 0 1038 10
18 11 1394 5
18 18 1394 2
3 5 1035 1
3 3 1035 2
5 5 344 4
9 14 669 7
9 9 669 8
11 17 730 6
11 11 730 3
16 16 336 1
15 15 1202 3
14 9 430 6
14 14 430 3
18 18 264 9
1 1 448 8
12 12 439 19
8 8 1017 13
5 5 745 4
10 12 171 13
10 10 171 2
12 12 192 28
16 2 827 6
16 16 827 1
12 7 1114 2
12 12 1114 22
10 10 234 6
1 10 654 4
1 1 654 12
1 16 369 7
1 1 369 6
1 1 1106 1
3 3 850 5
3 3 745 9
5 9 634 14
5 5 634 6
1 1 1293 4
11 11 952 7
8 18 989 9
8 8 989 28
16 13 1075 4
16 16 1075 2
16 16 333 3
13 11 1205 6
13 13 1205 4
18 19 42 4
18 18 42 3
4 4 105 5
8 8 1154 20
6 6 893 5
8 18 108 4
8 8 108 2
7 13 923 11
7 7 923 25
11 8 578 8
11 11 578 1
16 19 66 6
16 16 66 5
15 17 444 14
15 15 444 8
1 9 997 1
1 1 997 10
18 11 518 14
18 18 518 20
19 17 364 6
19 19 364 11
2 2 716 11
6 6 337 2
9 16 243 9
9 9 243 13
18 14 648 6
18 18 648 11
13 5 683 6
13 13 683 4
12 9 437 3
12 12 437 2
15 14 1211 2
15 15 1211 7
14 4 433 9
14 14 433 8
13 4 543 12
13 13 543 3
1 19 790 11
1 1 790 1
2 2 457 2
3 13 714 12
3 3 714 9
5 6 7 11
5 5 7 11
2 2 598 17
17 17 886 10
7 7 65 11
1 16 330 12
1 1 330 2
14 14 1423 1
4 12 628 11
4 4 628 11
3 3 388 9
6 6 997 4
8 16 388 4
8 8 388 19
9 14 1083 2
9 9 1083 6
11 11 324 2
1 1 1297 4
4 13 80 11
4 4 80 12
6 4 1315 1
6 6 1315 4
8 8 19 18
11 5 1204 12
11 11 1204 6
17 17 912 1
16 16 252 1
18 4 1226 2
18 18 1226 3
4 2 682 1
4 4 682 24
4 4 231 1
14 13 1241 1
14 14 1241 2
14 11 1005 14
14 14 1005 2
2 2 1322 6
0 0 785 40
18 19 1424 13
18 18 1424 2
5 5 731 2
15 8 891 5
15 15 891 12
11 11 857 4
14 10 1096 6
14 14 1096 8
15 15 1402 4
14 12 924 10
14 14 924 6
2 2 1245 2
4 16 627 7
4 4 627 1
3 3 397 4
3 3 832 2
9 1 1046 7
9 9 1046 11
7 7 429 3
10 17 44 2
10 10 44 5
16 2 443 13
16 16 443 3
14 18 730 6
14 14 730 2
18 12 745 9
18 18 745 2
4 4 95 6
14 14 917 2
7 7 1364 4
4 2 417 4
4 4 417 7
14 14 1386 14
13 13 59 2
17 17 476 10
18 2 587 11
18 18 587 3
18 16 1221 11
18 18 1221 4
1 10 1179 10
1 1 1179 4
5 5 691 3
10 10 696 2
13 19 733 7
13 13 733 4
13 12 872 5
13 13 872 10
14 6 1012 9
14 14 1012 2
18 2 1419 10
18 18 1419 5
18 18 1108 5
19 19 926 9
15 5 635 13
15 15 635 24
3 3 824 8
6 12 137 9
6 6 137 4
9 10 513 11
9 9 513 12
9 2 1236 9
9 9 1236 2
11 11 229 28
14 18 1107 1
14 14 1107 1
15 1 1347 8
15 15 1347 33
16 12 232 1
16 16 232 11
17 19 254 11
17 17 254 9
6 18 201 11
6 6 201 1
5 5 1258 9
9 15 1417 4
9 9 1417 2
6 13 1410 4
6 6 1410 10
17 19 1229 14
17 17 1229 2
13 13 74 6
3 3 1370 5
15 2 209 13
15 15 209 18
2 2 1095 22
18 18 736 7
9 9 1172 8
6 11 1044 5
6 6 1044 7
4 4 1317 11
9 7 808 4
9 9 808 3
11 11 451 1
16 16 1207 8
18 1 820 11
18 18 820 19
16 19 416 10
16 16 416 6
1 10 968 5
1 1 968 13
13 13 169 9
3 3 221 8
8 8 774 3
5 5 887 15
10 10 675 5
10 12 252 4
10 10 252 3
18 16 753 9
18 18 753 2
13 13 726 3
17 17 1224 2
14 16 1023 3
14 14 1023 19
1 12 889 12
1 1 889 4
19 3 935 1
19 19 935 6
7 10 1041 11
7 7 1041 8
6 6 575 2
6 6 128 4
9 12 1245 12
9 9 1245 3
18 19 255 11
18 18 255 4
1 4 349 6
1 1 349 1
18 18 1301 4
2 2 910 10
4 3 609 2
4 4 609 7
19 12 1075 14
19 19 1075 13
6 12 19 7
6 6 19 4
7 7 419 2
11 2 932 10
11 11 932 3
14 14 676 6
18 16 14 3
18 18 14 16
0 0 525 1
3 3 434 20
1 0 1380 10
1 1 1380 11
5 5 1075 30
4 11 77 5
4 4 77 1
5 1 276 1
5 5 276 32
7 7 1023 7
12 12 458 17
13 13 468 2
0 0 359 6
14 0 599 12
14 14 599 9
18 18 468 1
6 6 1162 12
0 0 319 4
9 2 239 11
9 9 239 4
9 3 1397 10
9 9 1397 12
11 19 490 4
11 11 490 3
18 1 1094 12
18 18 1094 7
3 3 339 6
4 4 355 8
19 12 375 14
19 19 375 10
5 17 566 3
5 5 566 13
14 2 496 5
14 14 496 2
16 4 230 2
16 16 230 2
18 18 246 9
16 4 1023 5
16 16 1023 3
4 4 616 4
10 10 883 9
11 11 534 1
9 9 1111 2
16 19 1392 4
16 16 1392 4
3 0 41 2
3 3 41 2
14 5 687 7
14 14 687 7
18 17 600 5
18 18 600 3
16 12 1269 2
16 16 1269 19
4 18 767 7
4 4 767 7
3 3 625 2
4 4 385 4
7 7 41 12
9 9 858 2
10 0 1086 6
10 10 1086 2
15 15 1143 2
12 12 1371 2
13 16 1059 14
13 13 1059 2
3 3 491 13
17 3 407 12
17 17 407 1
2 2 683 3
3 3 670 1
9 9 16 11
14 16 1205 12
14 14 1205 1
15 2 1321 7
15 15 1321 16
17 15 80 4
17 17 80 36
15 10 257 13
15 15 257 9
0 0 1021 15
7 7 256 8
10 10 548 7
9 11 1231 14
9 9 1231 5
16 10 672 3
16 16 672 3
17 0 1280 10
17 17 1280 12
14 5 210 3
14 14 210 1
18 13 241 10
18 18 241 5
6 3 1399 12
6 6 1399 2
6 17 952 7
6 6 952 6
6 11 13 4
6 6 13 5
2 2 1320 2
11 11 1144 12
11 11 978 17
8 8 964 6
13 13 117 4
5 14 1237 2
5 5 1237 5
1 4 216 6
1 1 216 12
3 3 163 2
6 6 1213 13
4 7 392 2
4 4 392 2
14 16 1350 2
14 14 1350 3
15 17 1148 6
15 15 1148 3
15 15 555 8
14 15 545 7
14 14 545 10
18 14 726 6
18 18 726 1
19 19 406 3
4 4 194 7
0 0 387 24
11 17 1318 12
11 11 1318 4
5 5 227 2
13 7 140 12
13 13 140 10
15 15 1261 6
14 10 415 13
14 14 415 1
19 19 1254 16
2 12 1000 2
2 2 1000 13
19 19 954 10
6 17 544 14
6 6 544 1
6 8 117 14
6 6 117 11
9 9 573 9
11 5 257 7
11 11 257 1
13 17 594 12
13 13 594 20
17 17 844 1
14 4 835 13
14 14 835 9
1 1 765 3
0 0 611 6
19 18 628 6
19 19 628 10
4 14 606 7
4 4 606 3
3 14 933 8
3 3 933 3
8 10 537 11
8 8 537 9
6 6 4 7
9 2 288 2
9 9 288 5
11 11 516 16
9 12 1089 3
9 9 1089 9
13 1 1220 13
13 13 1220 2
1 1 955 2
18 4 708 6
18 18 708 1
6 7 407 14
6 6 407 26
9 4 177 5
9 9 177 1
7 11 1002 2
7 7 1002 14
14 14 1353 3
13 12 511 11
13 13 511 5
14 18 503 2
14 14 503 2
17 10 688 10
17 17 688 5
18 16 599 4
18 18 599 1
15 9 165 12
15 15 165 1
4 6 201 12
4 4 201 11
5 1 713 10
5 5 713 2
9 3 1384 11
9 9 1384 1
13 13 762 5
17 17 767 10
1 1 837 10
1 0 264 7
1 1 264 1
3 3 797 7
5 9 545 4
5 5 545 4
9 16 472 14
9 9 472 1
11 1 1049 9
11 11 1049 4
7 7 648 9
18 12 500 8
18 18 500 5
13 13 587 3
16 9 203 14
16 16 203 2
16 16 656 6
2 2 1203 1
18 6 684 11
18 18 684 3
19 19 198 2
5 1 1361 14
5 5 1361 9
8 4 1227 7
8 8 1227 6
8 2 512 12
8 8 512 25
7 7 850 1
2 2 1204 9
9 3 1098 9
9 9 1098 3
12 12 1265 6
14 14 1044 7
1 3 42 4
1 1 42 3
11 13 733 4
11 11 733 5
5 5 264 12
5 19 963 2
5 5 963 10
9 12 186 6
9 9 186 9
10 16 470 13
10 10 470 7
4 1 1121 3
4 4 1121 19
1 3 400 1
1 1 400 5
18 18 590 2
16 1 754 11
16 16 754 5
11 19 936 14
11 11 936 2
9 16 734 5
9 9 734 8
13 12 755 5
13 13 755 1
13 15 190 9
13 13 190 20
17 14 1197 10
17 17 1197 15
14 3 930 14
14 14 930 3
1 13 257 14
1 1 257 1
19 19 94 10
4 16 327 13
4 4 327 20
7 7 367 1
11 11 872 20
14 13 728 3
14 14 728 2
1 14 178 4
1 1 178 3
2 2 288 2
5 12 1370 3
5 5 1370 3
6 4 1368 12
6 6 1368 7
8 8 92 2
9 9 338 1
11 11 1017 2
11 11 396 1
12 12 278 21
2 2 796 4
6 2 1190 13
6 6 1190 8
8 8 833 6
4 14 1295 5
4 4 1295 1
1 4 887 6
1 1 887 2
10 10 307 16
9 7 1289 1
9 9 1289 2
14 14 1254 1
14 8 1371 14
14 14 1371 4
17 7 1045 4
17 17 1045 10
3 3 73 15
19 19 1164 16
1 15 1226 12
1 1 1226 7
17 5 1366 7
17 17 1366 3
6 6 207 6
9 15 12 8
9 9 12 3
12 12 958 15
7 7 1076 3
17 17 1190 2
18 18 562 5
1 11 855 9
1 1 855 2
2 2 1013 13
19 19 977 3
9 11 458 7
9 9 458 2
14 16 1163 7
14 14 1163 8
9 3 592 7
9 9 592 3
7 7 1093 15
12 12 190 2
14 18 852 11
14 14 852 31
18 12 670 10
18 18 670 6
18 18 1387 1
4 5 587 13
4 4 587 3
5 17 1347 14
5 5 1347 1
5 5 489 9
7 7 1295 15
18 14 734 1
18 18 734 2
13 16 974 14
13 13 974 4
14 18 89 13
14 14 89 1
15 15 341 27
18 2 411 7
18 18 411 4
18 16 1274 14
18 18 1274 1
2 2 791 3
5 19 1049 12
5 5 1049 4
6 1 1177 1
6 6 1177 4
2 2 182 14
9 6 493 11
9 9 493 1
0 0 78 21
14 16 1314 3
14 14 1314 7
14 2 456 1
14 14 456 4
17 9 420 3
17 17 420 1
1 1 831 1
19 19 434 27
2 9 646 7
2 2 646 1
5 5 48 12
5 5 838 29
11 11 777 3
13 13 741 1
14 15 379 13
14 14 379 7
14 19 940 14
14 14 940 1
1 1 680 6
18 18 774 5
4 4 1247 1
11 2 1036 14
11 11 1036 1
11 11 870 1
16 13 363 5
16 16 363 1
13 16 1175 6
13 13 1175 5
13 13 1314 5
2 2 1180 3
18 11 665 13
18 18 665 3
15 15 491 7
10 18 853 6
10 10 853 2
19 1 951 6
19 19 951 3
13 2 1256 14
13 13 1256 4
1 14 903 5
1 1 903 2
18 1 95 1
18 18 95 3
1 3 61 11
1 1 61 14
3 0 1070 2
3 3 1070 7
13 11 653 10
13 13 653 1
15 17 1113 14
15 15 1113 1
12 12 1389 13
10 10 243 9
1 16 507 4
1 1 507 6
18 18 1028 3
5 5 1427 2
4 4 173 2
9 3 1156 3
9 9 1156 4
5 16 193 12
5 5 193 20
14 10 1123 2
14 14 1123 2
15 15 1299 9
15 19 1230 4
15 15 1230 8
17 17 731 1
17 17 46 8
18 18 769 2
1 9 1410 4
1 1 1410 13
19 19 991 1
16 11 728 13
16 16 728 3
14 14 1042 2
12 12 761 7
6 6 921 7
15 15 298 3
17 17 191 3
1 16 722 2
1 1 722 1
8 8 1362 23
14 14 1090 6
11 11 1004 9
10 15 1148 12
10 10 1148 9
16 2 1127 10
16 16 1127 18
12 12 1173 12
14 2 668 1
14 14 668 1
1 1 579 4
5 16 1035 4
5 5 1035 1
8 4 1313 4
8 8 1313 33
3 3 1047 23
10 11 659 10
10 10 659 13
9 13 873 9
9 9 873 2
16 16 1313 4
14 12 1324 11
14 14 1324 6
2 2 482 7
2 3 47 1
2 2 47 11
11 7 782 14
11 11 782 7
4 0 148 10
4 4 148 6
7 7 137 15
11 0 202 9
11 11 202 9
17 17 732 4
18 18 175 4
2 2 990 10
4 18 1006 5
4 4 1006 8
6 6 1022 2
6 16 67 14
6 6 67 21
10 10 14 11
13 13 1161 6
1 15 555 13
1 1 555 6
1 14 1332 7
1 1 1332 2
6 10 1267 9
6 6 1267 1
3 3 911 7
5 9 452 14
5 5 452 9
6 6 466 1
9 11 334 14
9 9 334 4
11 11 606 22
15 11 1013 1
15 15 1013 8
1 15 913 12
1 1 913 6
18 18 538 2
10 10 967 6
3 3 242 34
10 5 215 14
10 10 215 9
7 7 1419 9
14 14 1218 2
16 16 7 4
18 3 279 10
18 18 279 7
1 5 501 12
1 1 501 6
14 7 1346 13
14 14 1346 4
2 15 659 2
2 2 659 9
17 17 572 29
6 14 171 14
6 6 171 6
10 1 976 13
10 10 976 13
11 19 789 10
11 11 789 3
17 17 1154 16
14 6 332 2
14 14 332 1
16 16 603 6
2 2 1270 14
1 10 358 9
1 1 358 2
18 18 1340 1
8 8 1030 1
9 10 486 13
9 9 486 1
9 1 588 3
9 9 588 4
17 5 825 8
17 17 825 9
17 9 787 1
17 17 787 2
13 4 1154 11
13 13 1154 7
13 13 1357 5
19 19 679 19
6 11 1258 14
6 6 1258 2
5 15 461 5
5 5 461 4
10 16 818 3
10 10 818 6
11 11 417 6
16 15 1396 6
16 16 1396 4
8 8 1385 2
14 4 53 2
14 14 53 14
13 14 1043 1
13 13 1043 6
19 13 1088 3
19 19 1088 39
0 0 158 2
1 0 0 9
1 1 0 2
17 14 415 10
17 17 415 5
6 6 356 21
9 9 667 2
12 12 384 2
12 12 973 29
4 1 577 11
4 4 577 10
13 7 1124 13
13 13 1124 5
18 4 1137 3
18 18 1137 1
1 10 1071 2
1 1 1071 23
4 4 154 11
5 5 20 3
7 7 304 19
11 11 821 11
10 1 1335 7
10 10 1335 3
13 13 521 1
16 16 594 2
10 1 162 11
10 10 162 1
1 12 1429 3
3 3 555 14
8 1 407 4
8 8 407 21
19 6 1215 11
19 19 1215 2
9 9 992 6
14 0 141 13
14 14 141 1
13 12 1211 12
13 13 1211 7
16 1 737 14
16 16 737 2
0 12 230 3
0 0 230 41
1 2 1286 5
1 1 1286 5
4 18 534 8
4 4 534 1
16 8 718 9
16 16 718 2
5 7 310 13
5 5 310 1
10 12 1129 11
10 10 1129 6
13 11 1003 14
13 13 1003 6
15 15 1036 1
16 16 486 3
16 16 939 5
1 19 995 5
1 1 995 2
18 1 67 14
18 18 67 3
4 4 222 4
18 3 238 4
18 18 238 2
5 11 140 5
5 5 140 21
9 7 201 7
9 9 201 2
9 2 1367 9
9 9 1367 10
11 11 96 5
14 6 1281 13
14 14 1281 3
16 16 762 8
17 3 566 5
17 17 566 1
16 13 655 10
16 16 655 1
15 3 1273 3
15 15 1273 4
10 5 543 14
10 10 543 4
9 13 1184 10
9 9 1184 3
10 10 1342 9
8 8 716 6
14 13 229 9
14 14 229 6
16 16 132 4
15 15 84 3
1 18 653 6
1 1 653 1
3 14 414 3
3 3 414 5
8 3 1076 3
8 8 1076 23
9 3 272 13
9 9 272 4
14 14 770 2
1 12 574 4
1 1 574 4
1 2 1311 9
1 1 1311 7
3 16 88 3
3 3 88 3
6 7 1321 14
6 6 1321 1
5 5 906 1
11 15 1214 5
11 11 1214 10
14 14 7 17
13 19 1029 10
13 13 1029 14
8 8 40 5
4 10 249 8
4 4 249 3
11 5 722 5
11 11 722 8
14 14 1239 2
2 2 1360 16
10 10 973 3
9 8 534 14
9 9 534 14
11 11 803 10
16 15 576 7
16 16 576 3
10 10 25 13
3 3 48 2
5 6 1281 9
5 5 1281 8
9 7 281 12
9 9 281 5
9 9 615 1
11 11 944 5
10 12 1160 13
10 10 1160 13
15 15 856 9
14 15 720 14
14 14 720 2
19 5 698 6
19 19 698 8
6 3 1312 13
6 6 1312 1
4 16 1328 5
4 4 1328 10
14 7 405 14
14 14 405 3
14 19 186 5
14 14 186 24
15 15 969 8
1 1 1021 10
2 2 155 12
3 3 490 1
3 3 677 1
8 17 793 12
8 8 793 7
9 6 1082 14
9 9 1082 1
15 15 1205 6
12 12 898 3
14 1 441 7
14 14 441 2
15 15 53 5
18 13 379 6
18 18 379 4
19 19 46 10
18 7 1114 1
18 18 1114 18
4 5 826 12
4 4 826 1
8 9 1107 4
8 8 1107 4
3 19 1161 3
3 3 1161 9
6 18 151 12
6 6 151 2
7 7 287 6
9 7 68 8
9 9 68 19
12 1 1057 1
12 12 1057 6
16 16 1427 2
7 7 857 2
16 16 301 32
15 16 471 12
15 15 471 2
1 17 322 5
1 1 322 8
5 8 1290 9
5 5 1290 10
8 8 1058 11
3 14 1302 1
3 3 1302 1
9 9 981 2
9 17 616 8
9 9 616 4
13 10 80 5
13 13 80 11
14 7 102 1
14 14 102 3
14 18 780 1
14 14 780 2
1 1 243 4
18 17 1203 9
18 18 1203 7
19 19 707 21
5 5 1216 15
6 6 1238 20
4 11 405 12
4 4 405 12
4 4 1343 14
10 0 726 11
10 10 726 12
13 11 790 2
13 13 790 10
13 10 1079 7
13 13 1079 1
13 17 1224 7
13 13 1224 3
1 1 1178 1
5 5 1105 19
7 7 82 15
14 18 1185 14
14 14 1185 4
15 15 1160 6
15 15 583 10
13 7 1335 8
13 13 1335 3
1 12 1035 11
1 1 1035 8
3 2 356 7
3 3 356 2
8 8 1114 31
10 10 520 4
9 0 512 10
9 9 512 1
3 3 1210 2
14 13 1104 8
14 14 1104 1
16 7 292 12
16 16 292 9
14 5 307 1
14 14 307 10
13 11 522 10
13 13 522 1
2 14 1237 12
2 2 1237 8
19 19 1197 2
18 7 1307 3
18 18 1307 2
19 14 603 13
19 19 603 2
5 2 1208 6
5 5 1208 4
5 19 1395 8
5 5 1395 26
7 7 421 8
7 7 1343 1
9 7 1060 13
9 9 1060 2
15 15 942 3
16 16 888 8
1 10 513 7
1 1 513 2
2 2 250 31
9 17 1219 7
9 9 1219 5
17 4 919 6
17 17 919 38
14 10 24 1
14 14 24 16
16 14 1410 13
16 16 1410 2
3 9 1126 5
3 3 1126 5
6 2 315 3
6 6 315 19
10 10 672 3
9 6 696 4
9 9 696 13
14 4 1309 3
14 14 1309 5
17 17 1231 16
16 16 81 10
14 14 1020 3
19 19 1234 9
1 15 291 7
1 1 291 21
18 9 1411 12
18 18 1411 2
0 0 1053 1
4 0 1039 9
4 4 1039 4
14 19 1183 14
14 14 1183 2
0 0 43 6
13 13 300 3
10 10 302 5
15 17 168 5
15 15 168 15
0 0 1161 39
1 7 348 4
1 1 348 1
18 9 1298 5
18 18 1298 3
5 5 1327 20
6 6 1198 14
5 16 386 14
5 5 386 2
8 8 611 9
11 11 935 1
10 10 1189 17
13 14 66 12
13 13 66 8
17 19 135 14
17 17 135 14
0 0 526 25
5 5 1074 1
4 3 78 13
4 4 78 2
6 2 1301 5
6 6 1301 11
15 5 1188 6
15 15 1188 1
15 13 531 10
15 15 531 4
12 12 1373 10
18 18 469 1
0 0 1250 7
4 19 640 14
4 4 640 6
18 12 286 13
18 18 286 2
9 4 238 9
9 9 238 1
17 13 789 11
17 17 789 2
14 18 1203 11
14 14 1203 2
17 17 1216 1
19 19 1243 11
19 19 69 3
4 4 791 8
4 5 364 6
4 4 364 2
3 3 1276 8
9 7 420 12
9 9 420 3
7 7 668 24
11 18 274 4
11 11 274 3
14 14 317 10
16 17 684 11
16 16 684 5
5 5 1194 11
18 19 1353 6
18 18 1353 1
3 3 950 5
8 8 620 16
6 6 11 2
10 12 880 9
10 10 880 1
7 12 1272 5
7 7 1272 2
8 8 1233 6
15 15 956 6
18 5 723 10
18 18 723 3
14 0 831 11
14 14 831 1
5 10 983 13
5 5 983 11
9 9 134 1
14 16 1404 8
14 14 1404 9
13 7 460 8
13 13 460 6
15 0 677 5
15 15 677 12
0 0 847 10
18 19 610 11
18 18 610 1
6 6 1098 19
6 9 309 11
6 6 309 6
2 2 1284 7
14 11 90 6
14 14 90 10
15 5 1320 7
15 15 1320 1
12 12 1323 12
1 3 317 8
1 1 317 5
2 2 421 10
19 19 513 7
4 4 363 1
3 3 1253 23
4 4 1277 3
10 9 866 10
10 10 866 1
11 16 836 4
11 11 836 21
10 10 1220 13
13 1 227 6
13 13 227 3
14 16 211 4
14 14 211 2
14 4 260 1
14 14 260 2
16 16 675 9
2 2 1214 8
4 7 639 9
4 4 639 1
15 1 1037 9
15 15 1037 33
9 10 1412 13
9 9 1412 2
15 0 368 4
15 15 368 24
18 17 436 2
18 18 436 25
1 18 532 8
1 1 532 2
16 11 938 14
16 16 938 1
19 6 296 5
19 19 296 35
4 4 60 13
3 3 1411 14
8 8 55 6
7 7 33 7
11 9 1224 14
11 11 1224 6
11 11 671 7
16 16 1181 26
15 15 1151 8
14 19 493 14
14 14 493 3
18 19 912 14
18 18 912 19
18 18 605 2
19 19 409 9
1 12 1254 4
1 1 1254 27
0 0 436 27
10 7 738 11
10 10 738 1
6 6 947 5
14 14 1213 2
14 18 977 8
14 14 977 1
18 8 342 9
18 18 342 5
1 2 1047 12
1 1 1047 1
3 12 791 12
3 3 791 5
6 6 545 11
10 10 556 4
12 12 146 23
14 15 218 9
14 14 218 4
14 14 271 1
16 16 215 2
18 15 233 3
18 18 233 5
2 3 920 3
2 2 920 8
3 19 26 10
3 3 26 7
7 7 393 1
0 0 49 3
17 18 1417 14
18 3 431 3
18 18 431 4
18 18 120 5
1 11 208 7
1 1 208 8
0 0 1112 9
19 19 740 2
3 10 1077 11
3 3 1077 2
18 17 303 1
18 18 303 1
10 10 270 6
16 2 1429 5
16 16 1429 8
14 8 1358 4
14 14 1358 3
15 5 1092 13
15 15 1092 3
15 17 563 1
15 15 563 5
18 0 318 1
18 18 318 11
18 4 907 13
18 18 907 5
4 4 893 4
15 15 236 21
5 12 671 1
5 5 671 3
12 12 1223 4
9 2 724 9
9 9 724 10
10 9 680 14
10 10 680 4
11 11 168 20
15 8 1269 8
15 15 1269 4
15 15 672 5
17 11 65 5
17 17 65 2
18 18 259 5
3 0 329 5
3 3 329 2
3 13 796 7
3 3 796 1
6 16 536 7
6 6 536 7
0 0 478 6
9 4 914 1
9 9 914 1
9 9 549 24
6 6 1160 2
16 6 263 13
16 16 263 1
2 2 1200 3
15 3 1314 13
15 15 1314 6
4 4 915 5
17 17 149 18
13 13 1180 14
4 13 1394 4
4 4 1394 5
11 19 963 1
11 11 963 5
13 1 1276 10
13 13 1276 6
18 18 422 1
2 2 1059 2
2 2 217 5
9 3 875 11
9 9 875 1
6 6 826 20
8 8 37 2
9 15 844 12
9 9 844 2
9 4 1287 3
9 9 1287 2
3 3 1176 5
14 7 1361 3
14 14 1361 2
12 12 820 28
15 15 568 15
3 3 70 2
0 0 495 17
1 17 407 14
1 1 407 1
3 3 289 2
6 6 640 2
6 6 213 1
18 15 1092 3
18 18 1092 2
9 7 836 4
9 9 836 6
17 17 1369 3
2 12 1304 8
2 2 1304 2
6 17 433 9
6 6 433 5
3 3 334 5
10 2 478 4
10 10 478 5
19 18 742 5
19 19 742 57
10 4 1265 12
10 10 1265 9
6 6 564 11
12 12 717 7
15 6 867 2
15 15 867 1
15 15 734 27
19 19 1380 10
18 13 676 1
18 18 676 8
11 11 1014 2
19 19 645 4
5 16 954 7
5 5 954 4
7 7 796 11
11 11 1016 1
10 10 1088 1
13 0 980 13
13 13 980 9
12 12 1257 1
16 16 724 4
1 19 639 10
1 1 639 4
18 18 567 20
18 18 1152 14
6 6 390 5
18 10 231 12
18 18 231 2
14 5 1255 3
14 14 1255 10
17 17 1044 1
2 2 1376 52
1 1 488 2
3 3 583 6
7 7 1079 3
14 3 1174 2
14 14 1174 3
14 4 350 13
14 14 350 4
12 3 498 6
12 12 498 10
17 3 783 3
17 17 783 4
4 15 1233 12
4 4 1233 1
4 13 279 10
4 4 279 2
11 11 864 6
6 6 1294 7
17 17 204 13
1 2 138 10
1 1 138 12
18 17 1290 2
18 18 1290 8
4 14 897 4
4 4 897 2
3 3 923 10
6 11 494 9
6 6 494 10
12 8 270 2
12 12 270 8
12 12 1248 9
13 7 1262 12
13 13 1262 9
0 0 334 12
1 0 59 5
1 1 59 2
18 14 1275 9
18 18 1275 1
2 2 1328 11
6 6 377 7
7 13 976 13
7 7 976 26
9 4 1329 10
9 9 1329 6
18 13 341 10
18 18 341 1
1 8 830 3
1 1 830 1
0 6 663 5
0 0 663 19
2 2 90 12
2 2 647 12
3 3 303 2
4 16 1414 13
4 4 1414 3
10 10 625 14
14 14 1177 6
15 19 703 4
15 15 703 21
14 14 941 4
16 16 786 18
2 4 384 1
2 2 384 2
1 3 1139 12
1 1 1139 5
4 1 1017 4
4 4 1017 1
3 10 883 12
3 3 883 3
4 14 1240 14
4 4 1240 7
7 7 811 1
13 13 629 24
14 14 182 2
17 17 370 11
13 13 1313 1
12 12 364 4
8 8 71 2
5 2 465 14
5 5 465 16
11 11 1180 4
9 9 1148 8
13 13 966 4
14 3 666 7
14 14 666 2
18 3 553 2
18 18 553 3
4 4 706 8
3 3 602 2
18 3 301 4
18 18 301 2
7 16 1428 9
14 18 1265 10
14 14 1265 2
13 10 855 12
13 13 855 17
14 14 464 3
11 11 1399 5
0 6 825 1
0 0 825 9
0 0 1390 39
5 5 907 4
3 16 276 3
3 3 276 9
3 16 1214 4
3 3 1214 23
5 18 755 14
5 5 755 3
7 13 606 11
7 7 606 14
9 1 1163 2
9 9 1163 8
13 13 541 2
11 7 1282 13
11 11 1282 16
17 17 1175 15
0 0 99 12
1 11 1409 11
1 1 1409 1
2 2 561 37
4 9 317 14
4 4 317 5
10 10 459 11
10 0 4 13
10 10 4 10
13 13 622 5
14 14 185 1
13 17 1167 8
13 13 1167 4
17 17 190 1
19 19 1403 34
18 12 1370 1
18 18 1370 6
0 0 960 8
6 6 1273 4
18 14 168 3
18 18 168 3
16 5 476 8
16 16 476 2
13 15 394 12
13 13 394 12
14 1 40 11
14 14 40 1
14 3 669 9
14 14 669 4
1 10 578 10
1 1 578 1
0 0 758 5
19 19 338 10
4 12 6 11
4 4 6 9
8 8 887 3
15 15 1185 3
18 18 998 4
3 3 285 4
6 6 1051 6
6 3 620 5
6 6 620 4
6 6 177 24
13 13 459 1
10 10 188 2
14 15 1131 12
14 14 1131 6
13 5 161 6
13 13 161 4
15 7 1238 9
15 15 1238 7
17 17 723 8
16 9 613 2
16 16 613 8
4 4 1226 2
3 5 865 2
3 3 865 18
10 7 953 10
10 10 953 14
16 9 377 9
16 16 377 15
10 10 1173 6
14 9 128 7
14 14 128 1
15 2 306 4
15 15 306 20
13 13 1363 2
9 9 135 3
19 19 673 6
4 15 126 2
4 4 126 22
11 11 907 17
6 4 467 5
6 6 467 1
9 10 768 14
9 9 768 4
14 13 1119 5
14 14 1119 2
14 3 1413 12
14 14 1413 3
15 7 523 2
15 15 523 8
16 15 489 2
16 16 489 10
13 13 1049 4
18 18 389 19
1 1 1188 2
15 0 1428 6
15 15 1428 2
13 13 841 6
13 5 322 13
13 13 322 1
16 13 1292 12
16 16 1292 11
18 8 1143 9
18 18 1143 9
14 2 1291 1
14 14 1291 1
6 6 615 5
11 3 942 8
11 11 942 2
10 11 167 1
10 10 167 4
13 2 1199 5
13 13 1199 3
12 12 934 24
14 16 333 8
14 14 333 3
16 16 806 12
18 18 1341 2
1 6 1094 4
1 1 1094 6
14 18 416 13
14 14 416 1
8 15 1031 5
8 8 1031 8
4 19 1205 12
4 4 1205 2
9 9 1322 7
9 9 952 9
7 3 733 12
7 7 733 11
7 7 1192 27
11 11 339 9
12 12 744 10
16 11 337 1
16 16 337 3
13 13 1340 1
1 1 150 3
0 0 1434 4
3 1 575 8
3 3 575 8
4 4 101 4
8 8 1174 24
10 14 1135 8
10 10 1135 13
13 13 1009 2
15 18 1021 7
15 15 1021 14
18 13 73 1
18 18 73 3
18 18 1247 7
8 8 698 13
0 0 372 15
14 19 1343 11
14 14 1343 3
14 18 1243 4
14 14 1243 6
12 12 1307 5
13 13 737 4
2 2 501 10
2 2 62 7
5 5 1421 6
3 3 1000 2
3 2 1173 13
3 3 1173 3
5 5 750 5
17 13 1335 6
17 17 1335 17
14 14 340 9
15 15 78 6
7 7 697 36
18 18 1332 8
16 17 136 13
16 16 136 18
6 6 1001 9
9 16 494 9
9 9 494 18
10 13 49 3
10 10 49 2
13 13 36 10
14 0 146 7
14 14 146 4
14 12 711 13
14 14 711 3
1 1 548 7
14 14 616 3
2 17 832 12
2 2 832 1
4 3 535 4
4 4 535 11
6 6 1335 1
6 7 888 1
6 6 888 5
14 0 772 3
14 14 772 8
15 15 433 11
18 2 64 5
18 18 64 3
1 19 1206 13
1 1 1206 3
16 18 591 14
16 16 591 3
3 14 1037 5
3 3 1037 1
5 3 785 12
5 5 785 16
16 16 1303 3
15 15 991 9
12 8 1298 5
12 12 1298 1
5 5 727 4
5 5 133 4
8 8 1048 4
15 19 87 7
15 15 87 24
2 2 1225 12
1 1 375 11
1 8 1104 10
1 1 1104 2
8 8 586 19
16 16 1077 1
1 1 173 3
15 6 196 11
15 15 196 3
18 13 757 5
18 18 757 1
18 18 1214 2
1 1 1310 1
3 3 91 5
5 5 318 17
8 8 110 21
11 18 580 12
11 11 580 23
17 8 812 4
17 17 812 1
16 16 1092 6
12 12 877 5
15 15 963 1
1 5 1167 8
1 1 1167 1
5 5 335 2
11 15 813 6
11 11 813 8
13 13 681 2
14 1 1289 8
14 14 1289 2
17 17 558 6
18 11 971 7
18 18 971 6
4 6 1043 8
4 4 1043 13
18 13 1276 10
18 18 1276 13
1 1 1342 3
7 7 1030 11
13 13 570 17
1 1 456 3
14 14 923 1
19 19 1327 1
5 5 1205 3
12 12 1048 9
13 13 1401 13
6 6 44 15
7 7 438 30
10 10 406 8
11 14 326 14
11 11 326 12
16 16 1068 5
14 14 395 1
16 2 779 12
16 16 779 7
16 13 720 9
16 16 720 1
15 15 59 19
3 3 64 2
6 1 1313 11
6 6 1313 2
13 13 115 2
7 7 914 9
12 12 508 1
14 15 67 11
14 14 67 7
12 6 1201 12
12 12 1201 22
1 16 1020 1
1 1 1020 1
0 0 1054 18
10 3 989 7
10 10 989 7
8 8 687 11
6 6 334 3
10 19 703 3
10 10 703 1
9 12 653 2
9 9 653 6
11 11 145 10
14 7 1296 14
14 14 1296 4
14 16 446 7
14 14 446 6
1 5 877 5
1 1 877 8
13 14 963 6
13 13 963 3
2 2 11 4
4 4 827 9
15 5 1174 3
15 15 1174 4
6 0 148 6
6 6 148 3
10 10 1013 7
15 15 128 4
13 13 254 17
15 18 819 1
15 15 819 2
16 16 243 2
3 3 165 4
5 17 1214 2
5 5 1214 2
5 5 1289 1
3 3 834 5
6 0 978 13
6 6 978 19
13 0 353 12
13 13 353 6
9 12 1058 6
9 9 1058 2
16 16 770 4
1 6 527 9
1 1 527 5
18 9 743 2
18 18 743 1
2 3 813 11
2 2 813 19
5 0 1231 12
5 5 1231 1
8 8 711 3
6 6 438 6
10 4 1027 4
10 10 1027 18
15 15 977 1
13 13 1087 4
14 14 581 13
4 4 232 13
5 5 689 2
9 9 227 5
9 9 694 2
13 13 731 2
16 16 1217 1
16 16 91 10
18 19 371 14
18 18 371 1
18 18 1106 2
10 0 1020 1
10 10 1020 7
13 8 556 5
13 13 556 3
14 1 255 6
14 14 255 1
13 14 1304 1
13 13 1304 9
16 12 1256 9
16 16 1256 3
3 3 33 4
2 2 1428 1
9 9 1424 3
9 13 1067 7
9 9 1067 10
2 2 179 3
14 18 788 3
14 14 788 14
17 1 72 14
17 17 72 2
18 18 1195 4
1 12 1377 9
1 1 1377 3
14 11 848 13
14 14 848 4
8 2 1209 4
8 8 1209 18
7 7 53 12
7 7 1359 5
11 18 62 14
11 11 62 8
3 3 1284 5
17 5 896 11
17 17 896 10
14 12 594 11
14 14 594 5
0 0 882 67
18 2 625 8
18 18 625 4
2 2 727 6
9 19 1394 6
9 9 1394 3
9 9 745 20
4 9 591 4
4 4 591 15
15 2 58 4
15 15 58 1
1 7 895 6
1 1 895 5
0 0 993 12
18 8 1408 8
18 18 1408 3
18 14 1101 4
18 18 1101 3
5 14 715 7
5 5 715 8
10 10 560 5
7 7 1133 4
13 10 549 7
13 13 549 6
12 12 1144 9
15 11 764 9
15 15 764 55
2 18 1197 13
2 2 1197 3
14 12 751 10
14 14 751 2
3 3 944 4
18 14 378 14
18 18 378 1
7 7 1335 8
18 9 967 14
18 18 967 1
14 7 682 10
14 14 682 4
17 17 134 1
1 8 537 9
1 1 537 4
14 8 1304 8
14 14 1304 1
18 11 1186 8
18 18 1186 9
8 11 1387 2
8 8 1387 8
6 6 1290 4
11 11 1245 15
13 12 466 9
13 13 466 2
18 11 466 11
18 18 466 2
2 2 686 29
3 7 667 1
3 3 667 3
9 17 378 9
9 9 378 4
11 11 1322 13
14 3 1200 10
14 14 1200 1
13 0 152 8
13 13 152 9
11 9 1159 1
11 11 1159 21
15 15 418 4
19 19 507 6
5 18 121 4
5 5 121 3
5 5 564 2
9 15 126 1
9 9 126 6
3 3 990 6
11 7 277 1
11 11 277 18
17 3 1293 10
17 17 1293 25
19 19 181 8
11 12 1184 1
11 11 1184 10
7 0 1149 12
7 7 1149 9
5 18 581 9
5 5 581 5
10 3 881 5
10 10 881 1
19 19 1400 3
13 16 943 10
13 13 943 12
13 10 1232 1
13 13 1232 10
1 1 943 8
18 11 7 8
18 18 7 7
1 1 197 11
18 1 1181 2
18 18 1181 5
1 4 1395 4
1 1 1395 1
3 3 627 13
3 19 966 14
3 3 966 3
6 3 854 1
6 6 854 2
10 9 704 5
10 10 704 3
12 12 776 5
18 15 461 12
18 18 461 1
1 18 118 2
1 1 118 20
3 19 640 5
3 3 640 5
6 6 668 18
5 0 871 11
5 5 871 2
11 1 1315 3
11 11 1315 3
13 10 348 11
13 13 348 3
16 3 64 6
16 16 64 2
2 0 1292 1
2 2 1292 6
2 2 418 3
1 1 1053 5
4 16 799 5
4 4 799 11
3 9 54 5
3 3 54 10
0 13 57 4
0 0 57 7
9 13 582 5
9 9 582 6
5 6 1389 4
5 5 1389 6
6 15 958 11
6 6 958 2
4 8 1165 9
4 4 1165 11
4 4 261 7
7 7 1108 7
9 2 1419 13
9 9 1419 3
10 10 1108 11
16 16 1039 5
14 1 452 4
14 14 452 4
12 12 1277 21
1 1 619 7
2 3 196 14
2 2 196 19
1 9 1396 13
1 1 1396 9
5 16 1059 9
5 5 1059 5
8 5 1198 7
8 8 1198 11
8 7 739 5
8 8 739 9
10 17 838 7
10 10 838 5
14 2 505 14
14 14 505 1
16 16 358 4
14 8 498 10
14 14 498 5
16 16 1021 2
0 0 274 13
1 6 388 2
1 1 388 12
1 1 81 5
11 0 1230 2
11 11 1230 15
6 3 216 13
6 6 216 7
6 6 301 1
18 17 1388 13
18 18 1388 4
11 15 751 13
11 11 751 22
13 8 767 7
13 13 767 10
14 14 425 5
16 16 71 6
15 14 659 9
15 15 659 2
0 0 775 4
1 1 1046 1
4 11 774 3
4 4 774 17
3 17 790 1
3 3 790 1
5 11 674 8
5 5 674 15
14 7 1069 7
14 14 1069 7
17 1 834 3
17 17 834 10
16 11 667 4
16 16 667 1
15 3 285 6
15 15 285 11
5 14 701 13
5 5 701 3
6 6 1388 5
6 9 945 7
6 6 945 2
10 10 867 8
5
18 2 462
12 11 397
2 15 594
12 5 369
2 11 126
