20 5311
11 11 400 1
12 11 354 14
12 12 354 1
17 11 1416 8
17 17 1416 10
14 12 74 4
14 14 74 6
0 8 575 13
0 0 575 4
1 1 1357 8
4 4 751 2
9 9 1309 7
13 13 818 13
12 1 1355 10
12 12 1355 1
2 14 1391 14
2 2 1391 1
18 16 904 2
18 18 904 3
4 18 203 1
4 4 203 1
4 5 1117 7
4 4 1117 2
8 8 142 30
13 13 131 6
0 0 408 1
19 19 965 10
4 8 1260 9
4 4 1260 2
7 7 1105 6
14 14 162 3
16 13 658 1
16 16 658 21
18 18 225 1
3 16 940 5
3 3 940 4
11 11 1128 9
11 11 962 8
17 17 1409 7
18 16 423 12
18 18 423 4
19 19 748 6
4 0 726 6
4 4 726 1
3 3 614 2
19 19 45 4
13 13 811 7
1 1 370 15
1 1 803 1
18 18 899 5
6 6 202 5
7 7 626 10
14 0 200 11
14 14 200 1
13 13 188 9
17 14 758 11
17 17 758 1
19 19 1270 9
1 1 263 4
2 13 1016 14
2 2 1016 1
4 17 321 9
4 4 321 1
8 8 565 23
14 15 1087 2
14 14 1087 3
13 13 13 26
14 14 165 1
2 2 1160 3
1 1 176 3
18 18 1390 13
5 15 1165 3
5 5 1165 7
4 5 923 6
4 4 923 16
6 6 1374 18
3 9 1384 14
3 3 1384 11
4 5 1402 2
4 4 1402 7
10 10 1089 13
12 12 272 2
12 9 1258 10
12 12 1258 11
16 16 851 51
2 2 1083 1
18 8 564 1
18 18 564 2
2 7 794 6
2 2 794 1
4 6 733 2
4 4 733 4
8 8 1294 4
16 16 185 2
9 9 161 26
16 16 1342 7
17 18 583 10
17 17 583 2
16 16 994 1
1 3 804 7
1 1 804 10
1 1 82 5
4 4 876 5
3 3 764 10
5 15 859 14
5 5 859 4
7 7 619 7
13 13 320 10
14 2 1184 5
14 14 1184 1
6 6 1211 20
19 19 1279 2
2 6 390 12
2 2 390 3
2 13 1011 7
2 2 1011 1
2 12 572 5
2 2 572 11
4 13 328 10
4 4 328 8
4 15 1234 12
4 4 1234 4
2 2 1149 6
11 11 310 6
12 0 709 4
12 12 709 4
3 3 1360 9
14 7 737 8
14 14 737 1
14 8 858 4
14 14 858 3
2 1 1155 8
2 2 1155 5
17 15 109 3
17 17 109 4
4 4 1377 3
7 7 1289 2
12 12 1249 3
1 19 908 7
1 1 908 5
0 0 761 8
18 3 1272 1
18 18 1272 5
4 4 708 3
4 8 17 10
4 4 17 7
8 8 842 4
6 6 1323 19
18 17 6 14
18 18 6 1
12 2 81 9
12 12 81 2
14 14 1312 3
12 10 1392 12
12 12 1392 2
17 1 410 1
17 17 410 2
19 19 1175 17
0 0 803 15
3 3 357 24
19 19 875 1
3 14 741 9
3 3 741 1
4 2 1098 2
4 4 1098 1
6 6 265 15
13 19 174 9
13 13 174 14
17 19 1181 11
17 17 1181 25
12 12 1409 10
18 14 187 7
18 18 187 9
5 5 708 5
2 10 567 10
2 2 567 5
4 8 1018 8
4 4 1018 3
3 15 1225 14
3 3 1225 3
4 5 1241 9
4 4 1241 5
7 7 351 18
9 4 900 1
9 9 900 6
10 10 26 18
12 12 183 3
15 15 303 13
14 0 861 10
14 14 861 3
2 8 1178 2
2 2 1178 9
2 12 893 12
2 2 893 14
5 3 464 1
5 5 464 1
5 7 939 14
5 5 939 2
10 10 775 4
14 14 38 19
2 16 1037 12
2 2 1037 2
16 16 928 1
4 17 707 1
4 4 707 1
4 4 24 7
6 6 812 11
9 9 1337 51
10 9 1417 5
10 10 1417 1
14 14 522 2
0 3 826 8
0 0 826 4
2 18 489 10
2 2 489 3
2 2 82 5
5 18 845 7
5 5 845 13
19 16 1339 12
19 19 1339 5
11 11 768 1
1 1 362 8
4 0 993 12
4 4 993 1
5 2 72 10
5 5 72 7
13 13 1369 25
16 16 1349 2
4 4 571 3
4 15 112 6
4 4 112 2
8 8 1257 12
1 1 756 29
14 7 610 1
14 14 610 1
18 4 545 9
18 18 545 6
11 3 680 8
11 11 680 3
12 0 71 3
12 12 71 7
12 7 396 10
12 12 396 3
16 16 983 11
2 19 1354 1
2 2 1354 1
2 2 480 3
4 4 150 13
5 5 32 4
9 9 402 33
10 10 189 28
11 11 825 5
18 3 1044 2
18 18 1044 7
17 0 722 7
17 17 722 1
18 0 173 4
18 18 173 4
19 19 563 6
2 1 521 9
2 2 521 3
4 16 1000 4
4 4 1000 7
5 9 433 2
5 5 433 6
7 4 792 11
7 7 792 8
12 9 754 2
12 12 754 1
16 16 347 15
4 18 556 8
4 4 556 5
0 11 234 8
0 0 234 4
1 1 156 3
18 10 1362 8
18 18 1362 6
4 0 546 12
4 4 546 8
9 9 332 60
11 17 592 6
11 11 592 9
12 12 833 1
14 2 613 9
14 14 613 8
10 10 136 4
8 8 1322 4
5 16 152 13
5 5 152 12
9 9 1323 12
12 3 1309 3
12 12 1309 6
13 13 1129 16
19 19 20 2
0 3 1186 14
0 0 1186 6
18 19 1260 10
18 18 1260 12
3 13 728 14
3 3 728 11
5 15 740 11
5 5 740 9
11 11 830 9
15 15 1246 10
14 11 338 6
14 14 338 3
14 14 903 6
18 12 881 6
18 18 881 3
2 19 512 7
2 2 512 9
8 8 1032 6
5 0 629 5
5 5 629 1
7 7 330 6
7 1 732 11
7 7 732 4
12 7 1078 12
12 12 1078 3
17 17 356 4
14 12 822 7
14 14 822 4
2 15 285 14
2 2 285 1
3 11 547 5
3 3 547 14
5 4 459 8
5 5 459 5
1 1 600 7
16 16 1111 26
17 15 1119 13
17 17 1119 11
15 15 427 10
18 13 509 9
18 18 509 3
0 1 144 12
0 0 144 4
18 11 1244 12
18 18 1244 1
3 3 688 8
8 8 240 13
9 9 198 8
10 10 220 13
12 13 117 14
12 12 117 7
12 12 1300 1
0 16 783 13
0 0 783 5
0 0 1396 9
18 18 1135 8
1 1 1069 4
3 3 589 4
8 2 266 6
8 8 266 10
17 8 889 6
17 17 889 10
14 7 341 5
14 14 341 2
18 3 159 5
18 18 159 7
0 13 958 12
0 0 958 14
19 12 138 14
19 19 138 8
19 19 577 42
18 10 238 7
18 18 238 4
19 19 822 4
9 9 651 7
18 6 1286 14
18 18 1286 2
6 6 450 2
7 9 927 14
7 7 927 8
17 17 813 2
10 10 491 2
12 12 887 3
14 13 2 11
14 14 2 11
13 13 1034 2
19 19 1099 4
18 18 65 15
0 0 732 3
19 19 360 41
5 15 1124 6
5 5 1124 4
4 0 252 1
4 4 252 2
10 10 650 34
11 10 735 1
11 11 735 9
12 5 933 14
12 12 933 5
13 13 890 1
17 17 568 3
12 3 1299 2
12 12 1299 1
14 14 538 19
3 3 710 6
8 8 305 19
6 6 425 1
11 1 812 14
11 11 812 13
18 4 988 6
18 18 988 3
19 19 147 36
19 19 1021 13
5 9 428 8
5 5 428 2
12 1 913 7
12 12 913 1
9 9 636 15
13 13 913 8
14 13 154 9
14 14 154 6
16 16 730 8
0 17 255 8
0 0 255 5
19 19 256 8
2 10 856 1
2 2 856 9
8 8 1392 1
6 6 880 7
3 0 646 4
3 3 646 12
11 11 583 1
17 3 1097 12
17 17 1097 3
16 16 932 10
3 1 235 1
3 3 235 12
3 15 1141 7
3 3 1141 3
18 19 1103 3
18 18 1103 3
7 8 549 1
7 7 549 9
11 9 155 6
11 11 155 2
0 0 424 15
5 6 4 6
5 5 4 7
17 19 1131 2
17 17 1131 17
7 7 288 4
11 11 232 5
18 12 786 8
18 18 786 2
17 19 702 13
17 17 702 6
18 7 858 10
18 18 858 2
3 0 50 6
3 3 50 13
4 3 281 8
4 4 281 11
8 8 1197 11
12 12 329 1
17 1 772 13
17 17 772 19
18 17 551 13
18 18 551 5
0 9 571 11
0 0 571 4
2 11 230 7
2 2 230 1
3 3 1005 21
6 17 875 13
6 6 875 5
10 10 358 3
14 17 1382 14
14 14 1382 2
13 13 422 11
14 1 1114 13
14 14 1114 4
18 0 636 4
18 18 636 17
18 1 1336 3
18 18 1336 4
5 5 1110 5
5 5 252 1
12 10 98 3
12 12 98 19
14 10 1297 14
14 14 1297 7
12 5 1012 5
12 12 1012 2
15 3 632 3
15 15 632 33
13 10 1406 1
13 13 1406 3
0 5 788 1
0 0 788 15
3 17 353 3
3 3 353 1
10 10 527 1
0 13 41 9
0 0 41 2
7 3 1150 12
7 7 1150 2
11 8 225 2
11 11 225 7
12 19 574 3
12 12 574 3
14 14 302 9
17 17 250 2
2 4 955 12
2 2 955 8
4 4 638 2
1 1 272 12
8 8 633 7
4 4 1194 10
11 17 382 1
11 11 382 8
12 8 320 4
12 12 320 6
5 9 1230 3
5 5 1230 1
4 19 1337 7
4 4 1337 14
19 19 1383 14
14 7 1155 3
14 14 1155 3
14 14 23 15
18 11 1216 3
18 18 1216 1
5 5 229 9
11 11 1343 10
17 6 791 9
17 17 791 11
12 12 25 1
14 9 1304 12
14 14 1304 1
17 8 1236 6
17 17 1236 5
12 13 1336 5
12 12 1336 5
17 16 98 1
17 17 98 5
19 19 57 7
4 4 803 2
3 3 1264 1
4 16 1026 12
4 4 1026 1
9 14 518 4
9 9 518 1
7 2 1143 6
7 7 1143 2
5 5 953 38
3 3 32 2
5 5 391 5
10 10 844 13
10 10 1404 3
16 16 1051 7
17 9 313 12
17 17 313 17
2 18 1090 12
2 2 1090 10
18 18 1192 14
2 2 805 3
5 2 1079 5
5 5 1079 1
6 6 1231 46
8 10 1210 10
8 8 1210 21
5 17 296 4
5 5 296 6
11 12 452 7
11 11 452 32
12 1 462 9
12 12 462 12
17 17 458 45
19 19 1127 3
18 15 933 2
18 18 933 8
0 2 696 13
0 0 696 6
0 17 1261 6
0 0 1261 5
16 14 523 13
16 16 523 19
3 19 661 9
3 3 661 5
3 3 1128 11
4 16 1146 10
4 4 1146 3
9 9 702 26
11 11 142 13
14 5 84 13
14 14 84 5
17 17 1402 6
12 11 1335 8
12 12 1335 1
17 17 91 5
0 0 445 1
0 14 1180 8
0 0 1180 1
2 11 583 1
2 2 583 1
4 7 359 10
4 4 359 6
6 6 562 4
10 10 561 16
17 3 1291 1
17 17 1291 10
12 12 1145 2
1 1 751 5
5 2 1199 3
5 5 1199 2
4 11 502 2
4 4 502 5
19 9 1292 11
19 19 1292 22
11 11 530 3
17 12 1007 7
17 17 1007 15
3 3 152 3
2 2 828 1
3 3 182 3
3 3 525 1
14 14 887 4
4 4 1327 6
10 10 710 26
7 13 1016 2
7 7 1016 5
5 5 164 3
13 13 465 8
14 11 481 3
14 14 481 10
17 17 451 7
2 18 1411 14
2 2 1411 4
0 4 1252 10
0 0 1252 9
2 7 687 6
2 2 687 1
3 8 666 14
3 3 666 21
8 8 816 2
12 19 15 5
12 12 15 4
12 18 993 10
12 12 993 1
2 2 424 6
18 18 1093 1
3 3 811 3
5 2 1058 9
5 5 1058 13
7 7 211 6
10 14 117 3
10 10 117 2
12 12 158 25
12 9 1136 3
12 12 1136 1
16 16 217 20
2 2 1189 1
2 2 347 8
19 19 619 2
4 12 619 1
4 4 619 6
17 15 862 11
17 17 862 13
8 8 419 2
8 8 1056 21
14 14 690 1
1 2 1394 14
1 1 1394 2
4 12 762 7
4 4 762 1
6 6 1209 2
18 13 305 9
18 18 305 3
11 11 664 3
14 6 191 1
14 14 191 3
12 0 508 9
12 12 508 1
17 10 1025 4
17 17 1025 1
18 18 919 3
14 8 1022 9
14 14 1022 1
2 13 125 12
2 2 125 13
5 12 1367 2
5 5 1367 2
3 13 204 2
3 3 204 11
8 8 823 17
7 14 518 8
7 7 518 1
13 13 709 23
17 11 1396 6
17 17 1396 3
17 17 1215 1
14 3 972 13
14 14 972 8
1 1 840 53
0 13 1008 5
0 0 1008 4
2 2 419 5
19 19 515 4
2 15 601 13
2 2 601 9
13 9 221 10
13 13 221 16
5 5 97 4
10 10 918 37
15 15 790 45
2 15 1212 1
2 2 1212 4
0 11 623 3
0 0 623 1
2 2 927 9
11 11 1149 17
18 6 31 13
18 18 31 5
16 16 410 13
17 17 300 4
18 15 434 3
18 18 434 2
1 1 618 21
18 14 712 2
18 18 712 4
4 11 737 7
4 4 737 5
3 3 635 9
4 9 1309 14
4 4 1309 10
10 14 1060 12
10 10 1060 21
14 2 1349 13
14 14 1349 1
18 18 453 2
4 4 1064 2
0 2 1266 14
0 0 1266 7
3 18 309 5
3 3 309 8
18 19 1094 9
18 18 1094 3
11 11 181 3
16 16 1369 5
13 13 137 2
14 10 983 14
14 14 983 7
14 13 1408 9
14 14 1408 23
4 11 348 2
4 4 348 6
5 18 549 9
5 5 549 4
7 10 378 14
7 7 378 4
18 16 320 4
18 18 320 8
9 9 1269 20
12 4 140 10
12 12 140 12
14 1 216 8
14 14 216 7
15 10 129 7
15 15 129 1
0 6 49 3
0 0 49 7
2 4 918 1
2 2 918 1
4 4 918 1
5 5 950 3
11 11 1138 11
11 11 972 12
12 3 355 2
12 12 355 17
12 16 1269 7
12 12 1269 4
18 3 707 2
18 18 707 5
4 6 744 8
4 4 744 1
4 3 37 8
4 4 37 12
2 13 187 1
2 2 187 1
3 8 1418 4
6 10 394 5
6 6 394 8
10 10 268 20
11 11 93 24
18 12 202 14
18 18 202 1
12 4 831 2
12 12 831 2
11 19 1217 2
11 11 1217 2
5 11 529 1
5 5 529 4
12 12 577 6
14 12 990 2
14 14 990 6
0 0 409 8
0 11 974 10
0 0 974 2
4 4 347 1
3 11 1237 8
3 3 1237 3
19 19 814 8
15 15 723 17
13 1 6 5
13 13 6 7
7 2 384 9
7 7 384 6
12 19 1042 14
12 12 1042 2
12 18 679 13
12 12 679 7
5 5 1195 2
19 19 1051 5
19 19 1087 12
2 4 215 9
2 2 215 1
4 18 727 11
4 4 727 1
8 8 658 19
8 9 39 4
8 8 39 7
16 16 1004 34
2 1 1383 13
2 2 1383 3
6 6 1314 8
3 12 1101 5
3 3 1101 8
4 3 1093 2
4 4 1093 1
7 2 408 8
7 7 408 8
7 18 166 11
7 7 166 5
11 11 1353 22
7 7 1080 9
6 5 649 12
6 6 649 30
12 12 51 2
0 0 818 1
15 15 1276 41
8 8 376 17
2 19 1017 4
2 2 1017 14
1 1 1127 5
4 18 322 6
4 4 322 3
6 6 90 52
12 11 130 9
12 12 130 7
12 18 1044 7
12 12 1044 4
13 8 1325 1
13 13 1325 16
8 8 1269 25
18 5 372 8
18 18 372 7
9 9 1002 12
7 13 1246 5
7 7 1246 3
10 10 1102 75
15 15 329 4
13 13 637 15
18 2 104 8
18 18 104 6
1 1 32 4
2 7 174 3
2 2 174 3
2 13 795 10
2 2 795 5
3 7 155 10
3 3 155 1
8 8 46 16
10 10 318 1
16 16 1156 11
17 17 605 3
16 14 995 4
16 16 995 9
2 12 1406 13
2 2 1406 2
3 3 1202 23
5 6 858 13
5 5 858 1
11 11 789 12
14 0 936 9
14 14 936 4
0 0 407 1
0 3 1281 4
0 0 1281 4
2 18 1008 14
2 2 1008 3
14 3 390 10
14 14 390 13
3 3 625 10
7 7 282 6
4 4 385 5
15 15 874 9
17 8 383 10
17 17 383 1
5 6 1344 9
5 5 1344 6
5 2 470 5
5 5 470 4
5 5 929 7
11 11 556 2
11 11 390 10
12 12 264 2
15 1 342 6
15 15 342 5
0 3 320 6
0 0 320 5
0 3 181 1
0 0 181 1
18 1 556 10
18 18 556 2
8 8 640 5
9 9 1335 2
12 12 804 10
17 17 598 1
2 10 1401 10
2 2 1401 5
4 17 1099 9
4 4 1099 3
5 18 835 1
5 5 835 1
7 17 611 8
7 7 611 2
11 11 209 1
12 13 33 11
12 12 33 7
1 1 685 39
10 10 474 17
2 2 564 3
15 15 883 3
15 15 229 52
18 13 203 13
18 18 203 1
1 1 129 13
1 1 1343 14
5 5 1353 14
6 6 1353 3
3 3 1369 15
5 13 938 8
5 5 938 1
11 10 549 12
11 11 549 3
12 8 263 13
12 12 263 1
15 15 1077 8
14 11 664 3
14 14 664 6
12 12 782 2
2 2 1034 2
0 0 753 4
14 18 1071 14
14 14 1071 1
3 3 604 2
10 10 288 9
11 13 690 1
11 11 690 19
12 12 1384 3
2 11 1392 14
2 2 1392 1
0 12 1237 12
0 0 1237 7
3 3 278 2
8 14 1420 11
8 8 1420 2
5 12 38 13
5 5 38 6
6 6 188 4
10 10 179 10
14 14 1126 1
17 17 1173 8
17 1 35 7
17 17 35 5
2 12 1251 1
2 2 1251 2
0 15 938 11
0 0 938 7
2 1 409 9
2 2 409 3
14 10 996 5
14 14 996 3
4 4 994 1
8 8 1051 3
5 0 439 2
5 5 439 1
8 8 485 65
7 7 802 2
7 7 745 4
7 7 1204 34
12 11 756 12
12 12 756 2
17 17 806 7
0 12 20 5
0 0 20 6
18 16 1368 1
18 18 1368 2
3 4 564 7
3 3 564 15
5 11 836 3
5 5 836 9
4 16 1360 9
4 4 1360 17
7 7 947 1
12 6 318 9
12 12 318 2
12 4 1322 5
12 12 1322 11
14 3 611 3
14 14 611 2
18 4 739 4
18 18 739 6
1 1 11 7
19 19 340 19
5 16 924 8
5 5 924 5
4 4 715 3
11 11 683 5
8 8 1022 4
14 12 530 13
14 14 530 6
2 8 1355 9
2 2 1355 7
18 18 996 2
4 4 858 5
5 19 47 10
5 5 47 7
10 10 980 17
17 19 49 8
17 17 49 6
10 10 1280 4
17 2 1166 10
17 17 1166 7
17 17 721 1
8 8 1026 5
12 0 755 6
12 12 755 1
17 17 354 2
17 18 1325 4
17 17 1325 7
8 8 1169 2
8 8 550 1
6 6 465 10
12 3 834 10
12 12 834 1
17 3 936 12
17 17 936 10
2 9 1052 1
2 2 1052 1
5 14 1337 1
5 5 1337 7
3 17 247 3
3 3 247 4
7 5 569 10
7 7 569 2
12 3 127 6
12 12 127 3
16 16 1248 28
14 6 416 9
14 14 416 2
15 15 466 53
18 3 274 4
18 18 274 2
18 9 991 1
18 18 991 1
2 13 37 13
2 2 37 16
2 2 622 2
4 4 833 7
19 19 1123 4
12 12 1132 1
13 13 216 5
17 17 1159 2
17 17 29 6
0 3 952 14
0 0 952 6
5 5 1284 1
5 10 1299 13
5 5 1299 2
4 6 301 10
4 4 301 1
5 5 441 5
10 10 507 20
10 10 1178 15
12 15 349 4
12 12 349 2
15 15 1427 8
13 4 628 12
13 13 628 9
2 2 839 14
5 1 1257 3
5 5 1257 17
5 5 458 1
10 10 817 17
11 11 584 8
18 17 39 1
18 18 39 5
13 13 700 9
14 14 621 16
18 8 1245 12
18 18 1245 1
14 14 1338 1
5 5 1146 8
5 5 347 10
4 5 631 3
4 4 631 2
19 19 1397 11
14 5 1224 3
14 14 1224 4
13 3 832 2
13 13 832 4
12 14 1301 4
12 12 1301 4
17 1 389 6
17 17 389 8
19 19 1202 9
18 18 982 2
2 1 617 1
2 2 617 2
4 17 840 9
4 4 840 18
4 7 133 11
4 4 133 2
12 7 197 8
12 12 197 1
17 17 888 1
0 0 74 2
18 6 873 7
18 18 873 1
17 5 698 10
17 17 698 4
4 12 991 7
4 4 991 1
9 9 935 6
7 4 1187 7
7 7 1187 4
12 19 746 8
12 12 746 8
12 17 340 10
12 12 340 2
0 0 249 2
0 0 558 5
18 18 1349 2
1 1 1307 13
12 13 299 9
12 12 299 19
16 16 942 3
19 19 440 2
18 10 523 6
18 18 523 6
19 19 798 3
3 4 696 12
3 3 696 13
2 2 30 1
9 10 206 14
9 9 206 2
12 12 442 16
17 8 759 3
17 17 759 3
14 14 999 1
19 19 1211 8
18 19 977 6
18 18 977 5
2 2 458 4
6 10 443 9
6 6 443 7
13 13 1239 12
11 11 242 15
12 19 252 4
12 12 252 3
12 13 521 14
12 12 521 1
17 17 708 5
19 9 146 5
19 19 146 1
5 7 1285 4
5 5 1285 12
3 3 854 6
8 8 588 25
5 1 614 3
5 5 614 7
10 10 493 4
11 11 323 19
12 5 339 8
12 12 339 1
12 13 664 5
12 12 664 8
14 14 769 11
18 18 38 1
0 19 549 14
0 0 549 3
8 8 1393 4
5 12 316 10
5 5 316 2
6 6 442 1
10 10 803 14
9 9 825 46
11 11 13 4
17 6 914 13
17 17 914 15
12 14 1204 2
12 12 1204 1
14 1 639 7
14 14 639 1
0 0 314 6
0 13 879 13
0 0 879 5
5 5 553 1
1 1 1165 32
10 10 690 20
14 3 1242 5
14 14 1242 1
17 17 1241 4
12 12 1291 4
10 10 107 7
19 19 42 3
14 15 1350 4
14 14 1350 13
18 3 1360 9
18 18 1360 2
7 7 693 18
2 4 372 13
2 2 372 2
12 12 794 5
7 7 432 15
15 15 98 14
12 19 330 9
12 12 330 3
1 1 564 2
2 5 231 7
2 2 231 13
4 19 519 5
4 4 519 2
4 2 92 9
4 4 92 5
3 4 1004 3
3 3 1004 1
5 5 293 1
13 13 421 1
14 9 13 7
14 14 13 10
0 12 683 10
0 0 683 13
17 7 403 13
17 17 403 7
4 8 227 13
4 4 227 2
5 17 251 5
5 5 251 1
4 4 1141 1
6 6 332 13
9 9 248 77
11 11 716 9
6 6 702 16
14 4 1245 10
14 14 1245 4
12 12 424 3
2 18 1318 4
2 2 1318 4
2 16 626 13
2 2 626 1
4 4 805 8
3 3 1162 17
7 7 231 26
7 17 1145 14
7 7 1145 5
16 9 96 10
16 16 96 3
17 16 249 10
17 17 249 1
0 0 900 1
2 13 335 1
2 2 335 1
14 14 714 23
8 14 399 4
8 8 399 3
10 10 834 10
7 13 884 7
7 7 884 7
9 9 1023 20
7 9 1166 12
7 7 1166 4
12 8 654 4
12 12 654 4
12 11 1222 11
12 12 1222 5
14 11 787 2
14 14 787 8
18 17 24 5
18 18 24 4
0 0 563 6
2 12 254 6
2 2 254 3
4 10 91 7
4 4 91 1
4 4 1422 6
5 5 302 7
5 5 1017 5
7 19 62 2
7 7 62 5
15 15 1124 6
18 0 1217 10
18 18 1217 15
3 18 687 4
3 3 687 1
5 16 228 9
5 5 228 1
18 18 177 10
6 6 327 5
11 11 1342 1
11 7 709 13
11 11 709 7
14 14 1188 10
14 14 1305 1
1 11 1132 5
1 1 1132 24
16 16 850 1
18 4 1415 1
18 18 1415 7
7 13 1388 6
7 7 1388 36
4 0 377 4
4 4 377 8
2 1 1336 7
2 2 1336 14
4 4 1027 4
7 12 1142 3
7 7 1142 1
14 4 253 1
14 14 253 5
18 11 128 14
18 18 128 7
2 19 947 4
2 2 947 8
4 12 614 11
4 4 614 3
4 18 947 1
4 4 947 2
4 12 264 8
4 4 264 5
5 5 390 1
8 8 438 9
17 18 929 12
17 17 929 2
17 6 131 11
17 17 131 17
18 6 19 10
18 18 19 4
2 2 802 3
6 7 431 1
6 6 431 6
10 10 361 31
6 6 744 8
12 11 788 13
12 12 788 6
16 13 453 10
16 16 453 22
16 16 906 13
1 1 439 26
19 19 826 9
3 9 193 1
3 3 193 8
10 10 687 3
13 17 157 6
13 13 157 5
0 0 446 4
2 2 430 2
0 9 1181 6
0 0 1181 1
5 4 713 2
5 5 713 14
7 7 270 12
7 7 672 9
11 11 286 12
12 12 224 4
5 12 1202 3
5 5 1202 2
14 3 313 4
14 14 313 2
2 14 1195 7
2 2 1195 7
18 18 836 1
18 18 1297 15
14 4 1368 9
14 14 1368 7
3 14 511 11
3 3 511 10
8 15 1171 14
8 8 1171 8
7 18 1329 14
7 7 1329 3
11 11 984 2
12 3 375 11
12 12 375 5
18 18 727 2
18 2 1184 6
18 18 1184 1
2 11 829 1
2 2 829 3
3 3 185 5
4 9 390 2
4 4 390 4
15 15 1130 2
16 16 60 36
0 1 262 1
0 0 262 4
18 18 1075 1
19 10 835 9
19 19 835 7
16 16 766 30
5 2 673 4
5 5 673 34
9 9 19 1
9 9 1401 7
14 14 1206 6
12 0 994 13
12 12 994 4
17 1 520 4
17 17 520 10
18 10 1422 3
18 18 1422 3
2 11 18 5
2 2 18 5
3 0 810 8
3 3 810 1
8 8 469 3
9 9 124 4
10 10 114 3
5 17 54 14
5 5 54 5
12 9 548 4
12 12 548 2
12 17 1137 11
12 12 1137 6
15 15 178 28
4 18 1090 3
4 4 1090 3
19 19 183 52
8 8 1364 12
6 9 1392 9
6 6 1392 26
8 8 623 10
6 0 14 2
6 6 14 4
10 10 392 7
9 9 1408 2
14 14 691 3
1 1 941 3
0 0 211 11
2 6 820 6
2 2 820 2
3 5 190 6
3 3 190 2
7 7 37 2
11 11 667 13
12 12 509 12
15 15 1139 4
1 1 990 52
1 1 385 9
4 6 199 3
4 4 199 3
18 19 430 10
18 18 430 1
5 15 869 5
5 5 869 16
10 10 593 57
11 12 1181 14
11 11 1181 5
11 11 744 23
17 3 513 8
17 17 513 2
2 14 1290 6
2 2 1290 10
0 0 1318 4
19 19 514 1
1 1 1043 6
7 3 1117 11
7 7 1117 22
18 15 780 10
18 18 780 5
14 14 267 4
13 13 518 17
13 2 330 9
13 13 330 6
17 19 507 7
17 17 507 1
2 2 339 3
6 6 1204 2
9 9 1014 9
2 11 1068 11
2 2 1068 5
13 13 793 9
5 1 183 6
5 5 183 13
5 16 258 6
5 5 258 9
12 12 1196 8
12 12 769 1
17 3 617 8
17 17 617 2
0 9 857 14
0 0 857 7
18 18 1061 14
1 1 1275 32
4 6 881 12
4 4 881 9
4 3 1104 5
4 4 1104 1
17 14 851 13
17 17 851 11
18 18 945 3
12 13 587 5
12 12 587 15
14 14 355 6
14 1 980 10
14 14 980 3
18 18 341 3
1 1 267 5
2 0 996 5
2 2 996 2
4 4 1255 5
9 9 1268 1
14 8 1075 5
14 14 1075 11
16 16 259 5
17 7 651 8
17 17 651 20
2 2 919 3
4 4 919 1
5 4 506 9
5 5 506 23
7 7 722 10
12 11 284 14
12 12 284 1
13 13 106 4
15 15 911 24
1 7 213 6
1 1 213 11
4 1 745 11
4 4 745 6
5 7 267 3
5 5 267 19
4 5 1285 12
4 4 1285 9
8 8 1237 5
13 13 473 38
15 15 1089 1
17 8 610 7
17 17 610 1
17 17 437 3
19 19 854 21
3 3 317 7
3 3 1095 5
4 14 1119 7
4 4 1119 17
9 9 1388 10
12 12 53 13
7 7 868 1
18 3 332 13
18 18 332 1
2 2 434 10
3 7 1236 2
3 3 1236 1
4 4 1262 4
7 0 370 13
7 7 370 6
19 19 801 13
14 14 160 2
14 17 277 8
14 14 277 5
11 11 1375 27
2 0 1167 6
2 2 1167 7
1 1 189 24
5 17 1154 7
5 5 1154 3
19 19 250 6
8 8 1231 6
5 5 483 8
9 9 992 9
9 9 1102 4
12 12 283 1
13 13 99 7
17 17 285 11
1 3 944 4
1 1 944 21
18 9 110 14
18 18 110 1
0 5 749 10
0 0 749 4
3 5 616 11
3 3 616 9
8 8 862 1
5 5 372 5
10 10 763 12
12 18 823 14
12 12 823 4
12 19 1404 4
12 12 1404 2
7 7 598 13
18 17 897 4
18 18 897 1
2 2 688 15
18 7 1182 4
18 18 1182 2
3 14 1100 7
3 3 1100 1
4 8 1094 6
4 4 1094 4
12 14 44 13
12 12 44 7
3 6 526 1
3 3 526 9
3 3 774 11
11 19 1042 9
11 11 1042 18
11 11 876 16
14 11 171 10
14 14 171 20
14 16 849 1
14 14 849 5
2 6 316 7
2 2 316 7
2 11 873 3
2 2 873 4
4 12 901 13
4 4 901 6
4 9 1380 8
4 4 1380 1
9 9 1001 1
7 14 1298 14
7 7 1298 6
7 15 1241 3
7 7 1241 5
12 3 274 12
12 12 274 4
12 12 1252 3
14 12 655 9
14 14 655 8
0 12 330 4
0 0 330 3
0 15 740 8
0 0 740 9
0 4 1065 4
0 0 1065 3
2 13 792 10
2 2 792 2
5 16 1052 6
5 5 1052 1
3 1 593 14
3 3 593 11
3 1 1060 13
3 3 1060 35
18 3 501 1
18 18 501 3
10 10 738 25
10 10 319 19
11 2 74 1
11 11 74 19
12 6 84 5
12 12 84 1
13 13 802 3
12 1 814 5
12 12 814 1
0 19 505 7
0 0 505 12
3 3 429 7
2 1 651 6
2 2 651 13
7 14 613 8
7 7 613 2
11 19 788 13
11 11 788 1
10 10 1300 11
17 6 48 2
17 17 48 1
2 2 1262 17
0 3 989 3
0 0 989 4
4 2 1021 13
4 4 1021 5
10 10 452 22
7 7 1089 1
12 12 186 3
12 12 1036 2
18 0 898 2
18 18 898 1
3 3 114 2
7 8 1291 3
7 7 1291 7
7 7 1238 3
11 11 441 11
13 13 970 43
17 7 592 6
17 17 592 6
17 18 271 11
17 17 271 11
0 0 182 3
0 6 1056 4
0 0 1056 7
5 18 1029 1
5 5 1029 15
5 4 817 10
5 5 817 17
12 12 1087 1
12 9 83 8
12 12 83 1
16 16 1276 15
17 4 1026 1
17 17 1026 18
12 0 1394 14
12 12 1394 10
1 1 819 7
0 8 1386 7
0 0 1386 10
2 19 89 6
2 2 89 1
8 8 987 25
5 5 759 6
4 9 1409 1
4 4 1409 7
10 10 1311 1
14 12 1180 8
14 14 1180 4
15 15 1229 10
16 16 165 1
0 9 980 2
0 0 980 5
5 5 1319 10
18 18 260 5
7 1 804 10
7 7 804 13
7 7 755 37
12 10 766 13
12 12 766 3
14 14 750 3
0 7 30 9
0 0 30 9
0 15 579 4
0 0 579 17
2 2 270 2
3 15 123 7
3 3 123 10
5 3 1352 8
5 5 1352 1
6 10 915 3
6 6 915 3
17 9 1322 13
17 17 1322 1
12 2 256 14
12 12 256 2
12 8 845 1
12 12 845 5
17 17 256 7
0 0 344 1
0 18 1063 12
0 0 1063 2
2 7 746 9
2 2 746 1
3 4 136 7
3 3 136 16
3 8 1042 9
3 3 1042 4
19 19 711 4
14 14 471 3
15 15 463 3
2 1 1393 5
2 2 1393 8
19 19 447 37
1 1 1240 20
1 1 826 14
8 8 172 3
10 2 176 12
10 10 176 3
14 16 1127 10
14 14 1127 3
17 0 1345 2
17 17 1345 17
16 16 609 2
2 1 963 2
2 2 963 3
2 10 524 12
2 2 524 1
4 6 995 10
4 4 995 5
18 9 1160 14
18 18 1160 14
6 6 1019 35
7 16 342 5
7 7 342 4
9 9 582 34
13 7 619 7
13 13 619 9
14 10 753 10
14 14 753 5
14 0 1090 6
14 14 1090 14
17 4 508 2
17 17 508 5
0 12 1423 14
4 13 114 1
4 4 114 19
11 11 439 2
15 15 1085 3
0 0 713 1
5 4 1143 1
5 5 1143 3
6 6 1295 5
14 14 1279 8
14 8 478 7
14 14 478 2
0 11 819 6
0 0 819 3
3 3 286 3
6 11 1054 6
6 6 1054 6
6 6 611 6
19 19 1120 3
9 9 43 48
8 8 895 13
12 4 938 1
12 12 938 4
16 16 147 10
0 16 930 12
0 0 930 3
14 13 891 12
14 14 891 5
15 17 1090 10
15 15 1090 29
10 19 497 8
10 10 497 10
11 11 351 12
6 6 998 7
12 12 1081 4
14 8 813 3
14 14 813 6
5 3 1117 4
5 5 1117 7
6 16 43 14
6 6 43 1
3 3 105 9
8 2 551 12
8 8 551 14
7 16 1379 14
7 7 1379 4
13 13 1013 5
12 13 835 1
12 12 835 10
16 16 945 34
0 14 342 13
0 0 342 2
2 12 1053 10
2 2 1053 14
18 14 534 4
18 18 534 1
2 0 179 6
2 2 179 4
4 11 8 10
4 4 8 3
2 2 75 6
14 8 1222 9
14 14 1222 2
14 10 1339 9
14 14 1339 3
15 15 614 18
17 17 387 2
0 12 778 4
0 0 778 5
19 19 22 10
17 7 397 10
17 17 397 4
19 19 896 19
5 4 1409 13
5 5 1409 3
18 15 289 3
18 18 289 16
7 2 130 12
7 7 130 14
10 10 1348 22
13 13 215 1
17 6 713 5
17 17 713 2
14 4 901 6
14 14 901 2
0 18 116 6
0 0 116 28
0 0 1405 3
4 11 302 8
4 4 302 6
5 11 440 12
5 5 440 1
5 5 627 2
11 11 1079 3
14 14 142 3
13 15 1214 11
13 13 1214 25
0 9 552 9
0 0 552 3
4 4 445 8
17 5 1426 2
4 18 1351 6
4 4 1351 7
12 19 890 6
12 12 890 1
14 14 57 13
15 15 437 8
18 19 529 1
18 18 529 5
2 14 138 4
2 2 138 4
6 6 1145 14
14 9 1265 4
14 14 1265 9
5 5 789 2
5 5 749 6
18 18 266 8
0 0 769 9
2 12 496 7
2 2 496 5
8 8 16 11
3 3 268 10
13 19 401 12
13 13 401 16
10 10 528 1
10 10 173 3
9 9 1187 46
12 5 198 7
12 12 198 2
17 17 1332 10
14 1 230 13
14 14 230 23
19 19 1314 25
2 2 355 3
2 2 940 7
7 7 1186 1
14 19 145 2
14 14 145 1
17 11 715 1
17 17 715 1
14 12 831 14
14 14 831 18
18 16 44 13
18 18 44 21
1 1 236 7
18 13 1346 9
18 18 1346 3
5 2 1233 10
5 5 1233 3
6 18 1322 7
6 6 1322 1
4 7 1358 9
4 4 1358 1
7 16 921 9
7 7 921 6
11 11 23 51
17 17 1110 3
1 1 179 9
1 1 1163 2
4 4 254 4
5 12 798 6
5 5 798 2
7 7 558 11
14 14 194 6
18 18 953 19
13 13 888 2
14 14 311 2
19 3 36 2
19 19 36 6
18 18 1124 2
17 17 241 6
3 3 1183 17
9 9 395 7
12 0 522 13
12 12 522 20
0 11 951 11
0 0 951 1
18 11 1322 14
18 18 1322 7
7 15 1428 7
4 17 967 2
4 4 967 14
8 8 1080 18
18 4 914 4
18 18 914 2
17 17 769 3
0 0 241 3
18 10 1213 2
18 18 1213 3
3 3 92 13
8 8 732 2
4 0 1333 5
4 4 1333 4
7 1 459 7
7 7 459 14
18 12 218 2
18 18 218 7
2 8 677 6
2 2 677 1
12 0 872 12
12 12 872 1
12 12 1205 2
19 19 1106 10
0 18 864 12
0 0 864 7
2 14 156 4
2 2 156 1
4 17 229 12
4 4 229 2
3 18 644 9
3 3 644 2
8 8 683 6
1 1 1320 19
11 11 157 15
14 14 1243 2
17 17 547 1
19 19 1219 51
0 1 1348 9
0 0 1348 5
2 6 15 11
2 2 15 3
8 11 1321 1
8 8 1321 1
11 11 1424 2
14 15 293 10
14 14 293 5
4 4 625 3
18 18 1357 3
3 3 1301 11
8 8 393 6
15 15 206 14
8 8 276 4
2 2 453 5
15 15 220 9
7 8 1370 13
7 7 1370 5
12 2 474 6
12 12 474 5
15 15 981 18
0 0 871 8
12 8 278 2
12 12 278 5
2 5 704 4
2 2 704 5
4 9 1142 6
4 4 1142 2
11 11 1336 6
12 12 1014 14
17 17 548 5
0 0 417 6
2 7 6 5
2 2 6 5
2 7 627 13
2 2 627 1
13 13 433 5
5 5 11 21
8 8 1242 11
12 17 243 9
12 12 243 4
0 13 901 12
0 0 901 10
4 10 949 6
4 4 949 18
4 18 258 8
4 4 258 6
6 6 26 2
11 11 368 14
1 1 524 3
18 3 738 9
18 18 738 1
2 3 808 6
2 2 808 6
8 8 1376 7
6 11 437 4
6 6 437 5
9 9 151 7
13 8 786 12
13 13 786 7
12 12 1195 1
2 11 1423 1
0 0 894 6
2 2 110 2
2 17 731 10
2 2 731 4
4 8 670 7
4 4 670 1
4 17 1149 1
4 4 1149 1
7 3 533 2
7 7 533 16
11 11 139 3
12 14 27 11
12 12 27 3
14 14 388 2
17 13 96 14
17 17 96 2
8 8 74 22
0 0 1005 2
18 1 1316 4
18 18 1316 6
4 19 813 13
4 4 813 7
4 1 1036 7
4 4 1036 14
18 2 931 9
18 18 931 2
16 16 1058 5
16 16 237 7
16 16 690 37
3 3 34 4
5 2 791 11
5 5 791 4
3 3 844 10
6 6 29 14
7 7 1158 8
14 13 109 3
14 14 109 11
11 17 1299 2
11 11 1299 23
14 7 795 7
14 14 795 4
0 10 523 4
0 0 523 12
8 8 1383 9
7 7 1021 1
15 15 1132 3
17 17 901 5
12 13 414 3
12 12 414 4
0 15 885 1
0 0 885 5
1 8 121 11
1 1 121 8
18 6 1081 5
18 18 1081 4
3 3 192 1
15 15 459 4
8 8 402 17
10 10 684 3
11 4 128 7
11 11 128 11
17 6 534 11
17 17 534 13
4 4 554 2
19 19 64 31
0 6 1182 8
0 0 1182 4
14 13 1119 10
14 14 1119 4
13 13 237 40
12 7 1147 10
12 12 1147 5
14 14 883 4
2 10 1192 13
2 2 1192 1
0 12 915 7
0 0 915 15
2 4 907 5
2 2 907 7
5 19 1197 5
5 5 1197 2
5 17 1400 2
5 5 1400 4
8 8 617 6
7 4 869 7
7 7 869 9
12 10 701 9
12 12 701 3
17 17 304 9
18 18 724 1
18 12 1185 11
18 18 1185 7
19 4 264 9
19 19 264 15
4 17 1321 11
4 4 1321 6
11 11 613 2
13 13 463 2
12 12 1369 1
18 18 465 6
14 12 696 5
14 14 696 17
3 15 201 5
3 3 201 1
4 4 217 7
8 16 818 8
8 8 818 5
2 7 24 6
2 2 24 6
7 12 188 1
7 7 188 17
12 2 1320 2
12 12 1320 2
14 0 971 1
14 14 971 1
0 0 1173 7
1 1 1049 20
8 8 1100 2
4 19 1266 13
4 4 1266 2
7 7 262 5
7 7 205 6
4 4 340 3
12 12 152 3
15 15 1372 4
14 7 204 13
14 14 204 1
2 19 1187 8
2 2 1187 2
1 1 169 7
19 8 621 12
19 19 621 49
3 19 954 11
3 3 954 10
5 3 578 11
5 5 578 1
7 7 407 1
7 6 1268 9
7 7 1268 19
17 15 716 7
17 17 716 5
0 0 537 2
2 17 200 11
2 2 200 11
16 7 285 3
16 16 285 35
4 5 49 14
4 4 49 1
4 6 1296 13
4 4 1296 13
9 9 138 13
4 4 1170 16
14 5 1344 9
14 14 1344 5
18 15 456 3
18 18 456 8
0 19 835 7
0 0 835 22
0 14 1277 2
0 0 1277 4
17 6 1289 6
17 17 1289 2
15 10 1376 11
15 15 1376 12
12 12 922 3
2 12 599 3
2 2 599 1
4 5 343 14
4 4 343 2
5 17 111 2
5 5 111 3
7 5 383 7
7 7 383 1
7 14 1116 7
7 7 1116 1
10 10 1216 4
16 16 269 7
18 18 837 1
16 16 679 5
0 18 60 5
0 0 60 14
18 9 695 7
18 18 695 4
2 16 336 8
2 2 336 1
4 4 604 3
1 1 965 21
13 13 112 3
14 1 70 1
14 14 70 4
18 13 432 1
18 18 432 2
5 9 1056 6
5 5 1056 2
6 11 1206 14
6 6 1206 3
13 13 283 25
12 14 770 10
12 12 770 12
18 2 908 11
18 18 908 6
19 19 413 7
2 2 703 1
4 15 1105 14
4 4 1105 2
13 13 338 50
14 10 352 6
14 14 352 3
18 4 338 2
18 18 338 3
3 15 324 5
3 3 324 2
5 11 104 13
5 5 104 7
14 12 1287 11
14 14 1287 1
10 10 101 6
14 14 1072 2
17 1 839 1
17 17 839 9
17 0 221 12
17 17 221 15
18 15 686 6
18 18 686 5
18 8 1403 12
18 18 1403 10
5 11 1176 10
5 5 1176 5
4 4 912 3
4 4 493 8
10 10 878 3
12 19 285 10
12 12 285 14
17 16 976 7
17 17 976 6
15 15 325 4
0 0 381 2
0 0 535 2
18 15 362 3
18 18 362 2
3 3 610 4
8 8 749 13
13 0 337 7
13 13 337 1
11 11 648 3
12 11 492 3
12 12 492 11
15 15 1088 1
15 15 575 8
14 2 557 5
14 14 557 42
18 18 314 6
0 0 1227 10
7 7 171 6
9 9 728 19
11 0 172 10
11 11 172 7
14 4 89 2
14 14 89 14
12 17 904 6
12 12 904 1
17 14 69 11
17 17 69 3
18 16 333 14
18 18 333 5
17 8 267 9
17 17 267 4
2 3 553 8
2 2 553 8
4 9 325 7
4 4 325 3
5 5 81 6
14 3 282 13
14 14 282 11
0 8 639 1
0 0 639 1
2 18 879 10
2 2 879 1
5 11 1372 3
5 5 1372 8
19 7 325 5
19 19 325 14
17 6 187 1
17 17 187 20
17 18 969 13
17 17 969 5
17 10 284 4
17 17 284 1
18 18 418 5
0 1 185 3
0 0 185 18
15 15 850 23
8 8 863 32
5 5 371 1
7 7 19 4
8 8 840 2
13 13 669 5
16 16 1167 67
16 3 25 9
16 16 25 32
18 5 309 9
18 18 309 1
18 18 1022 1
18 15 587 2
18 18 587 6
2 10 68 3
2 2 68 7
14 14 864 9
6 6 1075 11
5 3 863 13
5 5 863 2
9 9 14 5
12 13 634 3
12 12 634 2
14 12 935 7
14 14 935 1
2 2 1300 6
18 13 785 8
18 18 785 1
19 19 975 8
4 17 1238 7
4 4 1238 3
7 9 817 5
7 7 817 1
17 2 838 1
17 17 838 1
18 17 922 10
18 18 922 4
12 18 713 9
12 12 713 1
17 10 644 6
17 17 644 4
14 4 854 4
14 14 854 4
2 10 870 13
2 2 870 3
3 18 12 3
3 3 12 3
4 4 467 9
5 5 491 15
4 4 1381 9
18 19 226 9
18 18 226 7
16 9 1143 8
16 16 1143 13
17 2 962 4
17 17 962 7
2 15 1078 10
2 2 1078 5
17 7 60 12
17 17 60 8
3 12 157 1
3 3 157 7
5 5 380 5
6 6 378 16
14 9 128 10
14 14 128 14
12 13 85 9
12 12 85 1
12 9 815 3
12 12 815 8
16 16 16 3
18 2 1017 14
18 18 1017 5
1 1 87 21
12 2 441 12
12 12 441 1
4 19 1102 14
4 4 1102 2
8 0 191 12
8 8 191 36
19 19 1408 17
12 12 625 1
17 17 564 4
9 9 1174 4
17 3 55 8
17 17 55 5
14 5 1118 10
14 14 1118 1
9 9 461 34
19 6 673 6
19 19 673 20
6 6 28 1
15 13 281 2
15 15 281 11
1 1 142 14
2 19 865 10
2 2 865 5
3 3 927 13
6 6 921 6
18 5 1126 7
18 18 1126 2
11 11 558 25
9 9 1151 23
12 12 266 3
14 14 663 1
2 10 1073 8
2 2 1073 5
2 7 167 4
2 2 167 6
2 8 784 4
2 2 784 8
4 18 711 13
4 4 711 4
5 5 357 14
11 11 1256 3
12 12 409 5
15 15 1119 1
17 17 415 10
18 18 1030 4
19 9 876 11
19 19 876 20
3 3 742 5
5 16 59 1
5 5 59 4
16 16 1351 18
17 17 741 11
15 15 118 11
2 15 1254 2
2 2 1254 8
2 13 412 9
2 2 412 4
2 2 562 1
2 18 219 14
2 2 219 11
12 8 1028 4
12 12 1028 2
3 3 561 3
8 2 1253 9
8 8 1253 4
5 5 477 6
5 3 936 4
5 5 936 2
7 5 948 2
7 7 948 2
11 11 433 6
17 6 956 11
17 17 956 6
14 8 670 13
14 14 670 6
0 17 345 9
0 0 345 36
2 3 190 2
2 2 190 10
2 8 747 2
2 2 747 10
4 1 718 7
4 4 718 1
3 16 606 3
3 3 606 4
17 15 1082 3
17 17 1082 15
9 9 208 7
7 11 1424 2
7 7 1424 4
12 15 989 10
12 12 989 3
16 16 979 4
18 10 286 11
18 18 286 1
18 18 1003 14
2 3 81 8
2 2 81 1
3 1 280 4
3 3 280 3
5 19 36 6
5 5 36 2
5 3 767 7
5 5 767 5
13 13 1355 1
11 11 1406 13
12 7 615 11
12 12 615 4
16 5 157 7
16 16 157 8
0 10 103 11
0 0 103 13
18 15 890 11
18 18 890 1
2 2 525 7
3 1 425 11
3 3 425 4
12 2 758 12
12 12 758 8
14 9 758 14
14 14 758 9
16 5 753 2
16 16 753 1
1 1 725 18
18 18 653 20
2 2 262 3
6 6 1277 18
3 12 909 13
3 3 909 18
5 3 79 13
5 5 79 2
1 1 814 5
7 9 486 9
7 7 486 12
12 12 1039 3
13 3 390 9
13 13 390 11
17 17 949 2
18 1 83 4
18 18 83 3
0 17 714 7
0 0 714 3
4 4 693 8
5 15 343 4
5 5 343 1
10 10 297 21
0 19 26 6
0 0 26 4
12 7 66 9
12 12 66 4
12 14 399 5
12 12 399 10
17 18 1267 12
17 17 1267 6
2 2 1353 1
1 1 503 21
2 2 511 1
8 8 421 15
3 12 257 7
3 3 257 1
5 12 45 8
5 5 45 2
8 8 287 18
18 11 276 9
18 18 276 3
16 15 320 13
16 16 320 4
12 17 542 5
12 12 542 1
12 1 26 10
12 12 26 1
18 18 168 5
2 13 506 5
2 2 506 1
5 5 446 10
7 10 736 2
7 7 736 3
11 14 907 2
11 11 907 1
11 11 350 1
15 15 835 15
17 1 171 5
17 17 171 4
5 2 1412 3
5 5 1412 2
2 3 257 11
2 2 257 5
5 14 941 10
5 5 941 6
4 4 439 6
0 0 423 1
11 11 1166 15
16 5 1107 3
16 16 1107 4
7 7 953 21
1 1 607 10
18 17 535 13
18 18 535 6
6 13 1159 9
6 6 1159 9
9 9 194 4
7 7 571 5
12 11 390 10
12 12 390 6
14 11 422 11
14 14 422 5
13 13 1126 3
2 17 502 13
2 2 502 4
2 8 620 3
2 2 620 2
19 19 295 30
5 19 737 11
5 5 737 3
10 10 163 10
12 12 200 2
15 15 1388 39
18 18 876 5
2 2 432 2
5 5 1297 2
12 12 351 2
12 4 740 11
12 12 740 1
4 10 532 10
4 4 532 14
4 3 97 8
4 4 97 2
5 5 456 2
5 18 1181 11
5 5 1181 3
11 11 17 1
11 6 420 9
11 11 420 13
12 14 891 12
12 12 891 7
12 2 1152 11
12 12 1152 4
18 19 504 11
18 18 504 5
3 3 254 3
4 4 240 8
3 13 1032 2
3 3 1032 10
6 6 345 33
6 6 741 3
0 0 1338 9
13 13 691 5
3 3 164 16
17 4 599 5
17 17 599 6
5 11 1417 12
5 5 1417 9
4 4 135 8
7 4 303 11
7 7 303 1
10 10 529 7
2 2 90 11
17 2 1323 11
17 17 1323 2
12 12 942 22
14 15 909 2
14 14 909 5
0 12 76 9
0 0 76 17
0 7 945 2
0 0 945 6
6 6 1005 14
8 8 788 10
12 11 342 9
12 12 342 4
18 7 7 12
18 18 7 5
0 3 251 3
0 0 251 2
0 11 544 14
0 0 544 5
3 3 502 9
8 13 1356 13
8 8 1356 3
3 3 992 3
4 19 1359 10
4 4 1359 1
9 9 822 3
7 7 1383 5
18 2 29 1
18 18 29 2
16 16 475 12
15 15 445 14
18 18 499 2
0 3 735 7
0 0 735 5
5 1 593 7
5 5 593 13
2 8 719 13
2 2 719 2
5 12 247 14
5 5 247 4
8 8 677 3
16 16 1291 51
17 7 553 5
17 17 553 11
2 2 1362 4
2 2 53 4
7 7 292 11
10 10 536 6
11 11 801 11
10 10 1339 9
6 5 996 14
6 6 996 2
11 11 1060 5
12 11 333 9
12 12 333 1
12 12 1063 15
18 19 36 13
18 18 36 2
0 16 1132 6
0 0 1132 22
4 4 428 1
6 18 887 12
6 6 887 6
11 18 1205 4
11 11 1205 12
12 10 873 8
12 12 873 11
14 14 637 2
1 1 418 18
18 2 512 13
18 18 512 11
2 9 157 1
2 2 157 10
4 10 681 9
4 4 681 1
5 18 774 12
5 5 774 15
15 15 333 6
3 9 381 14
3 3 381 5
5 9 1 13
5 5 1 3
9 9 435 1
11 11 237 5
1 1 1042 1
14 14 298 4
0 1 911 2
0 0 911 4
2 12 370 10
2 2 370 2
5 6 1201 3
5 5 1201 1
6 10 1418 7
6 6 1418 12
5 4 621 4
5 5 621 6
10 10 857 21
10 10 1205 10
12 16 1156 11
12 12 1156 32
15 15 935 14
2 17 1103 2
2 2 1103 7
0 15 1123 12
0 0 1123 9
2 13 814 4
2 2 814 4
3 4 68 7
3 3 68 21
5 3 1022 4
5 5 1022 7
17 5 875 10
17 17 875 9
17 17 906 4
1 18 1156 4
1 1 1156 7
8 8 798 18
10 10 1370 13
13 16 734 4
13 13 734 8
13 13 308 6
11 9 1404 4
11 11 1404 2
2 2 474 1
2 9 624 12
2 2 624 2
3 3 354 3
14 0 1396 9
14 14 1396 1
9 9 436 24
12 5 79 2
12 12 79 1
10 10 71 27
0 0 884 1
5 5 1204 1
18 13 135 4
18 18 135 3
2 10 333 5
2 2 333 2
4 14 633 4
4 4 633 5
17 12 175 11
17 17 175 12
3 7 860 3
3 3 860 16
9 9 1062 40
16 8 1063 14
16 16 1063 15
12 17 1406 2
12 12 1406 3
16 16 433 2
4 11 644 7
4 4 644 2
2 4 1420 8
2 2 1420 3
2 2 252 2
5 5 1227 3
4 13 69 10
4 4 69 6
8 3 715 1
8 8 715 4
6 6 426 1
15 15 317 8
15 8 895 13
15 15 895 6
12 17 799 14
12 12 799 5
12 12 1188 7
0 0 266 12
7 7 715 7
18 3 1087 13
18 18 1087 5
4 2 671 9
4 4 671 10
5 4 226 14
5 5 226 2
4 14 1150 8
4 4 1150 5
9 9 231 17
14 6 1311 3
14 14 1311 1
15 15 57 41
0 0 441 2
18 18 1413 2
18 18 1102 1
18 16 1373 12
18 18 1373 6
8 3 916 11
8 8 916 19
16 16 281 4
14 14 873 10
3 3 1273 12
17 13 1401 8
17 17 1401 1
6 6 18 8
7 3 416 13
7 7 416 7
0 0 1004 1
12 12 647 2
15 15 949 32
2 14 247 11
2 2 247 5
2 1 800 3
2 2 800 1
4 18 759 3
4 4 759 3
3 3 521 4
4 4 409 7
6 6 429 2
1 1 893 2
15 15 1135 4
2 2 1415 3
1 1 437 2
0 12 1248 7
0 0 1248 4
4 14 646 4
4 4 646 1
18 8 1099 3
18 18 1099 3
9 9 1398 3
12 14 19 4
12 12 19 3
5 5 294 2
14 14 961 3
2 2 1334 2
0 0 1322 16
18 5 1097 5
18 18 1097 2
4 10 354 7
4 4 354 5
4 4 1268 3
12 13 559 4
12 12 559 4
14 9 202 13
14 14 202 2
14 2 1112 14
14 14 1112 2
2 1 1193 4
2 2 1193 2
18 5 1295 6
18 18 1295 2
17 12 1130 14
17 17 1130 1
3 3 948 6
10 10 997 4
8 8 447 22
10 10 399 48
11 11 986 55
13 13 946 20
12 15 1227 2
12 12 1227 4
0 7 222 9
0 0 222 11
18 2 725 10
18 18 725 2
0 0 1096 14
4 4 75 2
19 19 339 1
5 5 286 4
9 9 128 10
11 11 1233 12
12 15 1370 2
12 12 1370 8
1 1 987 3
1 14 398 14
1 1 398 13
5 5 1102 2
6 6 311 12
11 10 184 5
11 11 184 2
12 7 10 13
12 12 10 3
17 8 1392 13
17 17 1392 4
15 15 592 13
14 16 968 11
14 14 968 3
0 0 439 2
1 1 319 29
3 3 345 8
5 9 101 6
5 5 101 3
5 0 560 3
5 5 560 18
7 4 257 12
7 7 257 3
12 2 550 3
12 12 550 9
14 18 205 11
14 14 205 1
17 2 671 7
17 17 671 1
13 9 1286 3
13 13 1286 27
2 12 342 4
2 2 342 1
7 7 406 1
10 10 1193 12
5 5 579 7
12 12 693 3
17 17 296 4
18 19 438 4
18 18 438 2
18 6 716 11
18 18 716 6
18 8 1177 2
18 18 1177 5
2 7 818 3
2 2 818 2
4 15 50 7
4 4 50 3
18 4 1058 9
18 18 1058 3
7 7 39 23
9 9 1303 1
13 12 921 11
13 13 921 25
19 19 842 12
4 13 193 4
4 4 193 2
8 8 132 10
3 3 709 1
17 5 74 13
17 17 74 17
18 2 344 3
18 18 344 5
11 0 533 6
11 11 533 16
4 4 336 2
9 9 1106 33
7 7 382 1
9 17 107 9
9 9 107 17
13 17 595 10
13 13 595 24
12 15 1130 9
12 12 1130 2
15 18 718 11
15 15 718 5
18 18 692 3
2 19 337 3
2 2 337 2
2 7 922 13
2 2 922 4
18 11 1351 2
18 18 1351 2
5 5 586 7
18 4 1259 7
18 18 1259 1
1 1 471 32
12 15 1273 3
12 12 1273 1
6 6 839 32
18 18 122 6
0 5 1094 10
0 0 1094 2
5 15 1071 2
5 5 1071 8
15 15 1256 20
9 9 1304 5
17 1 1060 9
17 17 1060 22
14 12 502 7
14 14 502 18
17 17 434 3
0 12 278 5
0 0 278 31
18 4 884 6
18 18 884 5
0 0 640 10
3 3 876 4
6 6 289 9
18 18 282 2
14 14 1158 8
12 12 914 8
16 16 187 8
14 12 1130 2
14 14 1130 10
2 3 994 11
2 2 994 2
5 5 87 8
10 10 98 3
0 0 177 4
14 15 223 6
14 14 223 5
15 15 130 48
2 8 1202 6
2 2 1202 10
18 18 1277 2
5 5 947 3
17 17 932 4
17 5 282 8
17 17 282 2
18 7 574 7
18 18 574 10
0 11 1117 11
0 0 1117 6
9 9 187 6
11 11 1220 4
11 11 651 13
14 14 1363 5
17 2 608 11
17 17 608 2
16 16 244 15
0 1 493 10
0 0 493 12
9 9 544 8
18 18 593 18
8 8 1415 5
4 4 890 3
4 2 1113 7
4 4 1113 1
6 5 280 6
6 6 280 9
10 10 577 16
10 10 736 2
12 17 636 12
12 12 636 2
12 12 905 8
15 15 687 5
17 17 68 1
2 0 1306 3
2 2 1306 11
18 2 791 14
18 18 791 6
19 19 95 43
19 19 530 33
13 13 903 10
2 2 1408 3
9 9 552 9
11 10 316 3
11 11 316 7
5 5 1080 22
12 6 1048 6
12 12 1048 15
4 4 510 4
18 18 678 7
2 17 291 13
2 2 291 12
4 16 920 8
4 4 920 2
16 16 1137 1
14 14 650 5
2 2 1084 1
18 3 569 10
18 18 569 3
5 1 167 12
5 5 167 1
4 12 1294 6
4 4 1294 2
9 9 887 13
14 14 1249 16
17 8 1046 10
17 17 1046 14
15 15 519 37
18 18 1023 7
0 16 670 14
0 0 670 1
12 18 440 13
12 12 440 1
10 10 1387 17
15 15 692 7
2 14 1012 1
2 2 1012 4
3 3 1247 17
6 6 89 1
12 12 189 1
12 7 714 1
12 12 714 2
17 6 816 7
17 17 816 9
14 5 738 11
14 14 738 12
18 16 673 6
18 18 673 5
3 1 15 3
3 3 15 12
18 6 1206 5
18 18 1206 3
4 19 476 8
4 4 476 1
11 11 552 4
18 8 1034 4
18 18 1034 10
17 17 1150 5
15 15 112 6
10 10 140 23
18 3 103 11
18 18 103 1
2 10 173 6
2 2 173 1
3 1 156 3
3 3 156 1
16 11 276 10
16 16 276 5
7 7 11 8
10 10 1411 6
12 8 86 10
12 12 86 1
18 17 427 7
18 18 427 3
7 14 152 10
7 7 152 13
7 7 615 4
13 13 742 26
12 4 626 12
12 12 626 8
15 15 1222 3
14 7 378 4
14 14 378 10
1 1 284 2
2 17 386 1
2 2 386 4
19 19 983 35
4 13 308 12
4 4 308 6
6 6 527 18
4 4 1246 5
9 1 460 5
9 9 460 1
11 11 298 12
12 14 1038 5
12 12 1038 1
18 5 1381 1
18 18 1381 9
1 1 1339 4
3 1 116 13
3 3 116 7
3 3 459 6
15 15 339 3
18 13 94 12
18 18 94 9
3 3 133 3
8 8 846 16
11 0 1259 14
11 11 1259 38
10 10 1418 7
17 17 910 4
2 13 87 7
2 2 87 2
1 1 1221 19
4 13 172 2
4 4 172 5
9 9 754 2
14 17 207 14
14 14 207 9
11 11 210 3
12 12 220 4
2 2 966 1
2 2 563 1
17 16 236 8
17 17 236 2
8 8 1047 4
4 4 273 6
1 1 743 8
17 0 802 1
17 17 802 4
15 15 299 4
0 0 16 4
18 12 1288 9
18 18 1288 7
6 6 1356 18
2 15 1386 2
2 2 1386 4
3 3 1123 5
12 16 258 11
12 12 258 2
2 2 1033 1
1 1 1197 22
4 9 719 9
4 4 719 4
8 19 1312 2
8 8 1312 9
6 6 735 6
6 6 800 12
9 9 215 13
9 9 874 12
14 14 1274 5
17 1 1273 2
17 17 1273 16
12 0 1387 9
12 12 1387 5
14 14 526 4
18 5 287 7
18 18 287 2
0 5 830 5
0 0 830 5
0 5 1192 12
0 0 1192 28
3 8 283 4
3 3 283 3
4 16 1418 3
4 4 1418 4
10 10 1284 16
12 12 219 1
12 19 608 11
12 12 608 7
4 6 561 1
4 4 561 10
16 8 611 2
16 16 611 28
18 0 891 3
18 18 891 1
7 7 1326 3
8 8 1054 2
10 10 955 25
11 4 344 3
11 11 344 6
16 16 344 3
16 16 754 12
1 1 724 1
1 1 159 10
2 14 880 3
2 2 880 13
4 4 457 10
6 6 904 11
5 6 912 6
5 5 912 5
13 13 1018 12
18 18 391 3
18 6 80 10
18 18 80 3
0 0 450 28
18 6 440 12
18 18 440 2
8 15 689 10
8 8 689 26
18 9 5 14
18 18 5 1
12 4 1378 3
12 12 1378 6
2 13 1350 6
2 2 1350 3
18 18 1145 14
5 15 1414 13
5 5 1414 3
5 13 44 1
5 5 44 1
7 15 312 13
7 7 312 3
9 6 41 9
9 9 41 2
12 12 543 2
17 17 1155 4
14 8 335 14
14 14 335 3
4 11 763 6
4 4 763 4
18 18 1343 3
7 6 739 5
7 7 739 6
13 13 45 5
13 1 1155 10
13 13 1155 13
14 7 819 7
14 14 819 3
0 0 238 3
17 17 20 9
2 5 286 7
2 2 286 5
5 0 649 2
5 5 649 12
6 3 1342 7
6 6 1342 11
5 1 921 9
5 5 921 3
17 19 1114 6
17 17 1114 5
2 12 177 6
2 2 177 2
18 16 1340 9
18 18 1340 3
4 18 701 11
4 4 701 2
8 8 1326 30
3 3 1026 6
9 9 193 1
13 4 697 6
13 13 697 3
13 13 836 5
12 15 1305 12
12 12 1305 4
14 14 536 2
4 4 981 10
12 12 931 1
2 17 358 5
2 2 358 6
4 8 296 9
4 4 296 1
3 3 1312 2
11 11 1065 9
7 3 1191 11
7 7 1191 13
11 11 342 2
18 5 916 1
18 18 916 3
12 5 741 14
12 12 741 5
17 17 163 6
18 6 1353 3
18 18 1353 4
8 8 1179 1
15 15 760 26
12 1 884 11
12 12 884 3
1 1 188 1
18 19 1119 11
18 18 1119 5
0 0 148 26
0 0 729 2
0 9 1038 5
0 0 1038 7
2 17 757 5
2 2 757 13
5 6 344 1
5 5 344 3
7 4 423 6
7 7 423 9
14 16 1231 3
14 14 1231 11
14 18 430 12
14 14 430 8
17 17 122 9
0 0 478 15
2 2 462 4
17 10 169 4
17 17 169 2
4 16 1066 12
4 4 1066 1
10 10 542 19
7 11 576 7
7 7 576 5
9 9 20 21
13 7 515 4
13 13 515 3
13 13 206 9
12 15 1114 6
12 12 1114 3
14 2 914 13
14 14 914 10
18 10 868 10
18 18 868 5
18 18 1329 3
17 17 113 3
2 16 535 7
2 2 535 18
3 6 415 14
3 3 415 10
4 7 279 13
4 4 279 2
5 5 634 15
7 5 447 11
7 7 447 12
13 13 95 4
17 18 337 4
17 17 337 13
16 16 743 10
2 2 272 7
3 3 89 3
4 4 422 6
6 6 893 11
17 17 1108 2
13 2 1030 3
13 13 1030 4
13 13 314 6
2 2 716 3
4 2 248 14
4 4 248 1
14 14 80 4
14 18 1291 6
14 14 1291 5
12 9 1295 14
12 12 1295 2
18 11 972 14
18 18 972 5
2 2 416 2
4 4 143 7
18 17 111 11
18 18 111 11
12 6 255 10
12 12 255 1
17 10 1315 3
17 17 1315 5
8 8 719 13
18 2 863 14
18 18 863 5
2 7 376 14
2 2 376 10
4 9 628 1
4 4 628 3
3 1 388 6
3 3 388 8
17 12 1113 4
17 17 1113 1
9 9 941 41
12 12 334 3
16 16 324 10
17 17 330 7
4 4 429 10
8 8 734 15
7 7 1375 4
12 1 1207 12
12 12 1207 3
18 18 948 5
4 16 682 8
4 4 682 1
4 0 231 10
4 4 231 9
18 14 1246 3
18 18 1246 13
13 10 676 11
13 13 676 15
15 15 1152 16
17 17 116 6
2 2 1322 12
1 1 466 5
11 11 1426 3
6 6 718 9
15 15 748 3
14 12 924 7
14 14 924 7
7 0 749 4
7 7 749 6
5 4 401 8
5 5 401 6
9 9 982 10
9 9 617 12
7 3 1170 13
7 7 1170 12
12 1 658 13
12 12 658 6
13 13 1191 23
13 13 1394 12
2 17 1100 10
2 2 1100 1
18 18 745 17
6 6 44 6
4 10 514 14
4 4 514 1
0 10 1408 10
0 0 1408 15
3 3 977 8
5 5 290 3
5 5 238 1
10 10 1029 19
18 4 943 1
18 18 943 2
13 13 966 4
14 12 1342 14
14 14 1342 2
4 14 657 13
4 4 657 8
4 5 1136 10
4 4 1136 1
6 6 323 4
10 10 245 5
2 2 1174 2
12 10 30 14
12 12 30 3
12 19 427 7
12 12 427 13
12 7 1008 14
12 12 1008 2
12 18 1341 8
12 12 1341 3
2 8 1317 5
2 2 1317 1
2 2 475 5
0 4 1154 1
0 0 1154 19
4 6 800 12
4 4 800 3
4 2 1031 5
4 4 1031 5
11 19 1419 6
11 11 1419 5
14 14 1107 5
14 4 1198 6
14 14 1198 4
1 1 657 14
14 11 964 8
14 14 964 4
3 3 63 5
12 12 380 10
12 14 649 14
12 12 649 2
18 4 23 10
18 18 23 1
4 17 521 9
4 4 521 11
6 6 1309 5
6 6 427 2
11 11 1186 19
14 18 1389 1
14 14 1389 7
15 15 1121 3
10 10 44 27
5 5 1115 2
8 2 774 10
8 8 774 14
7 7 72 3
1 1 617 1
16 16 1393 28
12 8 418 1
12 12 418 2
12 12 1007 1
15 15 589 3
14 14 1023 20
18 1 364 6
18 18 364 8
0 9 1007 7
0 0 1007 1
2 2 466 8
2 18 31 7
2 2 31 6
2 5 584 2
2 2 584 15
5 9 114 14
5 5 114 17
7 7 217 2
7 7 1139 3
12 0 228 10
12 12 228 2
12 12 1419 18
14 18 1140 5
14 14 1140 2
19 19 1344 2
5 5 1133 10
3 3 1285 7
5 6 606 5
5 5 606 4
7 7 878 6
7 7 1152 3
11 5 363 8
11 11 363 5
14 11 676 7
14 14 676 8
2 17 244 9
2 2 244 3
2 10 801 2
2 2 801 1
4 1 77 5
4 4 77 1
6 6 1300 9
6 6 418 7
9 9 158 3
11 11 504 26
12 14 458 13
12 12 458 1
14 11 599 14
14 14 599 11
1 0 436 10
1 1 436 1
5 0 533 4
5 5 533 16
4 13 647 5
4 4 647 10
6 6 679 23
11 0 767 2
11 11 767 1
14 17 1202 13
14 14 1202 4
12 12 998 9
19 19 505 7
6 6 566 42
7 7 267 3
17 10 677 7
17 17 677 5
2 2 1190 2
3 3 45 5
5 5 1382 18
5 12 396 13
5 5 396 5
6 11 10 3
6 6 10 4
10 10 883 35
3 3 1147 15
18 18 722 2
16 16 738 5
4 17 767 2
4 4 767 33
17 13 207 8
17 17 207 4
3 14 964 4
3 3 964 2
8 8 762 12
11 2 615 13
11 11 615 11
15 15 1143 1
1 1 986 1
19 19 401 12
18 2 1159 1
18 18 1159 1
3 3 1109 12
17 18 1399 14
17 17 1399 2
12 16 925 4
12 12 925 6
14 14 404 8
6 0 222 11
6 6 222 43
13 9 877 9
13 13 877 11
8 8 1102 67
8 8 472 13
16 16 264 5
14 14 263 4
17 4 571 3
17 17 571 12
0 19 39 6
0 0 39 2
18 17 584 8
18 18 584 3
2 7 343 8
2 2 343 4
5 3 1172 7
5 5 1172 4
3 3 1395 2
4 4 1155 2
16 16 423 10
14 13 694 6
14 14 694 2
1 1 930 6
0 16 539 12
0 0 539 5
18 10 1174 3
18 18 1174 3
1 1 1398 30
4 18 742 3
4 4 742 1
19 19 484 14
11 3 1225 3
11 11 1225 8
17 15 848 2
17 17 848 1
10 10 1081 8
2 2 628 23
15 15 1148 4
17 17 762 7
17 17 440 11
0 0 650 1
2 11 674 14
2 2 674 3
1 1 71 11
10 10 233 12
10 10 1407 1
14 15 1212 10
14 14 1212 5
17 9 518 1
17 17 518 2
2 10 1289 11
2 2 1289 1
0 14 1012 11
0 0 1012 4
19 19 519 5
13 13 163 11
9 9 106 1
7 7 659 13
11 14 257 6
11 11 257 28
13 13 594 1
15 19 786 12
15 15 786 4
19 1 359 3
19 19 359 1
3 5 27 5
3 3 27 5
4 17 939 10
4 4 939 3
11 11 1137 1
13 13 110 2
12 7 1274 13
12 12 1274 3
15 15 382 6
4 19 728 7
4 4 728 5
2 14 1067 8
2 2 1067 1
4 4 58 1
11 11 495 9
12 12 503 2
13 13 511 4
2 2 112 13
15 15 1330 24
4 16 1107 4
4 4 1107 2
4 4 314 7
2 2 1243 8
13 13 336 1
2 5 1280 4
2 2 1280 9
18 3 797 3
18 18 797 12
19 19 524 6
3 3 326 3
7 0 336 1
7 7 336 6
7 7 1111 5
17 17 648 3
17 17 211 4
0 0 634 5
2 16 914 5
2 2 914 1
15 15 316 1
17 18 982 9
17 17 982 25
14 11 640 8
14 14 640 10
0 0 383 21
1 1 42 29
2 5 216 13
2 2 216 3
4 7 33 4
4 4 33 4
6 6 752 48
15 0 665 6
15 15 665 16
11 11 484 11
12 17 827 9
12 12 827 2
12 12 1344 11
19 19 420 14
6 6 1086 43
4 3 1114 14
4 4 1114 3
7 7 165 1
14 2 1166 8
14 14 1166 14
14 16 361 1
14 14 361 17
18 14 788 11
18 18 788 3
14 16 427 6
14 14 427 3
3 3 180 2
5 13 95 4
5 5 95 2
5 11 554 2
5 5 554 6
7 7 826 37
14 2 1070 13
14 14 1070 1
17 18 1022 1
17 17 1022 3
14 18 259 1
14 14 259 4
12 16 716 13
12 12 716 24
0 8 12 4
0 0 12 4
0 17 625 9
0 0 625 9
0 14 1353 10
0 0 1353 33
2 2 877 2
17 3 148 4
17 17 148 7
9 9 1139 9
16 16 1138 5
18 8 416 5
18 18 416 1
2 12 1085 3
2 2 1085 5
18 15 566 9
18 18 566 3
2 18 211 14
2 2 211 4
4 18 723 4
4 4 723 2
6 6 1190 14
6 12 828 5
6 6 828 5
9 9 886 1
9 9 1289 14
5 1 1231 9
5 5 1231 2
2 12 1379 5
2 2 1379 4
0 0 671 12
0 3 1220 11
0 0 1220 7
3 3 295 14
6 16 207 10
6 6 207 15
9 9 1178 9
16 16 639 19
0 0 404 3
0 6 985 13
0 0 985 4
3 3 436 23
8 10 1098 4
8 8 1098 2
7 8 819 4
7 7 819 2
3 3 386 2
12 4 190 12
12 12 190 1
15 15 873 1
15 15 292 7
18 5 213 11
18 18 213 3
4 14 477 3
4 4 477 16
7 14 260 7
7 7 260 2
12 13 269 8
12 12 269 3
12 12 1255 3
14 11 350 13
14 14 350 2
0 4 333 3
0 0 333 4
18 9 541 3
18 18 541 4
1 1 36 6
0 12 1068 13
0 0 1068 26
3 3 985 7
5 3 175 10
5 5 175 8
6 6 823 3
10 17 1408 1
10 10 1408 3
12 15 87 11
12 12 87 2
3 18 995 1
3 3 995 9
1 1 1219 2
3 3 739 2
14 12 206 13
14 14 206 1
13 13 461 2
14 14 940 11
0 10 976 4
0 0 976 4
0 11 1285 12
0 0 1285 24
3 1 880 13
3 3 880 29
7 12 349 2
7 7 349 2
7 7 1090 15
15 15 886 9
18 18 204 2
12 2 704 12
12 12 704 5
6 6 927 40
4 3 1390 5
4 4 1390 4
7 7 498 20
10 10 338 20
12 12 260 1
15 15 999 32
13 4 1256 12
13 13 1256 27
2 12 1039 5
2 2 1039 4
4 13 705 4
4 4 705 2
6 4 1168 2
6 6 1168 22
5 0 168 6
5 5 168 7
7 19 974 1
7 7 974 23
18 15 206 14
18 18 206 7
12 12 78 1
13 15 1145 7
13 13 1145 10
4 2 1079 6
4 4 1079 11
7 7 144 8
11 11 213 12
14 14 1123 3
14 14 951 10
2 17 967 7
2 2 967 10
17 11 155 2
17 17 155 1
3 3 1228 3
7 7 346 3
4 4 907 5
10 5 7 4
10 10 7 19
2 7 1147 11
2 2 1147 2
12 2 1030 13
12 12 1030 6
13 13 1168 23
2 12 269 3
2 2 269 1
5 10 1274 10
5 5 1274 10
6 6 918 3
6 6 475 28
9 9 325 7
7 18 950 3
7 7 950 3
11 3 601 9
11 11 601 12
13 12 39 5
13 13 39 5
15 15 1073 4
17 5 946 7
17 17 946 3
15 15 347 6
1 1 920 10
18 0 86 7
18 18 86 8
0 3 757 7
0 0 757 4
2 2 188 1
14 11 1324 6
14 14 1324 11
14 14 474 4
18 14 284 14
18 18 284 1
18 7 1001 6
18 18 1001 2
2 18 664 14
2 2 664 10
4 14 863 10
4 4 863 11
5 13 765 3
5 5 765 2
8 3 175 5
8 8 175 16
13 13 535 28
13 10 162 1
13 13 162 1
15 15 1239 5
2 12 1279 1
2 2 1279 1
11 19 1082 5
11 11 1082 38
12 12 932 1
12 10 1085 4
12 12 1085 1
9 9 519 25
19 19 235 15
19 19 670 3
14 6 896 8
14 14 896 5
10 10 779 24
1 1 1365 29
13 13 388 2
1 1 913 7
2 9 183 4
2 2 183 4
6 6 727 8
5 4 800 5
5 5 800 6
7 8 113 14
7 7 113 17
9 11 658 6
9 9 658 44
12 12 124 3
14 9 1335 2
14 14 1335 3
13 13 277 6
19 19 1192 3
0 15 822 13
0 0 822 4
13 6 831 8
13 13 831 1
7 7 315 15
15 15 1244 2
18 8 166 6
18 18 166 2
0 1 933 8
0 0 933 5
2 6 364 14
2 2 364 6
5 13 1302 11
5 5 1302 17
4 19 1204 7
4 4 1204 30
17 18 825 13
17 17 825 11
13 13 44 1
14 14 767 2
0 0 337 5
0 0 596 27
17 9 215 13
17 17 215 6
0 0 1347 1
8 8 127 5
7 14 473 1
7 7 473 13
17 17 351 3
2 2 678 2
15 11 1031 10
15 15 1031 42
17 17 503 4
2 19 142 4
2 2 142 14
3 6 251 14
3 3 251 3
4 16 11 8
4 4 11 2
5 8 131 11
5 5 131 9
7 7 110 3
11 11 1297 2
13 13 696 1
18 18 1051 7
14 16 420 3
14 14 420 2
17 14 384 4
17 17 384 3
14 2 1288 12
14 14 1288 1
7 10 304 14
7 7 304 8
7 8 1041 6
7 7 1041 39
12 9 202 6
12 12 202 2
14 14 343 7
18 14 874 13
18 18 874 2
4 14 297 5
4 4 297 4
4 1 163 6
4 4 163 9
9 9 495 23
9 9 629 7
16 16 796 30
2 13 1120 6
2 2 1120 6
0 2 555 9
0 0 555 3
4 2 99 11
4 4 99 13
8 8 1180 17
18 18 216 2
5 16 897 5
5 5 897 15
13 13 438 23
13 12 1036 3
13 13 1036 74
2 2 1043 7
5 1 140 2
5 5 140 12
12 15 672 9
12 12 672 5
18 19 349 11
18 18 349 13
10 12 217 3
10 10 217 3
14 14 1228 3
13 13 892 11
15 15 1213 9
12 12 1297 1
18 18 265 1
19 19 32 4
18 3 1128 11
18 18 1128 6
4 12 820 14
4 4 820 7
3 3 1179 4
4 6 1067 8
4 4 1067 2
15 15 699 16
2 3 532 3
2 2 532 3
5 3 430 6
5 5 430 3
6 6 52 37
13 13 94 1
16 14 334 9
16 16 334 10
14 14 713 1
3 3 400 15
0 0 253 1
19 19 693 18
16 16 930 2
18 18 497 2
1 1 18 14
18 14 1232 11
18 18 1232 1
4 7 249 13
4 4 249 3
3 3 1139 2
5 17 795 11
5 5 795 3
18 0 147 1
18 18 147 12
16 16 1234 14
14 14 438 33
16 6 561 5
16 16 561 48
19 19 915 36
9 9 392 3
12 18 248 7
12 12 248 4
12 12 1106 8
17 3 696 14
17 17 696 2
1 1 646 11
0 0 624 1
8 8 227 13
5 15 407 4
5 5 407 21
5 9 610 6
5 5 610 4
17 15 752 8
17 17 752 6
17 17 1161 5
19 6 279 10
19 19 279 16
17 16 156 10
17 17 156 5
0 2 244 8
0 0 244 5
0 7 569 2
0 0 569 2
2 19 853 1
2 2 853 3
8 8 1397 8
18 1 308 11
18 18 308 1
11 14 634 6
11 11 634 14
17 9 1100 6
17 17 1100 5
15 5 388 3
15 15 388 23
4 19 683 10
4 4 683 3
4 4 224 1
3 17 1144 11
3 3 1144 3
5 13 772 11
5 5 772 2
17 17 1245 22
16 16 99 48
14 9 1010 13
14 14 1010 3
18 11 379 11
18 18 379 12
1 1 465 1
18 18 471 18
10 10 1312 6
12 10 247 3
12 12 247 1
17 6 1206 3
17 17 1206 9
12 7 1097 14
12 12 1097 9
15 15 751 9
1 1 671 14
18 17 1312 11
18 18 1312 1
5 14 1215 13
5 5 1215 12
3 3 396 3
17 19 247 3
17 17 247 2
7 12 891 7
7 7 891 2
9 9 616 1
12 12 326 3
19 19 434 6
14 14 780 7
2 9 1101 1
2 2 1101 2
1 1 243 20
4 1 515 12
4 4 515 4
4 17 405 10
4 4 405 4
8 8 27 12
1 1 895 13
7 7 1367 3
14 8 1387 10
14 14 1387 2
13 13 417 4
0 0 309 3
0 11 890 2
0 0 890 4
1 7 108 2
1 1 108 13
2 2 735 7
3 12 215 9
3 3 215 12
3 3 1121 2
4 15 1137 6
4 4 1137 4
13 13 732 2
12 6 420 11
12 12 420 4
15 15 583 6
14 14 1013 9
0 0 1001 3
5 19 707 4
5 5 707 1
2 2 1176 2
14 14 1104 3
12 18 571 1
12 12 571 3
12 12 1088 9
17 12 682 4
17 17 682 6
17 17 253 3
17 17 263 3
7 7 581 17
3 3 501 1
4 4 269 4
16 16 1049 2
16 16 435 18
15 6 605 12
15 15 605 9
8 8 1208 2
6 6 871 4
13 13 783 3
15 15 1120 1
16 16 919 9
2 6 1418 12
2 2 1418 2
18 18 1085 2
4 7 665 7
4 4 665 5
15 15 1354 18
5 5 224 2
4 15 1144 8
4 4 1144 2
5 13 886 4
5 5 886 9
7 7 75 35
11 11 1330 6
12 6 22 6
12 12 22 2
17 17 530 4
13 13 1409 8
0 2 443 1
0 0 443 2
3 3 800 8
19 2 1346 7
19 19 1346 9
11 11 285 1
17 17 1301 14
5 5 1128 5
1 1 348 14
5 5 1404 5
3 3 945 3
5 2 386 12
5 5 386 4
7 11 1332 10
7 7 1332 35
7 11 1155 11
7 7 1155 2
12 12 372 1
3 3 38 7
18 18 15 4
4 12 753 2
4 4 753 1
4 14 78 2
4 4 78 13
3 4 944 5
3 3 944 1
7 7 1022 19
10 10 1177 1
12 12 459 2
12 3 784 1
12 12 784 4
17 8 634 11
17 17 634 10
19 19 1130 3
18 18 926 5
18 5 1076 4
18 18 1076 5
2 1 721 3
2 2 721 6
4 4 640 4
5 11 895 13
5 5 895 2
12 4 13 11
12 12 13 2
12 12 602 6
17 14 1216 1
17 17 1216 7
2 10 23 3
2 2 23 1
5 8 1350 9
5 5 1350 2
14 8 826 14
14 14 826 5
10 12 119 5
10 10 119 17
17 17 849 2
16 16 684 6
18 9 242 6
18 18 242 13
4 14 617 4
4 4 617 2
5 5 1381 1
6 6 1060 15
4 8 1157 12
4 4 1157 6
6 6 617 32
12 2 696 7
12 12 696 5
14 13 684 12
14 14 684 1
1 1 936 5
2 3 1110 13
2 2 1110 9
0 0 517 6
4 14 53 4
4 4 53 5
18 3 846 8
18 18 846 6
9 9 756 12
0 0 1273 4
2 2 680 7
3 11 202 11
3 3 202 2
4 9 196 2
4 4 196 3
11 16 186 9
11 11 186 23
3 3 814 20
10 10 1220 60
12 17 155 6
12 12 155 3
12 3 1133 14
12 12 1133 1
0 0 56 4
18 4 699 6
18 18 699 8
18 18 1279 6
7 7 863 5
13 13 1110 16
16 16 1038 11
15 15 901 10
18 0 436 14
18 18 436 2
19 19 735 13
4 4 743 1
4 17 60 12
4 4 60 9
3 1 972 14
3 3 972 5
11 11 1224 1
12 18 505 7
12 12 505 3
18 13 455 10
18 18 455 1
0 0 651 19
4 5 195 14
4 4 195 1
18 7 1240 9
18 18 1240 4
4 19 1109 14
4 4 1109 1
5 7 865 13
5 5 865 4
18 10 138 2
18 18 138 9
11 16 179 6
11 11 179 2
8 12 436 6
8 8 436 2
13 13 139 18
14 14 412 4
17 17 72 2
14 7 1074 6
14 14 1074 1
2 2 444 9
4 15 338 1
4 4 338 2
6 6 545 17
19 19 1133 34
7 13 376 12
7 7 376 2
13 2 1251 2
13 13 1251 5
14 1 271 1
14 14 271 6
13 13 1341 14
18 18 233 5
2 0 303 6
2 2 303 9
14 8 1375 1
14 14 1375 7
4 7 607 12
4 4 607 7
3 3 465 36
4 19 1163 12
4 4 1163 5
10 10 447 5
11 4 970 11
11 11 970 2
11 11 401 19
12 2 353 2
12 12 353 1
12 12 686 7
18 11 431 8
18 18 431 1
0 0 174 3
0 5 1112 3
0 0 1112 5
4 3 59 9
4 4 59 1
8 7 62 5
8 8 62 12
7 7 30 7
7 12 997 10
7 7 997 10
12 12 829 2
14 10 500 7
14 14 500 2
2 4 1390 4
2 2 1390 1
18 4 907 8
18 18 907 1
4 17 893 13
4 4 893 8
4 4 202 1
5 5 196 9
5 18 671 14
5 5 671 2
10 3 1383 14
10 10 1383 4
16 16 1374 11
12 10 583 10
12 12 583 4
0 3 972 5
0 0 972 2
3 6 329 3
3 3 329 16
4 2 345 13
4 4 345 2
4 3 1251 13
4 4 1251 4
7 2 369 1
7 7 369 1
12 9 137 1
12 12 137 3
17 17 836 2
18 18 685 1
2 6 915 6
2 2 915 3
5 2 1157 3
5 5 1157 8
4 4 915 2
4 4 1394 2
7 11 390 11
7 7 390 16
17 11 1223 1
17 17 1223 13
7 1 1304 3
7 7 1304 22
0 0 203 6
12 1 677 8
12 12 677 2
18 18 572 2
16 16 362 48
2 2 770 14
4 13 725 7
4 4 725 1
6 6 826 2
7 7 23 7
17 0 425 14
17 17 425 9
15 7 1144 8
15 15 1144 4
6 15 164 14
6 6 164 24
17 13 899 4
17 17 899 2
3 3 289 5
4 16 177 10
4 4 177 7
5 5 205 4
9 9 91 15
12 9 638 13
12 12 638 9
15 15 681 6
14 18 931 14
14 14 931 2
18 18 328 4
2 2 398 11
3 17 1240 1
3 3 1240 7
4 12 365 7
4 4 365 12
7 7 821 5
7 7 640 19
14 7 1086 3
14 14 1086 1
17 14 951 10
17 17 951 5
1 1 286 33
16 16 195 22
2 2 1163 4
16 16 1385 8
4 18 922 4
4 4 922 1
6 6 503 24
14 17 228 10
14 14 228 2
17 15 974 7
17 17 974 2
6 13 833 8
6 6 833 6
18 0 417 6
18 18 417 1
1 1 639 7
0 18 1110 14
0 0 1110 2
19 19 754 9
3 4 1059 13
3 3 1059 1
12 17 89 2
12 12 89 9
13 13 805 6
17 18 1044 14
17 17 1044 2
11 11 1219 1
19 10 1167 11
19 19 1167 8
3 5 294 8
3 3 294 1
4 9 184 9
4 4 184 9
3 7 1200 4
3 3 1200 2
19 19 1116 4
14 7 201 10
14 14 201 1
12 8 40 6
12 12 40 4
17 16 1362 12
17 17 1362 30
12 12 898 6
18 1 633 6
18 18 633 3
2 2 393 5
5 16 1329 13
5 5 1329 8
7 2 818 10
7 7 818 1
12 6 191 1
12 12 191 6
17 7 611 4
17 17 611 6
16 16 826 24
12 12 216 3
2 7 312 3
2 2 312 4
6 6 192 10
12 4 480 13
12 12 480 12
17 17 1148 2
17 10 266 2
17 17 266 1
18 16 408 2
18 18 408 3
18 18 558 6
19 16 763 3
19 19 763 35
5 1 377 8
5 5 377 3
12 11 80 13
12 12 80 1
14 7 1315 11
14 14 1315 9
3 3 1292 9
16 16 19 6
0 16 1244 4
0 0 1244 4
4 15 874 9
4 4 874 2
5 5 63 9
17 8 401 1
17 17 401 2
12 12 620 5
14 13 1185 6
14 14 1185 3
14 9 933 2
14 14 933 2
14 5 1306 13
14 14 1306 5
10 10 1215 1
8 1 935 1
8 8 935 52
9 9 1043 10
17 19 815 7
17 17 815 1
13 13 1313 12
18 7 1379 4
18 18 1379 2
4 2 453 5
4 4 453 4
5 8 465 7
5 5 465 5
18 7 279 3
18 18 279 3
7 7 1287 2
9 9 1148 3
6 9 608 9
6 6 608 3
12 12 261 2
12 16 850 1
12 12 850 22
0 14 325 10
0 0 325 5
2 2 1036 1
4 9 31 10
4 4 31 2
18 18 442 11
8 8 645 13
9 9 871 3
11 14 688 2
11 11 688 2
0 11 209 1
0 0 209 2
13 13 652 7
18 15 310 7
18 18 310 4
17 0 585 11
17 17 585 7
17 18 412 6
17 17 412 3
19 19 442 5
5 1 1426 2
5 5 1426 2
3 3 747 17
4 4 1072 7
11 11 1402 2
11 11 769 19
12 5 619 13
12 12 619 1
15 15 1225 4
17 8 45 1
17 17 45 3
2 2 1253 1
6 6 142 22
0 0 1309 7
2 19 561 8
2 2 561 1
4 16 992 2
4 4 992 1
3 3 1231 5
7 7 800 2
14 14 1043 16
17 17 363 20
18 13 196 1
18 18 196 6
18 6 464 11
18 18 464 1
18 5 1370 11
18 18 1370 3
5 0 474 4
5 5 474 3
5 5 917 4
2 2 507 4
18 19 394 7
18 18 394 4
2 2 1031 2
16 16 929 1
2 12 189 11
2 2 189 1
2 16 742 12
2 2 742 4
3 15 579 13
3 3 579 10
3 3 1046 13
19 19 1103 3
5 10 806 11
5 5 806 11
18 12 411 13
18 18 411 5
12 8 70 4
12 12 70 1
15 15 1185 28
14 3 524 1
14 14 524 2
18 1 285 1
18 18 285 1
18 9 998 3
18 18 998 3
2 10 483 10
2 2 483 6
13 13 768 15
17 17 40 5
15 1 556 8
15 15 556 19
17 16 723 7
17 17 723 18
18 18 889 1
16 16 902 4
1 7 1101 4
1 1 1101 26
4 4 1007 11
4 17 292 4
4 4 292 4
9 9 1053 5
16 16 166 19
13 13 50 29
12 19 1086 13
12 12 1086 1
0 0 233 1
13 13 659 10
4 4 944 3
5 5 1250 7
3 3 1349 11
17 10 103 4
17 17 103 6
9 10 768 7
9 9 768 4
5 19 1369 14
5 5 1369 3
0 1 717 8
0 0 717 4
4 7 688 5
4 4 688 5
4 6 13 5
4 4 13 4
5 3 340 14
5 5 340 3
6 11 1134 4
6 6 1134 11
9 9 1316 7
11 11 117 11
13 13 841 36
12 6 983 4
12 12 983 6
14 8 418 1
14 14 418 2
19 19 1195 7
2 19 492 6
2 2 492 4
18 7 1143 7
18 18 1143 2
3 18 258 7
3 3 258 10
12 4 204 13
12 12 204 12
17 12 1342 2
17 17 1342 3
7 7 519 14
19 19 569 8
5 5 1301 1
8 8 1031 1
5 14 630 10
5 5 630 2
11 12 1074 13
11 11 1074 5
11 11 908 54
4 2 686 2
4 4 686 2
13 13 1356 13
2 2 1126 21
5 8 834 8
5 5 834 1
8 8 96 31
7 7 935 12
17 17 931 1
4 4 703 2
17 17 1408 1
11 11 1041 1
9 9 772 46
18 8 984 3
18 18 984 4
2 6 501 2
2 2 501 1
0 0 1316 2
2 2 619 1
8 6 1012 7
8 8 1012 10
4 4 1069 3
19 19 512 2
9 1 747 4
9 9 747 7
14 14 1217 5
19 19 951 14
12 12 1117 8
5 5 755 4
2 6 1230 1
2 2 1230 13
18 10 1332 7
18 18 1332 4
2 1 977 10
2 2 977 17
8 8 1038 9
3 0 1314 4
3 3 1314 35
6 6 50 2
7 10 1185 8
7 7 1185 1
12 12 346 3
14 16 146 1
14 14 146 3
17 17 350 1
5 1 1044 5
5 5 1044 8
18 14 762 5
18 18 762 18
2 16 279 2
2 2 279 6
2 10 832 12
2 2 832 7
5 4 1236 10
5 5 1236 14
1 1 411 7
5 0 309 5
5 5 309 7
9 9 818 4
11 11 18 5
2 16 1050 13
2 2 1050 2
17 17 1105 3
16 10 487 4
16 16 487 36
0 16 731 12
0 0 731 1
0 12 1024 12
0 0 1024 14
3 11 227 5
3 3 227 8
18 6 1134 11
18 18 1134 1
13 13 891 1
12 12 1298 1
2 7 1366 9
2 2 1366 13
2 4 57 1
2 2 57 11
2 0 610 14
2 2 610 7
5 3 727 12
5 5 727 10
9 18 906 13
9 9 906 29
17 15 1320 10
17 17 1320 2
18 9 860 14
18 18 860 3
2 9 936 5
2 2 936 4
19 19 1018 3
18 7 892 4
18 18 892 5
8 8 1077 3
5 5 632 2
7 5 1182 13
7 7 1182 3
12 17 337 14
12 12 337 2
14 12 149 9
14 14 149 5
16 16 729 1
0 12 254 12
0 0 254 1
1 1 224 12
8 8 1359 5
4 4 416 6
5 5 318 22
6 15 452 11
6 6 452 13
11 8 851 12
11 11 851 25
12 10 1210 6
12 12 1210 4
0 11 312 11
0 0 312 2
18 13 1233 6
18 18 1233 7
2 15 714 1
2 2 714 2
8 8 680 3
8 1 253 14
8 8 253 13
11 11 725 10
16 16 1078 29
14 14 1289 2
14 14 1000 10
4 10 828 6
4 4 828 5
3 3 716 12
10 10 1318 21
13 13 197 9
17 13 884 4
17 17 884 4
4 4 574 19
2 1 1216 5
2 2 1216 14
2 15 374 8
2 2 374 2
5 5 1205 10
6 6 987 9
4 2 1186 9
4 4 1186 7
7 9 893 7
7 7 893 3
7 7 1249 19
12 17 1333 9
12 12 1333 2
1 1 566 34
18 18 1209 4
3 3 535 12
5 5 1010 7
10 16 1048 3
10 10 1048 12
12 5 479 12
12 12 479 1
18 7 489 9
18 18 489 8
2 14 709 4
2 2 709 5
4 10 225 8
4 4 225 2
5 0 253 13
5 5 253 5
13 15 674 13
13 13 674 2
14 14 1296 1
12 12 1280 11
19 19 49 8
2 16 11 5
2 2 11 4
1 1 1073 28
4 4 827 1
4 6 1050 10
4 4 1050 14
9 9 1233 35
13 13 563 29
17 6 688 14
17 17 688 8
14 11 1142 7
14 14 1142 13
0 13 93 2
0 0 93 10
18 18 852 6
18 6 1313 10
18 18 1313 3
3 3 399 1
3 3 834 10
18 9 398 4
18 18 398 10
4 5 1193 12
4 4 1193 1
9 11 1058 7
9 9 1058 4
13 13 79 15
14 10 103 14
14 14 103 6
16 8 727 7
16 16 727 2
1 1 527 3
5 9 991 11
5 5 991 19
8 8 1405 10
8 8 280 7
11 11 626 8
14 19 1384 13
14 14 1384 3
18 18 941 2
0 8 1045 9
0 0 1045 11
5 5 1104 6
12 3 24 8
12 12 24 1
12 8 1010 12
12 12 1010 2
18 0 992 12
18 18 992 4
18 13 1106 4
18 18 1106 13
3 18 1265 12
3 3 1265 8
7 14 681 10
7 7 681 12
12 12 1356 13
1 1 785 18
17 17 252 1
6 4 1129 12
6 6 1129 5
4 17 1168 5
4 4 1168 2
7 7 1157 1
12 3 651 7
12 12 651 3
12 18 1214 3
12 12 1214 8
19 19 715 20
4 0 1319 3
4 4 1319 2
7 7 896 25
15 9 740 14
15 15 740 8
12 12 461 1
8 8 613 4
14 10 520 8
14 14 520 2
2 6 727 14
2 2 727 4
0 11 721 4
0 0 721 8
3 3 658 3
5 0 239 10
5 5 239 8
8 8 349 27
5 5 885 1
9 9 228 3
10 10 250 18
15 15 1317 13
15 15 1168 17
16 16 551 10
5 5 661 10
0 14 993 7
0 0 993 8
19 19 498 7
18 18 255 5
7 7 219 12
12 13 230 7
12 12 230 13
12 17 563 5
12 12 563 8
12 12 1144 1
14 15 315 1
14 14 315 20
0 2 43 10
0 0 43 6
18 18 838 8
2 12 323 6
2 2 323 10
5 8 1184 13
5 5 1184 11
4 17 501 2
4 4 501 1
5 18 385 6
5 5 385 1
12 8 373 3
12 12 373 2
11 15 1120 1
11 11 1120 8
12 8 1231 6
12 12 1231 18
15 15 365 17
14 14 799 14
18 11 12 5
18 18 12 3
18 18 729 9
4 14 754 13
4 4 754 5
4 4 1416 2
11 11 1245 11
2 19 1119 8
2 2 1119 1
14 14 480 1
0 2 260 9
0 0 260 2
1 1 394 1
0 12 702 12
0 0 702 11
2 2 101 9
8 8 324 25
7 7 67 5
11 11 1322 8
15 15 353 12
12 12 992 1
14 14 403 1
16 16 542 9
0 7 1016 5
0 0 1016 8
18 14 1092 12
18 18 1092 1
3 13 808 3
3 3 808 2
19 19 1056 31
4 14 1271 3
4 4 1271 14
9 9 561 21
14 18 166 2
14 14 166 5
14 4 1059 5
14 14 1059 10
12 1 1143 13
12 12 1143 1
14 14 258 1
17 5 238 14
17 17 238 3
19 19 1355 5
5 8 1380 12
5 5 1380 1
4 2 508 3
4 4 508 2
6 6 967 20
6 19 8 14
6 6 8 2
10 10 881 2
9 9 1410 12
14 14 120 8
14 4 685 8
14 14 685 5
5 18 1053 8
5 5 1053 3
1 1 530 34
2 9 822 3
2 2 822 6
8 9 1298 6
8 8 1298 14
3 3 966 6
14 14 1405 3
14 3 491 10
14 14 491 9
15 15 411 16
18 5 611 10
18 18 611 22
14 12 1397 12
14 14 1397 8
1 1 1260 15
5 5 209 15
6 14 298 13
6 6 298 13
17 14 161 4
17 17 161 2
16 16 57 3
17 17 515 3
14 15 1069 8
14 14 1069 1
18 19 809 5
18 18 809 27
2 15 418 9
2 2 418 1
2 19 1007 11
2 2 1007 1
2 3 600 4
2 2 600 1
3 3 785 15
10 10 1001 28
11 11 839 12
1 1 395 3
12 5 545 8
12 12 545 3
12 18 1134 1
12 12 1134 2
13 14 1283 6
13 13 1283 3
19 6 1360 14
19 19 1360 9
18 12 1285 6
18 18 1285 1
2 14 926 14
2 2 926 1
4 13 593 1
4 4 593 11
4 3 942 3
4 4 942 2
4 15 507 12
4 4 507 1
3 3 1397 21
13 13 115 16
12 10 1277 3
12 12 1277 3
19 1 1034 8
19 19 1034 17
1 1 1396 2
19 16 1281 10
19 19 1281 11
4 3 394 2
4 4 394 11
6 6 402 16
7 7 1007 9
12 13 964 2
12 12 964 19
17 17 619 15
17 5 360 12
17 17 360 3
7 8 711 8
7 7 711 4
4 11 204 5
4 4 204 13
4 15 1110 14
4 4 1110 3
7 7 177 11
7 12 636 11
7 7 636 4
12 0 1315 1
12 12 1315 5
2 4 998 2
2 2 998 9
2 7 265 2
2 2 265 4
17 12 672 14
17 17 672 5
8 8 908 8
11 11 892 15
13 13 592 2
12 7 1125 14
12 12 1125 5
15 15 715 3
19 19 1369 14
18 18 691 1
4 17 917 14
4 4 917 1
4 17 1396 6
4 4 1396 6
18 1 28 4
18 18 28 1
5
1 17 138
8 11 97
14 16 491
15 6 517
2 3 552
