20 4983
18 3 1167 4
18 18 1167 18
2 11 776 12
2 2 776 4
3 4 170 4
3 3 170 4
9 9 183 3
11 11 90 1
12 12 830 11
17 17 620 18
1 4 810 3
1 1 810 5
0 7 643 3
0 0 643 2
1 2 1278 5
1 1 1278 1
4 11 1117 6
4 4 1117 26
16 6 385 9
16 16 385 11
17 17 1383 8
0 0 973 15
0 0 1330 11
3 3 328 2
4 4 346 2
8 8 947 32
7 5 368 12
7 7 368 2
9 9 548 46
7 7 1105 2
12 12 138 3
0 16 636 9
0 0 636 7
0 1 1152 12
0 0 1152 8
17 17 1323 11
12 11 281 11
12 12 281 1
15 15 906 12
14 14 646 3
0 18 369 12
0 0 369 3
0 0 189 7
2 12 214 11
2 2 214 1
3 13 147 7
3 3 147 6
6 6 758 5
4 4 1282 3
17 17 1042 13
17 17 424 6
1 14 89 14
1 1 89 2
1 8 1271 13
1 1 1271 1
6 6 1084 12
4 4 1092 2
10 10 153 18
7 16 1081 12
7 7 1081 3
16 16 1366 6
16 16 634 3
2 18 1305 4
2 2 1305 7
0 0 1289 3
3 4 433 7
3 3 433 8
2 2 1191 3
7 9 1102 10
7 7 1102 3
10 5 1278 12
10 10 1278 11
9 9 877 17
15 15 148 30
18 18 216 14
5 5 494 19
2 5 1391 8
2 2 1391 5
9 9 336 3
10 10 430 10
10 5 1089 7
10 10 1089 15
14 14 84 6
14 14 649 3
18 18 107 16
18 18 597 2
18 8 1153 3
18 18 1153 5
17 2 194 1
17 17 194 2
7 12 1181 4
7 7 1181 4
8 8 898 5
2 2 699 1
11 11 953 2
0 6 1222 8
0 0 1222 25
18 18 1382 3
4 4 1091 1
2 2 867 2
16 16 1357 9
18 18 863 12
14 19 1184 10
14 14 1184 12
1 2 853 14
1 1 853 2
1 1 1145 1
3 1 781 8
3 3 781 4
6 6 92 10
14 18 387 8
14 14 387 9
0 18 5 4
0 0 5 1
18 8 1385 4
18 18 1385 3
6 6 495 2
15 0 178 11
15 15 178 7
17 17 1139 1
17 17 265 3
18 4 409 1
18 18 409 11
1 1 631 5
2 2 168 3
2 4 789 10
2 2 789 1
8 8 1356 3
3 3 1067 1
7 16 979 11
7 7 979 2
16 3 20 9
16 16 20 79
2 2 494 13
3 12 741 5
3 3 741 3
8 12 366 6
8 8 366 18
5 5 836 6
7 9 1071 1
7 7 1071 4
1 1 686 12
1 7 273 8
1 1 273 1
3 17 447 11
3 3 447 9
6 6 514 3
8 8 509 9
7 1 753 4
7 7 753 2
7 7 1212 8
15 15 185 3
12 12 1033 24
17 17 196 3
2 15 1178 9
2 2 1178 1
1 8 130 10
1 1 130 4
1 11 1336 6
1 1 1336 5
3 18 1366 6
3 3 1366 6
3 9 799 6
3 3 799 2
11 7 546 3
11 11 546 5
12 12 262 5
17 16 1140 5
17 17 1140 26
0 0 139 4
2 4 748 2
2 2 748 10
4 4 707 25
13 13 249 45
3 9 1040 12
3 3 1040 2
5 3 828 14
5 5 828 8
10 10 291 25
13 13 481 8
14 14 465 5
18 18 291 7
2 2 671 1
18 2 1234 7
18 18 1234 8
14 14 949 4
14 4 1076 8
14 14 1076 6
1 15 1099 5
1 1 1099 2
3 1 420 11
3 3 420 13
6 13 517 13
6 6 517 8
8 12 484 10
8 8 484 25
11 11 695 13
7 18 1205 5
7 7 1205 3
10 10 1259 9
2 14 1173 7
2 2 1173 5
18 18 1371 1
3 8 1375 2
3 3 1375 7
7 7 944 8
2 2 680 1
15 15 1075 1
17 18 944 4
17 17 944 7
18 18 395 11
18 18 84 22
2 15 186 2
2 2 186 2
4 4 7 4
13 13 644 4
14 14 472 4
17 5 404 12
17 17 404 8
1 17 1235 7
1 1 1235 15
5 5 32 4
9 9 37 9
15 15 1306 16
15 15 652 3
19 19 998 31
5 5 433 21
10 13 499 3
10 10 499 1
9 9 1052 19
12 12 754 16
16 16 800 1
17 13 182 9
17 17 182 8
18 18 649 20
19 19 237 5
3 16 1348 9
3 3 1348 3
11 11 1165 1
12 8 308 3
12 12 308 8
17 14 937 12
17 17 937 1
1 3 919 1
1 1 919 11
2 14 1055 11
2 2 1055 4
19 19 346 14
1 11 842 2
1 1 842 11
12 12 976 5
17 8 570 4
17 17 570 5
5 12 1226 6
5 5 1226 12
19 19 1194 60
1 13 459 3
1 1 459 3
19 19 20 3
3 3 515 4
4 4 157 2
2 2 1244 5
8 10 259 4
8 8 259 40
9 9 46 7
7 10 591 3
7 7 591 12
13 1 526 4
13 13 526 4
12 12 538 6
14 19 382 11
14 14 382 5
2 17 1268 2
2 2 1268 6
4 13 983 12
4 4 983 5
18 19 1158 9
18 18 1158 1
9 16 626 8
9 9 626 23
9 9 1029 23
8 8 753 17
12 12 745 1
14 14 136 3
16 16 748 15
19 19 242 27
1 10 1283 6
1 1 1283 21
3 10 108 13
3 3 108 7
4 9 435 12
4 4 435 5
12 0 307 12
12 12 307 1
13 13 1041 10
1 5 595 10
1 1 595 2
14 3 1389 3
14 14 1389 8
2 0 761 3
2 2 761 1
3 12 253 2
3 3 253 6
4 4 245 1
18 18 1251 2
6 6 785 3
17 0 1087 14
17 17 1087 4
11 9 1299 5
11 11 1299 17
7 12 1410 10
7 7 1410 1
14 11 317 11
14 14 317 1
12 16 117 7
12 12 117 3
14 17 1340 4
14 14 1340 2
18 18 268 2
19 13 29 10
19 19 29 5
1 16 1069 4
1 1 1069 2
5 16 18 1
5 5 18 3
7 1 580 9
7 7 580 4
7 10 1043 2
7 7 1043 2
14 15 1146 12
14 14 1146 3
17 17 1334 10
15 15 807 13
2 10 357 12
2 2 357 4
2 2 942 2
3 12 1317 13
3 3 1317 2
13 13 502 3
10 10 1156 5
12 12 736 4
15 15 852 1
16 16 739 9
1 8 571 5
1 1 571 3
0 1 1426 6
0 0 1426 4
18 4 1284 11
18 18 1284 10
3 10 1023 4
3 3 1023 1
8 8 104 31
10 10 827 13
11 11 21 22
12 4 298 9
12 12 298 8
12 5 887 4
12 12 887 7
17 7 146 12
17 17 146 2
1 1 31 3
19 0 360 12
19 19 360 16
1 3 1205 2
1 1 1205 1
5 5 1124 15
3 4 697 10
3 3 697 2
3 19 1036 9
3 3 1036 4
5 5 325 20
16 16 1288 15
17 17 127 19
1 19 786 12
1 1 786 3
19 19 34 4
18 13 1126 4
18 18 1126 5
7 7 701 8
9 9 1190 30
14 19 1149 10
14 14 1149 3
12 12 520 4
19 19 1332 14
1 1 643 11
2 1 937 11
2 2 937 2
3 5 384 3
3 3 384 1
8 8 384 26
7 17 722 12
7 7 722 6
9 9 1079 24
14 12 154 12
14 14 154 2
2 10 1145 6
2 2 1145 14
13 13 1410 10
4 10 543 2
4 4 543 14
6 6 453 28
14 5 864 6
14 14 864 13
7 12 1379 6
7 7 1379 2
15 15 901 5
13 13 994 1
16 16 479 1
16 16 932 14
17 6 302 14
17 17 302 12
19 19 1279 1
18 18 1230 4
5 5 243 3
8 11 254 4
8 8 254 5
7 14 94 10
7 7 94 4
7 19 549 8
7 7 549 10
12 12 107 10
17 17 1242 12
17 11 112 5
17 17 112 11
2 17 1326 8
2 2 1326 1
1 3 1087 7
1 1 1087 5
4 4 829 5
3 4 1154 5
3 3 1154 2
10 10 81 28
14 14 1092 6
18 15 858 14
18 18 858 5
2 16 928 4
2 2 928 6
4 4 972 7
18 4 579 2
18 18 579 10
7 7 1174 3
18 13 595 7
18 18 595 1
17 2 772 14
17 17 772 2
13 1 1195 2
13 13 1195 12
14 6 779 10
14 14 779 7
0 8 1120 9
0 0 1120 32
3 5 67 13
3 3 67 1
14 14 46 17
9 9 803 2
7 7 1368 4
12 12 869 11
17 0 917 8
17 17 917 11
17 19 472 9
17 17 472 4
18 18 486 10
1 4 1159 1
1 1 1159 1
5 5 1110 5
4 3 1384 5
4 4 1384 14
1 2 471 5
1 1 471 1
16 0 771 2
16 16 771 4
8 8 1002 1
7 7 281 13
0 1 41 13
0 0 41 8
7 0 1150 13
7 7 1150 6
14 14 1103 24
17 17 1305 11
2 18 955 2
2 2 955 1
5 5 617 4
11 2 939 3
11 11 939 5
1 1 389 3
12 12 73 9
17 17 320 1
14 9 786 8
14 14 786 1
14 3 851 12
14 14 851 8
3 13 978 6
3 3 978 2
5 5 1018 4
9 7 145 10
9 9 145 1
7 1 906 13
7 7 906 3
1 1 717 4
13 16 788 13
13 13 788 11
3 3 1285 3
18 18 631 14
2 14 144 7
2 2 144 1
6 6 680 22
7 3 419 1
7 7 419 2
12 12 25 4
1 10 869 4
1 1 869 1
2 1 588 11
2 2 588 3
3 7 829 6
3 3 829 7
3 12 1264 14
3 3 1264 6
4 4 1026 3
7 3 1143 13
7 7 1143 7
12 2 1423 7
12 12 1423 6
0 16 922 3
0 0 922 3
3 3 842 3
11 11 1110 1
7 2 1156 8
7 7 1156 4
11 1 1121 3
11 11 1121 2
13 13 1384 16
1 0 519 6
1 1 519 2
1 7 202 4
1 1 202 1
6 6 1296 19
5 18 296 3
5 5 296 16
4 9 1312 1
4 4 1312 5
9 9 813 10
7 18 1358 13
7 7 1358 2
11 11 49 19
11 5 398 9
11 11 398 6
13 13 472 1
17 18 903 14
17 17 903 4
17 17 458 4
18 18 1083 1
1 1 1169 13
3 3 661 1
5 5 238 5
9 9 235 25
18 3 843 13
18 18 843 15
15 15 1171 7
17 18 528 12
17 17 528 1
16 16 536 16
2 2 26 6
8 8 920 10
9 9 527 12
11 11 287 5
14 15 199 12
14 14 199 19
14 14 877 6
2 12 1194 1
2 2 1194 3
1 4 338 10
1 1 338 3
4 4 953 19
5 19 384 5
5 5 384 2
8 8 444 3
10 1 887 4
10 10 887 25
18 19 179 13
18 18 179 1
11 11 985 8
14 14 683 4
2 16 1117 3
2 2 1117 6
0 0 512 7
2 2 243 9
15 15 211 18
5 5 273 5
19 19 557 12
11 9 509 11
11 11 509 4
16 16 1185 2
2 5 98 3
2 2 98 3
4 9 223 12
4 4 223 2
3 16 1105 9
3 3 1105 8
7 7 521 3
17 13 1395 5
17 17 1395 3
0 0 436 2
0 0 1326 2
18 14 1093 10
18 18 1093 4
4 15 785 8
4 4 785 2
4 4 366 13
0 12 258 4
0 0 258 2
10 10 568 10
12 3 555 8
12 12 555 4
13 3 665 6
13 13 665 16
14 18 884 1
14 14 884 1
2 2 347 10
3 5 485 9
3 3 485 2
4 4 509 1
4 4 1159 1
7 16 1274 7
7 7 1274 14
13 13 121 33
17 17 992 5
13 13 1231 17
18 18 721 8
2 2 823 6
3 16 191 9
3 3 191 5
2 6 678 2
2 2 678 2
6 6 1096 13
5 5 683 1
5 5 870 21
8 8 1221 1
15 15 1322 1
17 17 1215 6
17 4 514 12
17 17 514 1
15 15 11 5
0 0 395 2
18 18 806 17
7 2 663 9
7 7 663 6
9 9 1228 14
16 17 267 1
16 16 267 17
12 18 1329 14
12 12 1329 1
19 19 1363 1
5 5 1195 12
3 5 929 10
3 3 929 3
19 19 466 5
7 14 1267 9
7 7 1267 3
19 19 905 32
16 16 410 11
2 2 1071 5
2 2 197 4
2 13 782 2
2 2 782 4
3 14 974 3
3 3 974 4
6 6 846 6
5 2 990 5
5 5 990 11
10 10 261 2
11 11 491 3
14 1 499 14
14 14 499 12
1 18 976 11
1 1 976 4
18 14 431 12
18 18 431 15
12 1 61 11
12 12 61 12
13 13 340 32
17 4 763 9
17 17 763 5
15 15 16 12
0 0 386 9
0 19 1015 14
0 0 1015 8
13 11 1021 3
13 13 1021 5
2 2 999 4
2 5 592 9
2 2 592 6
4 4 348 18
5 5 549 15
10 3 913 14
10 10 913 4
9 9 111 23
11 11 258 12
17 18 548 9
17 17 548 4
12 12 729 7
2 2 1207 8
3 15 467 2
3 3 467 1
7 7 854 12
14 14 700 10
1 1 952 2
6 6 1195 13
6 6 394 4
7 5 999 2
7 7 999 20
0 15 490 8
0 0 490 2
2 1 79 14
2 2 79 7
7 0 169 4
7 7 169 4
7 2 628 14
7 7 628 9
17 14 850 9
17 17 850 15
12 7 52 10
12 12 52 2
10 10 1057 9
14 14 357 3
2 15 1022 11
2 2 1022 1
2 4 555 2
2 2 555 5
3 2 331 2
3 3 331 4
7 11 830 2
7 7 830 5
9 3 1278 10
9 9 1278 5
10 10 1268 8
14 9 276 14
14 14 276 5
14 1 1098 9
14 14 1098 1
5 5 484 10
6 6 498 16
9 1 993 1
9 9 993 4
11 4 574 5
11 11 574 12
9 9 1103 9
12 12 282 15
13 13 100 21
3 3 45 3
1 19 945 9
1 1 945 2
1 1 47 3
2 2 215 6
2 2 768 8
9 10 977 7
9 9 977 3
14 19 1367 13
14 14 1367 3
12 12 822 4
15 12 570 6
15 15 570 8
1 9 802 1
1 1 802 8
18 18 589 1
16 16 968 3
1 0 782 8
1 1 782 4
7 11 621 14
7 7 621 7
9 9 1174 6
14 14 1165 1
15 19 1281 3
15 15 1281 25
17 16 1186 1
17 17 1186 23
16 16 182 18
14 15 929 11
14 14 929 4
4 4 1218 11
1 1 262 5
19 2 99 9
19 19 99 82
7 3 642 14
7 7 642 2
15 2 581 5
15 15 581 3
18 9 674 7
18 18 674 4
3 19 10 2
3 3 10 2
8 8 522 24
12 12 1259 12
13 14 1267 1
13 13 1267 22
2 2 174 4
1 17 1374 9
1 1 1374 8
3 15 622 13
3 3 622 6
4 17 1290 10
4 4 1290 5
7 18 981 9
7 7 981 9
18 18 9 36
17 17 1034 3
12 10 1402 8
12 12 1402 3
17 8 416 12
17 17 416 4
2 4 1406 12
2 2 1406 6
2 6 65 1
2 2 65 3
8 8 979 3
7 12 159 1
7 7 159 6
1 17 1027 7
1 1 1027 4
17 1 1360 11
17 17 1360 18
11 11 1213 2
14 8 936 11
14 14 936 4
18 7 321 2
18 18 321 9
0 18 988 2
0 0 988 8
3 8 441 2
3 3 441 6
8 8 930 15
7 12 812 14
7 7 812 9
9 3 1256 14
9 9 1256 7
15 13 496 4
15 15 496 2
15 15 874 27
16 16 828 35
13 13 1318 35
0 4 6 1
0 0 6 4
18 18 669 5
2 17 310 10
2 2 310 17
1 16 1318 12
1 1 1318 13
3 0 115 2
3 3 115 2
18 17 1272 7
18 18 1272 4
3 9 1360 12
3 3 1360 6
8 8 70 34
7 13 957 13
7 7 957 3
7 4 1288 11
7 7 1288 7
11 1 1011 9
11 11 1011 1
14 14 657 5
18 7 406 3
18 18 406 3
1 3 630 11
1 1 630 1
2 12 786 1
2 2 786 1
9 9 1335 20
12 13 82 11
12 12 82 25
17 17 1027 1
1 19 487 2
1 1 487 2
4 4 161 11
7 16 148 12
7 7 148 3
11 4 1351 11
11 11 1351 14
7 11 1070 6
7 7 1070 1
10 17 1310 6
10 10 1310 94
12 12 33 5
11 11 1271 6
1 17 685 8
1 1 685 1
14 13 606 9
14 14 606 13
2 2 333 7
17 16 363 5
17 17 363 8
4 8 304 13
4 4 304 1
14 14 745 9
14 14 802 12
2 5 1179 12
2 2 1179 4
6 6 914 77
11 11 447 1
10 10 197 1
0 0 327 34
1 14 50 14
1 1 50 4
3 6 1043 11
3 3 1043 5
5 4 352 14
5 5 352 28
16 16 1325 5
13 0 853 11
13 13 853 71
17 17 1028 2
14 6 470 11
14 14 470 2
17 17 402 2
9 7 1161 12
9 9 1161 8
17 5 1173 4
17 17 1173 9
0 7 101 1
0 0 101 2
1 14 1415 2
1 1 1415 13
8 8 1412 13
10 18 457 14
10 10 457 4
7 7 1204 1
15 15 940 1
17 0 420 4
17 17 420 4
3 3 97 11
5 5 472 12
11 11 993 18
16 16 1114 6
17 10 951 14
17 17 951 2
0 0 1085 2
3 2 1048 11
3 3 1048 2
8 8 654 14
10 2 670 1
10 10 670 22
7 7 960 2
9 9 1313 22
11 10 126 4
11 11 126 12
15 15 1187 12
15 15 469 27
2 16 1355 2
2 2 1355 3
0 8 818 8
0 0 818 1
18 15 735 8
18 18 735 2
10 11 980 13
10 10 980 4
2 2 1059 1
10 10 1122 6
17 17 1166 7
15 15 655 36
2 2 1274 9
1 1 1432 6
3 3 1334 7
19 19 1284 9
7 7 742 11
12 12 166 2
16 16 801 23
17 9 181 10
17 17 181 1
14 14 248 2
18 18 1363 8
5 5 1248 14
3 6 573 13
3 3 573 2
3 4 1351 6
3 3 1351 1
18 13 684 5
18 18 684 2
19 19 994 4
11 1 1164 5
11 11 1164 1
11 11 429 16
14 0 1419 11
14 14 1419 9
1 9 12 14
1 1 12 7
18 18 1250 1
4 0 15 4
4 4 15 13
3 17 1025 12
3 3 1025 9
8 8 693 25
7 14 114 5
7 7 114 4
12 8 127 8
12 12 127 1
17 17 1270 9
18 9 274 1
18 18 274 5
19 19 23 6
1 6 1067 10
1 1 1067 2
3 3 260 4
6 6 1040 14
10 10 616 7
7 7 1045 11
12 12 928 13
0 0 115 2
18 11 878 14
18 18 878 7
2 2 513 1
11 11 1076 34
11 14 910 8
11 11 910 9
12 12 746 8
2 2 282 1
1 0 1282 7
1 1 1282 1
4 4 444 1
7 6 442 11
7 7 442 3
14 14 621 15
4 1 1150 13
4 4 1150 5
1 16 594 7
1 1 594 1
0 15 710 6
0 0 710 19
2 1 758 11
2 2 758 3
4 4 697 10
3 10 691 6
3 3 691 5
11 16 959 9
11 11 959 4
7 4 107 12
7 7 107 4
1 14 735 10
1 1 735 3
11 1 108 4
11 11 108 7
17 3 389 10
17 17 389 10
1 6 792 14
1 1 792 3
1 19 451 9
1 1 451 1
3 3 1175 14
17 1 888 5
17 17 888 15
18 18 156 21
1 8 380 4
1 1 380 3
8 8 410 4
7 3 322 13
7 7 322 1
11 11 903 6
17 17 777 1
5 5 939 15
4 4 1357 5
7 2 1381 4
7 7 1381 4
15 15 1033 2
15 15 964 9
19 19 798 5
4 5 672 12
4 4 672 2
3 11 696 12
3 3 696 1
7 16 559 1
7 7 559 6
15 15 1214 2
16 16 573 13
1 5 452 2
1 1 452 2
19 19 472 5
2 4 608 1
2 2 608 6
7 13 700 12
7 7 700 1
11 11 242 2
14 14 1090 1
15 15 229 16
14 14 918 1
1 8 642 2
1 1 642 1
2 19 934 3
2 2 934 1
3 19 1325 7
3 3 1325 9
11 3 1058 6
11 11 1058 17
12 16 339 4
12 12 339 4
16 16 790 10
1 19 230 7
1 1 230 4
15 15 1041 21
7 2 919 5
7 7 919 11
15 15 973 12
13 17 1026 2
13 13 1026 15
1 1 428 3
17 17 485 11
7 3 89 5
7 7 89 5
10 10 207 7
12 11 433 14
12 12 433 20
1 7 1092 13
1 1 1092 4
2 9 1327 8
2 2 1327 15
0 0 798 3
0 9 1160 14
0 0 1160 1
3 4 379 7
3 3 379 5
11 0 618 12
11 11 618 17
8 8 1386 3
9 12 539 14
9 9 539 1
15 15 820 17
14 0 292 1
14 14 292 6
1 3 667 5
1 1 667 8
18 0 1316 12
18 18 1316 10
3 3 863 13
5 5 779 38
6 6 34 10
7 19 895 5
7 7 895 2
10 8 33 4
10 10 33 3
18 6 1207 3
18 18 1207 3
3 3 1004 17
13 13 421 6
19 10 1112 10
19 19 1112 7
0 1 870 10
0 0 870 25
7 0 1080 7
7 7 1080 1
4 4 194 29
5 2 694 5
5 5 694 4
6 16 332 1
6 6 332 5
11 15 716 6
11 11 716 15
15 15 635 17
13 13 1420 13
0 8 789 8
0 0 789 1
2 2 476 2
8 11 1003 8
8 8 1003 34
9 9 540 1
14 11 250 8
14 14 250 13
13 3 1309 10
13 13 1309 9
2 2 1241 3
5 5 1399 30
3 0 836 1
3 3 836 5
0 16 757 7
0 0 757 7
14 15 101 4
14 14 101 2
14 7 787 9
14 14 787 1
2 7 1096 6
2 2 1096 7
18 12 741 13
18 18 741 26
3 4 75 3
3 3 75 1
18 12 1119 12
18 18 1119 1
7 7 62 19
7 19 1360 3
7 7 1360 8
14 8 20 14
14 14 20 1
0 0 674 16
2 13 145 9
2 2 145 3
1 1 1183 5
18 7 177 1
18 18 177 2
9 9 225 2
11 11 1342 7
17 5 97 10
17 17 97 14
3 16 361 3
3 3 361 5
5 5 117 1
9 9 447 2
7 9 220 5
7 7 220 5
11 11 1423 3
18 4 106 12
18 18 106 1
16 16 689 50
1 9 34 12
1 1 34 3
19 10 604 12
19 19 604 8
0 0 999 10
3 7 845 9
3 3 845 1
7 11 877 1
7 7 877 17
7 8 1336 9
7 7 1336 3
14 14 108 1
15 15 358 38
4 4 732 4
1 14 518 9
1 1 518 1
3 12 519 1
3 3 519 4
7 15 898 8
7 7 898 6
19 19 993 1
12 12 1185 4
17 2 457 9
17 17 457 1
1 14 439 10
1 1 439 4
11 9 890 4
11 11 890 2
17 8 1401 11
17 17 1401 6
1 7 893 4
1 1 893 18
2 2 430 4
19 4 500 9
19 19 500 3
2 17 580 12
2 2 580 2
3 7 366 7
3 3 366 6
4 16 246 11
4 4 246 3
7 9 270 6
7 7 270 4
1 0 2 8
1 1 2 3
7 7 1135 8
0 0 699 6
3 6 1313 2
3 3 1313 4
3 11 40 9
3 3 40 5
3 5 946 8
3 3 946 2
9 5 305 7
9 9 305 3
11 17 984 8
11 11 984 1
11 11 292 9
14 14 119 17
18 18 693 10
10 15 605 4
10 10 605 11
2 12 829 1
2 2 829 7
3 15 185 7
3 3 185 6
17 12 1209 9
17 17 1209 6
10 10 856 5
7 11 1019 4
7 7 1019 3
12 12 787 19
1 18 392 1
1 1 392 2
5 5 1088 8
3 3 1104 1
11 11 1324 12
0 0 19 3
17 17 1394 1
15 15 1179 8
14 0 401 5
14 14 401 2
18 18 355 9
2 19 425 10
2 2 425 3
2 17 18 7
2 2 18 2
3 13 810 11
3 3 810 5
3 19 1249 5
3 3 1249 13
11 11 832 10
16 16 218 6
14 1 885 3
14 14 885 10
0 0 36 5
18 18 703 7
2 10 901 11
2 2 901 1
17 12 1407 5
17 17 1407 7
4 3 510 5
4 4 510 16
3 3 1171 3
10 10 392 38
12 12 699 30
14 9 396 4
14 14 396 3
0 0 1101 11
3 11 629 13
3 3 629 3
6 6 852 36
8 8 51 1
9 5 1297 7
9 9 1297 7
11 10 46 12
11 11 46 3
17 17 1069 7
0 3 834 7
0 0 834 3
18 9 1066 5
18 18 1066 17
1 10 1250 9
1 1 1250 3
3 8 207 10
3 3 207 12
3 8 642 1
3 3 642 13
3 18 1113 1
3 3 1113 5
11 6 744 14
11 11 744 28
18 12 123 11
18 18 123 6
12 12 588 4
15 15 10 1
0 0 1009 6
2 18 598 6
2 2 598 5
8 8 903 8
3 16 1274 14
3 3 1274 11
15 15 716 6
2 14 924 9
2 2 924 4
3 14 493 6
3 3 493 7
7 11 1319 5
7 7 1319 2
12 4 690 7
12 12 690 1
1 8 220 12
1 1 220 10
3 3 167 2
8 8 1307 1
11 16 656 8
11 11 656 39
14 2 1354 11
14 14 1354 9
14 14 549 15
1 6 410 2
1 1 410 18
14 17 583 12
14 14 583 11
3 19 1118 1
3 3 1118 2
7 2 179 11
7 7 179 3
7 6 638 7
7 7 638 2
15 15 781 3
14 7 1152 9
14 14 1152 13
1 19 267 7
1 1 267 6
0 8 1341 1
0 0 1341 1
6 6 548 13
7 0 373 8
7 7 373 4
9 0 545 5
9 9 545 3
12 12 141 15
16 16 200 18
2 13 1204 3
2 2 1204 2
19 19 197 13
5 5 1177 6
8 8 1224 7
4 4 1398 11
7 13 1308 10
7 7 1308 11
14 14 72 12
13 13 1216 11
19 19 1045 40
1 3 610 10
1 1 610 4
1 18 213 3
1 1 213 7
2 8 221 6
2 2 221 7
4 4 38 30
3 19 1421 6
3 3 1421 1
4 12 1285 2
4 4 1285 5
9 9 181 2
4 4 526 8
9 6 1283 2
9 9 1283 4
16 12 1175 14
16 16 1175 10
17 3 1055 4
17 17 1055 14
17 17 610 10
0 0 645 16
2 7 697 4
2 2 697 2
7 4 168 4
7 7 168 1
11 11 742 2
2 0 434 2
2 2 434 5
2 17 1023 14
2 2 1023 8
3 16 330 5
3 3 330 1
4 4 324 8
3 5 1236 2
3 3 1236 13
7 3 370 2
7 7 370 3
7 9 825 7
7 7 825 5
7 12 644 6
7 7 644 2
7 8 1107 5
7 7 1107 11
14 14 1082 3
14 17 160 11
14 14 160 16
15 15 722 2
1 1 714 3
3 18 475 11
3 3 475 10
8 8 1231 46
13 13 984 3
0 9 361 14
0 0 361 8
2 15 6 5
2 2 6 6
12 12 576 12
13 13 500 2
17 4 430 14
17 17 430 16
19 19 1163 4
0 4 855 9
0 0 855 6
0 8 1217 2
0 0 1217 2
2 5 688 12
2 2 688 4
4 3 1094 10
4 4 1094 18
11 2 162 12
11 11 162 15
13 13 93 5
12 4 902 8
12 12 902 6
2 8 1303 5
2 2 1303 2
18 4 784 5
18 18 784 5
2 16 397 13
2 2 397 5
5 5 1333 15
7 9 363 2
7 7 363 1
10 10 1276 2
14 18 1085 3
14 14 1085 5
1 18 707 14
1 1 707 7
1 8 182 10
1 1 182 2
18 14 1388 9
18 18 1388 6
12 1 880 1
12 12 880 7
11 11 1123 4
19 19 763 12
8 8 945 2
15 15 1062 13
14 2 90 11
14 14 90 7
1 1 636 6
5 5 1052 7
11 17 74 13
11 11 74 15
14 4 300 5
14 14 300 14
1 5 826 10
1 1 826 8
2 19 651 9
2 2 651 4
6 6 1077 7
12 12 781 6
7 7 158 1
11 11 788 22
15 15 691 1
18 18 190 16
1 18 286 12
1 1 286 6
7 7 762 4
9 10 1263 5
9 9 1263 15
8 8 1277 7
5 2 469 9
5 5 469 3
13 13 489 11
13 13 970 10
13 13 405 16
14 2 662 12
14 14 662 21
5 6 1102 7
5 5 1102 8
18 18 557 9
2 10 787 3
2 2 787 1
3 3 1069 3
5 5 817 11
9 9 168 13
13 13 656 5
0 9 805 8
0 0 805 2
0 5 1247 1
0 0 1247 42
2 2 642 7
6 6 311 5
6 6 625 4
4 19 1409 12
4 4 1409 1
7 6 151 8
7 7 151 3
7 19 1270 10
7 7 1270 4
14 14 1180 4
2 18 565 2
2 2 565 15
2 1 258 4
2 2 258 15
8 8 1045 20
11 11 1024 34
7 9 755 11
7 7 755 7
14 5 1039 3
14 14 1039 6
1 12 128 13
1 1 128 2
19 19 660 24
8 8 569 5
2 2 55 6
8 8 1037 8
11 2 446 14
11 11 446 1
15 15 1076 6
17 16 957 5
17 17 957 18
11 8 1349 10
11 11 1349 2
8 8 1342 3
3 0 1042 3
3 3 1042 1
8 8 1389 14
14 14 1268 6
12 1 1385 10
12 12 1385 17
18 18 289 2
2 0 487 10
2 2 487 4
6 6 262 15
17 6 1182 11
17 17 1182 4
14 7 1127 8
14 14 1127 17
17 19 986 8
17 17 986 6
5 5 513 8
7 16 797 3
7 7 797 9
12 12 168 10
12 12 252 3
2 8 882 2
2 2 882 17
3 16 906 2
3 3 906 4
19 19 1085 27
7 8 1220 11
7 7 1220 3
17 10 782 13
17 17 782 14
18 18 393 2
18 1 1256 12
18 18 1256 16
2 1 741 5
2 2 741 7
4 14 692 8
4 4 692 2
8 8 1317 7
18 18 1253 1
19 13 477 12
19 19 477 4
0 14 65 7
0 0 65 17
14 19 1279 14
14 14 1279 2
14 12 21 4
14 14 21 5
0 1 462 13
0 0 462 8
0 0 819 2
0 0 1400 20
19 19 452 8
6 6 1054 23
9 9 400 47
9 9 766 28
12 11 208 13
12 12 208 4
15 15 69 6
1 15 353 5
1 1 353 6
2 2 519 1
17 5 840 2
17 17 840 10
10 10 932 30
10 10 10 14
7 7 1196 8
2 2 899 2
18 6 901 13
18 18 901 13
15 15 1082 19
14 14 619 2
2 4 1053 14
2 2 1053 1
18 2 590 1
18 18 590 5
2 9 179 7
2 2 179 7
1 1 1209 3
8 8 1324 18
3 15 1024 11
3 3 1024 1
10 10 646 2
19 4 1394 4
19 19 1394 27
12 0 120 2
12 12 120 7
1 1 774 6
2 19 34 4
2 2 34 6
4 4 834 14
4 4 159 2
7 7 585 6
11 3 199 7
11 11 199 22
18 19 990 8
18 18 990 5
2 8 1266 11
2 2 1266 2
2 5 507 14
2 2 507 2
2 2 981 6
3 3 404 3
3 1 1342 4
3 3 1342 2
9 11 490 1
9 9 490 30
13 13 1353 6
0 0 552 4
2 11 283 4
2 2 283 1
2 15 836 1
2 2 836 2
9 15 1169 10
9 9 1169 2
4 4 445 14
1 1 891 2
7 1 1391 13
7 7 1391 17
12 12 1218 13
13 13 441 6
17 8 928 2
17 17 928 9
13 18 755 12
13 13 755 21
2 2 1044 1
2 2 138 6
19 19 792 4
3 17 690 9
3 3 690 1
5 5 143 38
14 12 1282 1
14 14 1282 1
16 16 967 1
2 18 1370 1
2 2 1370 11
1 1 450 1
2 15 61 8
2 2 61 4
2 5 614 3
2 2 614 6
3 1 1174 9
3 3 1174 1
7 17 1037 5
7 7 1037 2
14 14 1144 1
11 13 1203 9
11 11 1203 6
15 1 75 4
15 15 75 29
1 16 371 9
1 1 371 9
2 14 537 12
2 2 537 1
3 3 413 6
3 8 1319 5
3 3 1319 6
4 4 1215 3
7 8 445 2
7 7 445 10
7 1 1186 2
7 7 1186 10
16 16 1073 20
12 12 806 16
13 13 1207 5
2 5 274 4
2 2 274 8
2 1 863 3
2 2 863 4
13 13 39 30
9 7 380 12
9 9 380 14
9 9 823 9
10 10 1045 12
12 15 1204 10
12 12 1204 14
17 17 1110 29
3 3 135 9
14 13 639 13
14 14 639 1
2 10 133 11
2 2 133 5
1 1 1163 1
3 3 699 7
10 10 648 5
11 12 1290 7
11 11 1290 9
2 2 1365 5
1 1 475 12
2 2 459 1
0 0 1202 2
10 10 974 2
7 4 1034 4
7 7 1034 3
14 13 1091 4
14 14 1091 1
17 17 699 35
14 14 919 10
2 0 378 5
2 2 378 1
2 7 935 9
2 2 935 1
1 12 1109 12
1 1 1109 12
9 9 276 6
7 2 1179 12
7 7 1179 2
13 18 1359 4
13 13 1359 25
17 9 340 14
17 17 340 10
0 1 241 10
0 0 241 17
0 0 550 1
2 4 854 8
2 2 854 9
4 4 537 5
8 8 732 21
8 8 17 17
9 18 357 7
9 9 357 7
7 7 918 1
11 10 467 8
11 11 467 2
13 5 427 6
13 13 427 7
14 12 636 13
14 14 636 3
1 4 1016 10
1 1 1016 4
0 0 864 6
17 3 412 1
17 17 412 4
1 1 1164 5
3 5 672 11
3 3 672 9
6 6 769 16
5 5 775 4
9 13 649 7
9 9 649 12
9 13 1372 12
9 9 1372 27
16 16 1281 7
15 15 1158 13
0 0 1161 2
14 1 1295 9
14 14 1295 4
3 3 1156 8
7 7 692 8
13 10 567 1
13 13 567 32
17 1 7 5
17 17 7 5
0 2 425 5
0 0 425 11
7 2 894 5
7 7 894 1
7 11 709 3
7 7 709 9
15 15 938 2
2 11 228 14
2 2 228 4
4 10 426 14
4 4 426 9
19 19 481 8
7 14 911 8
7 7 911 7
17 1 907 4
17 17 907 10
16 16 925 7
19 19 376 13
3 14 681 2
3 3 681 1
8 8 797 29
5 5 693 1
7 11 81 10
7 7 81 8
11 18 1336 5
11 11 1336 6
17 8 975 4
17 17 975 7
12 12 1283 4
17 10 111 8
17 17 111 1
1 1 866 3
0 0 790 8
19 19 489 11
1 14 1078 4
1 1 1078 3
3 18 822 12
3 3 822 7
3 9 1165 6
3 3 1165 3
4 4 1029 9
16 16 289 44
17 17 693 6
7 7 952 5
14 4 948 5
14 14 948 1
9 2 1288 8
9 9 1288 9
7 7 1161 2
15 15 941 23
1 2 1389 10
1 1 1389 6
4 13 68 1
4 4 68 2
3 2 980 7
3 3 980 5
5 5 1016 2
10 10 367 2
12 2 465 4
12 12 465 11
1 13 1140 5
1 1 1140 3
12 12 1195 4
13 13 1075 20
1 13 96 2
1 1 96 3
16 0 1196 6
16 16 1196 14
1 13 1182 9
1 1 1182 1
3 9 219 8
3 3 219 11
11 11 708 4
1 1 1212 23
2 18 1342 2
2 2 1342 8
18 12 827 14
18 18 827 6
4 4 119 6
4 4 813 13
10 10 564 4
7 16 682 7
7 7 682 4
17 15 1296 10
17 17 1296 4
12 0 1148 13
12 12 1148 3
15 15 752 28
18 5 129 14
18 18 129 10
2 18 327 3
2 2 327 1
2 1 944 8
2 2 944 11
6 6 346 48
10 9 391 3
10 10 391 1
7 1 1339 12
7 7 1339 2
13 13 69 24
14 16 109 6
14 14 109 8
1 9 517 10
1 1 517 1
1 5 1382 12
1 1 1382 6
5 5 278 9
7 8 1352 4
7 7 1352 5
1 18 489 13
1 1 489 3
14 18 1227 3
14 14 1227 13
2 0 1414 6
2 2 1414 5
0 0 698 1
3 0 663 11
3 3 663 2
8 8 149 8
9 9 1399 16
14 14 1196 11
15 15 584 25
0 8 996 6
0 0 996 3
19 19 503 16
11 3 842 3
11 11 842 2
12 12 225 27
14 19 318 4
14 14 318 6
14 6 883 5
14 14 883 1
18 3 1294 4
18 18 1294 5
19 19 612 8
6 19 1273 6
6 6 1273 4
3 3 1288 5
5 5 601 4
11 11 366 17
14 14 399 2
10 10 130 2
2 13 1115 10
2 2 1115 1
18 5 1185 10
18 18 1185 3
19 19 725 13
5 5 1086 2
6 6 1220 10
4 3 391 13
4 4 391 8
5 11 287 14
5 5 287 9
17 7 575 10
17 17 575 9
16 16 1187 9
12 19 780 12
12 12 780 1
0 0 319 8
5 5 891 7
14 11 1207 6
14 14 1207 6
15 15 1178 1
14 19 604 8
14 14 604 2
0 13 438 3
0 0 438 11
18 4 1091 1
18 18 1091 1
19 7 947 5
19 19 947 7
4 4 787 2
6 6 124 1
1 18 855 3
1 1 855 11
19 19 738 16
10 15 1241 2
10 10 1241 18
19 19 1356 7
2 18 345 6
2 2 345 2
3 10 487 1
3 3 487 1
3 19 954 6
3 3 954 4
3 0 1393 7
3 3 1393 9
7 3 866 10
7 7 866 5
7 15 1321 1
7 7 1321 3
16 16 421 12
1 12 940 1
1 1 940 5
2 17 1106 4
2 2 1106 6
5 5 1063 11
3 16 628 9
3 3 628 1
8 8 52 18
16 17 1317 6
16 16 1317 8
14 19 494 9
14 14 494 5
14 14 547 2
18 7 456 10
18 18 456 15
18 18 917 13
5 5 1096 6
11 12 1316 6
11 11 1316 8
17 17 75 9
2 3 1291 2
2 2 1291 5
2 2 417 6
1 1 1042 25
3 1 786 11
3 3 786 11
10 10 545 19
11 4 271 2
11 11 271 16
15 15 784 4
14 14 264 6
18 5 230 8
18 18 230 8
5 5 1183 8
4 4 1160 2
7 9 396 4
7 7 396 2
12 12 691 8
1 13 933 10
1 1 933 5
0 0 528 2
2 2 195 2
2 14 780 8
2 2 780 2
3 13 166 5
3 3 166 1
8 8 1308 9
3 3 1072 5
6 6 401 11
11 9 331 8
11 11 331 3
12 19 770 5
12 12 770 4
2 12 1427 2
2 2 1427 3
18 12 1058 6
18 18 1058 7
2 13 1296 4
2 2 1296 2
7 7 178 1
11 9 183 9
11 11 183 4
18 0 998 1
18 18 998 60
17 7 809 2
17 17 809 12
0 11 969 1
0 0 969 4
0 0 1342 1
2 6 997 11
2 2 997 2
15 15 396 52
3 9 324 12
3 3 324 3
3 18 1262 14
3 3 1262 2
15 15 793 14
15 19 724 1
15 15 724 19
1 7 752 10
1 1 752 1
18 12 686 13
18 18 686 7
14 5 1009 13
14 14 1009 14
4 4 603 6
18 6 340 6
18 18 340 11
10 18 1114 6
10 10 1114 8
16 16 1145 30
12 3 1271 14
12 12 1271 4
12 12 56 5
0 0 381 2
2 8 1060 10
2 2 1060 4
0 0 535 15
1 1 1346 5
6 6 1193 2
18 0 446 8
18 18 446 8
8 8 34 3
13 13 506 20
9 14 1151 14
9 9 1151 10
13 13 1104 21
1 2 815 8
1 1 815 3
3 6 1094 2
3 3 1094 3
4 4 1112 5
7 17 464 2
7 7 464 2
9 9 1171 3
12 12 54 2
14 17 988 9
14 14 988 6
15 15 286 45
7 6 647 10
7 7 647 2
14 5 847 13
14 14 847 4
0 0 10 2
18 18 1394 16
10 10 873 14
9 0 999 10
9 9 999 17
14 13 444 13
14 14 444 2
13 13 98 2
16 16 863 45
0 0 372 4
0 6 750 7
0 0 750 7
1 1 1371 3
5 5 1042 10
3 3 619 1
6 6 757 1
8 8 41 10
10 6 760 9
10 10 760 11
7 6 990 1
7 7 990 9
14 6 1248 11
14 14 1248 8
2 4 520 14
2 2 520 17
12 12 1405 7
14 4 564 6
14 14 564 19
2 2 1381 2
18 18 522 2
2 10 68 13
2 2 68 1
1 1 1268 3
4 4 864 27
3 7 760 6
3 3 760 2
19 19 1293 9
10 7 132 11
10 10 132 9
14 5 1171 12
14 14 1171 9
17 10 638 10
17 17 638 4
11 14 1269 14
11 11 1269 2
16 16 637 8
2 16 1300 3
2 2 1300 3
1 10 260 1
1 1 260 2
0 2 1292 13
0 0 1292 3
19 3 975 10
19 19 975 18
4 4 332 14
6 6 88 4
9 9 594 7
16 18 261 9
16 16 261 3
11 6 306 5
11 11 306 22
14 12 1026 7
14 14 1026 13
14 13 285 9
14 14 285 3
2 13 1159 1
2 2 1159 5
1 1 181 1
19 19 210 23
3 11 12 2
3 3 12 3
3 15 1389 1
3 3 1389 3
15 15 924 13
15 15 331 27
1 10 38 4
1 1 38 9
18 18 1276 8
2 18 793 13
2 2 793 2
8 6 838 8
8 8 838 46
5 5 380 4
9 9 166 2
10 17 316 5
10 10 316 51
10 10 1410 4
12 12 482 3
17 8 1032 5
17 17 1032 2
14 13 458 14
14 14 458 1
1 6 492 6
1 1 492 8
18 5 578 13
18 18 578 1
4 15 913 11
4 4 913 8
6 6 277 30
7 2 1075 10
7 7 1075 5
17 4 1020 9
17 17 1020 7
14 2 373 6
14 14 373 9
15 15 105 7
19 19 1280 4
5 5 67 13
10 10 453 4
6 6 637 8
7 15 851 14
7 7 851 2
18 18 206 8
3 6 117 7
3 3 117 13
3 14 456 3
3 3 456 3
3 2 927 12
3 3 927 2
10 10 795 4
4 4 459 42
7 7 155 3
0 0 764 2
2 12 167 12
2 2 167 1
3 15 130 8
3 3 130 2
4 9 28 9
4 4 28 9
3 15 1068 8
3 3 1068 1
14 14 1266 2
15 15 1119 23
13 14 1147 2
13 13 1147 13
2 2 1399 7
2 14 86 11
2 2 86 3
5 16 1429 2
5 5 1429 5
10 18 698 13
10 10 698 33
13 13 171 4
17 17 741 12
14 11 945 8
14 14 945 3
1 19 675 9
1 1 675 10
3 17 342 10
3 3 342 3
1 1 1143 2
7 15 807 13
7 7 807 4
7 7 1209 3
12 12 178 1
1 3 732 6
1 1 732 3
1 0 1341 3
1 1 1341 4
7 2 489 5
7 7 489 1
9 9 794 9
11 5 551 13
11 11 551 14
2 2 1054 1
16 16 1125 20
14 14 37 9
1 1 589 5
2 2 190 5
8 8 884 8
6 6 251 11
2 12 1222 9
2 2 1222 17
13 13 648 4
17 11 400 4
17 17 400 2
2 12 1358 12
2 2 1358 7
1 2 510 9
1 1 510 3
0 2 1378 3
0 0 1378 15
5 5 36 31
4 4 1084 7
5 5 842 18
7 7 143 2
11 13 1406 4
11 11 1406 13
13 13 164 7
10 17 1066 3
10 10 1066 23
17 17 734 7
16 16 610 24
2 18 1249 1
2 2 1249 17
2 14 407 6
2 2 407 10
1 13 1096 8
1 1 1096 3
4 4 1004 22
18 4 1217 12
18 18 1217 1
13 8 505 13
13 13 505 1
7 7 796 1
2 11 730 1
2 2 730 11
14 4 189 5
14 14 189 10
0 2 22 4
0 0 22 14
19 6 233 13
19 19 233 4
6 6 1277 8
6 6 1350 1
5 5 454 11
4 4 1362 22
7 13 486 3
7 7 486 3
7 13 1223 8
7 7 1223 1
14 14 859 5
17 17 371 18
1 19 9 11
1 1 9 3
0 0 1087 12
1 15 1191 8
1 1 1191 4
3 3 1050 7
7 11 1177 3
7 7 1177 2
0 15 1099 2
0 0 1099 2
7 2 962 4
7 7 962 2
14 14 1276 3
13 10 844 12
13 13 844 5
16 6 120 5
16 16 120 4
1 4 780 7
1 1 780 2
2 2 40 10
4 4 145 12
7 4 313 11
7 7 313 9
7 12 132 6
7 7 132 11
10 9 184 7
10 10 184 11
16 16 19 1
16 16 601 9
1 3 701 5
1 1 701 6
18 18 885 6
9 8 1415 10
9 9 1415 4
2 2 987 7
18 7 599 4
18 18 599 5
5 5 521 28
7 6 736 5
7 7 736 3
12 12 160 6
17 18 352 3
17 17 352 11
15 15 245 34
2 14 257 7
2 2 257 1
4 4 557 3
3 18 575 14
3 3 575 44
3 18 1353 3
3 3 1353 7
10 10 820 7
11 11 1166 14
14 14 1417 2
13 13 447 10
16 16 946 16
0 0 705 2
18 12 1248 11
18 18 1248 2
9 12 661 6
9 9 661 20
14 7 1223 1
14 14 1223 4
15 15 609 10
0 0 454 5
0 18 779 10
0 0 779 8
19 19 460 6
2 14 620 1
2 2 620 8
3 7 1168 6
3 3 1168 3
4 4 1058 7
7 5 310 8
7 7 310 3
7 11 584 12
7 7 584 1
10 10 1289 21
12 12 200 8
13 4 214 11
13 13 214 35
15 15 1243 12
14 1 337 4
14 14 337 8
0 0 117 5
2 11 361 5
2 2 361 17
3 8 407 7
3 3 407 5
8 8 576 2
7 6 327 1
7 7 327 2
11 14 343 14
11 11 343 23
13 13 924 19
12 12 740 5
14 8 143 6
14 14 143 8
0 9 228 3
0 0 228 10
1 1 234 17
16 16 1093 21
6 6 1263 10
4 19 1344 2
4 4 1344 3
7 15 931 7
7 7 931 13
11 11 586 10
2 7 1045 11
2 2 1045 6
18 9 526 14
18 18 526 14
5 3 345 1
5 5 345 7
11 11 731 11
14 14 1283 12
16 16 115 5
14 4 994 10
14 14 994 1
10 4 109 8
10 10 109 10
13 4 1302 10
13 13 1302 7
3 3 706 11
5 14 31 6
5 5 31 1
4 9 1065 14
4 4 1065 2
7 12 250 2
7 7 250 5
14 1 1145 1
14 14 1145 1
12 12 524 3
0 0 945 24
1 1 1107 2
3 16 412 9
3 3 412 1
3 15 851 1
3 3 851 5
5 5 416 13
6 6 702 11
12 12 1064 20
14 5 715 12
14 14 715 7
14 14 828 7
18 14 45 1
18 18 45 30
1 4 1305 12
1 1 1305 9
3 11 557 8
3 3 557 5
3 13 992 2
3 3 992 12
10 10 1042 3
15 15 1035 6
18 10 678 14
18 18 678 6
0 0 293 26
3 3 206 1
18 14 521 6
18 18 521 1
2 4 130 13
2 2 130 1
2 12 719 10
2 2 719 11
4 4 674 18
7 5 98 7
7 7 98 2
17 15 1254 9
17 17 1254 10
18 18 975 12
11 1 540 10
11 11 540 6
1 4 1083 8
1 1 1083 4
3 3 372 7
4 0 142 1
4 4 142 1
9 9 394 6
7 8 243 2
7 7 243 7
11 4 244 1
11 11 244 12
3 10 277 14
3 3 277 16
2 2 379 18
18 18 1356 2
3 16 856 7
3 3 856 7
0 16 424 9
0 0 424 1
10 1 36 2
10 10 36 6
17 19 768 7
17 17 768 4
14 12 722 14
14 14 722 23
15 15 192 19
0 16 551 1
0 0 551 1
18 18 1210 7
8 8 1345 7
5 5 1013 3
7 2 1372 9
7 7 1372 2
12 12 476 3
17 2 484 7
17 17 484 1
1 12 21 12
1 1 21 5
1 10 1155 1
1 1 1155 4
3 19 236 6
3 3 236 6
17 16 778 12
17 17 778 4
0 14 397 2
0 0 397 9
14 14 1240 8
14 14 443 1
18 18 381 2
2 19 12 11
2 2 12 6
14 2 1099 4
14 14 1099 4
17 0 1317 9
17 17 1317 6
14 4 241 8
14 14 241 5
14 8 298 1
14 14 298 2
1 10 665 2
1 1 665 2
1 7 332 9
1 1 332 6
4 4 626 4
18 0 320 7
18 18 320 1
6 6 991 1
5 5 621 42
16 16 480 56
9 9 812 1
7 7 323 4
17 18 151 5
17 17 151 20
2 0 1103 9
2 2 1103 3
1 14 253 10
1 1 253 7
2 19 814 14
2 2 814 8
3 3 68 7
18 17 508 7
18 18 508 6
5 5 1022 3
9 9 365 3
1 7 443 12
1 1 443 7
2 8 148 9
2 2 148 1
2 0 705 2
2 2 705 4
3 18 1151 7
3 3 1151 1
4 18 1143 9
4 4 1143 7
8 8 232 1
7 9 543 5
7 7 543 6
12 12 29 4
12 0 1340 2
12 12 1340 30
8 8 1112 17
3 5 1164 2
3 3 1164 1
7 15 225 4
7 7 225 12
11 11 863 15
18 14 930 12
18 18 930 18
17 9 865 12
17 17 865 6
2 2 1239 2
1 1 325 5
18 18 1309 7
1 15 5 5
1 1 5 2
7 13 1341 12
7 7 1341 11
7 15 1160 11
7 7 1160 1
16 16 433 46
1 0 515 13
1 1 515 2
2 16 252 12
2 2 252 5
1 17 1388 6
1 1 1388 1
8 8 1377 9
9 9 809 3
14 17 184 6
14 14 184 3
11 15 448 3
11 11 448 5
13 13 785 3
14 4 26 12
14 14 26 11
18 17 476 9
18 18 476 1
0 11 895 8
0 0 895 27
2 5 111 6
2 2 111 16
2 0 69 13
2 2 69 2
9 9 231 4
10 10 255 6
11 11 138 10
15 15 578 3
18 0 367 14
18 18 367 3
2 2 469 7
8 8 428 15
4 11 379 10
4 4 379 7
9 9 290 15
7 12 677 14
7 7 677 5
13 13 1300 2
0 0 925 20
4 4 118 1
8 8 1070 27
9 9 961 16
9 9 1071 1
17 17 1003 17
1 19 207 3
1 1 207 1
3 3 1427 4
7 9 1385 14
7 7 1385 6
16 16 908 17
18 18 471 5
1 1 120 5
19 19 393 10
19 19 828 2
3 12 662 8
3 3 662 1
6 6 316 12
16 16 990 57
19 19 939 8
13 13 294 27
12 12 1330 4
18 1 710 4
18 18 710 1
2 5 428 1
2 2 428 2
18 18 1097 3
1 7 1031 14
1 1 1031 10
4 4 789 1
6 6 561 15
12 16 559 8
12 12 559 11
7 15 909 9
7 7 909 2
11 12 1127 7
11 11 1127 15
18 18 834 9
3 10 948 14
3 3 948 6
8 8 447 37
7 7 409 2
6 6 763 6
18 6 514 11
18 18 514 7
1 1 1124 4
14 13 117 4
14 14 117 2
1 2 938 6
1 1 938 2
2 0 1112 5
2 2 1112 1
2 16 206 12
2 2 206 8
5 5 1001 12
11 2 43 12
11 11 43 1
13 13 462 10
12 12 1370 4
1 19 987 6
1 1 987 7
0 12 690 9
0 0 690 8
3 18 200 14
3 3 200 6
3 3 671 1
5 18 687 6
5 5 687 6
8 8 157 35
2 2 423 2
18 18 1088 3
2 15 605 14
2 2 605 3
3 1 345 4
3 3 345 1
5 5 101 4
6 6 125 18
13 13 602 9
12 12 516 4
15 15 188 4
2 7 1184 12
2 2 1184 4
1 19 168 13
1 1 168 7
19 19 620 40
3 12 19 10
3 3 19 2
4 8 504 5
4 4 504 5
3 3 1392 1
8 17 422 8
8 8 422 3
17 17 997 3
14 18 689 14
14 14 689 6
2 6 201 3
2 2 201 4
4 8 399 11
4 4 399 11
5 5 263 10
14 8 1345 7
14 14 1345 6
0 0 287 6
18 12 914 14
18 18 914 3
8 8 826 3
9 9 26 11
11 1 177 4
11 11 177 6
14 5 1256 8
14 14 1256 1
17 3 519 13
17 17 519 9
2 10 1003 10
2 2 1003 3
1 1 1041 1
10 10 917 14
7 0 656 5
7 7 656 7
11 19 270 1
11 11 270 1
14 2 1070 1
14 14 1070 3
0 0 14 5
17 2 656 14
17 17 656 21
16 16 664 25
19 19 1364 16
8 8 1219 2
18 1 377 12
18 18 377 4
10 12 1104 1
10 10 1104 10
0 0 172 1
18 18 711 3
1 5 1352 14
1 1 1352 19
3 0 169 3
3 3 169 1
5 1 181 3
5 5 181 24
9 9 1304 9
11 11 89 1
13 13 821 23
6 6 888 9
2 7 1424 3
2 2 1424 3
16 16 962 5
2 6 700 2
2 2 700 5
3 18 1088 12
3 3 1088 6
8 18 139 2
8 8 139 1
7 12 173 5
7 7 173 5
10 10 147 6
19 19 722 3
6 6 576 10
17 17 1378 5
17 8 67 3
17 17 67 8
2 2 1283 8
0 4 1343 4
0 0 1343 1
2 2 994 1
19 19 960 15
3 6 327 10
3 3 327 1
7 5 649 14
7 7 649 7
14 18 1073 11
14 14 1073 3
12 12 1121 10
14 14 272 4
9 8 541 5
9 9 541 4
1 0 186 10
1 1 186 13
3 10 468 4
3 3 468 3
7 0 388 7
7 7 388 4
10 10 440 4
11 11 404 12
8 8 911 9
0 0 1117 3
1 14 1345 6
1 1 1345 1
3 13 174 1
3 3 174 6
8 8 1284 20
18 12 503 13
18 18 503 5
11 11 651 5
18 15 279 7
18 18 279 10
1 4 597 6
1 1 597 2
14 12 1363 11
14 14 1363 4
12 12 826 4
13 11 1103 7
13 13 1103 1
3 4 319 13
3 3 319 5
4 4 183 11
3 3 1097 7
17 5 1076 10
17 17 1076 11
11 17 1365 13
11 11 1365 28
7 5 1084 4
7 7 1084 1
19 0 796 11
19 19 796 2
13 13 191 8
14 18 360 10
14 14 360 13
18 18 330 10
5 5 80 21
6 6 102 22
7 7 364 4
7 7 646 1
12 12 134 4
4 4 1410 8
16 16 380 5
17 17 642 14
2 2 838 8
2 17 1165 1
2 2 1165 8
1 18 179 1
1 1 179 2
4 4 579 2
3 3 912 8
8 8 518 4
6 6 497 1
10 10 790 5
10 3 653 2
10 10 653 13
15 15 918 6
10 12 198 2
10 10 198 9
0 0 186 3
3 8 1057 8
3 3 1057 2
18 4 1242 8
18 18 1242 6
11 11 1277 13
11 11 640 2
14 7 1370 4
14 14 1370 6
15 15 498 8
0 6 809 14
0 0 809 1
1 1 93 3
0 0 1219 3
13 13 1067 8
3 17 763 11
3 3 763 3
6 6 645 12
13 18 184 6
13 13 184 7
17 16 565 8
17 17 565 5
15 15 692 24
2 6 545 3
2 2 545 10
8 8 1129 27
4 2 1239 5
4 4 1239 7
10 10 475 11
11 11 878 12
8 8 982 2
1 19 454 12
1 1 454 5
16 16 824 4
13 13 1188 3
1 8 1314 3
1 1 1314 4
3 15 15 1
3 3 15 4
5 5 1348 18
17 8 1221 3
17 17 1221 21
11 11 1023 1
12 12 1254 5
13 11 1264 7
13 13 1264 3
1 1 911 1
1 17 37 14
1 1 37 1
19 19 322 3
2 2 790 3
8 8 668 4
11 11 221 21
13 13 661 4
14 14 459 6
0 0 661 13
19 19 435 7
2 8 649 5
2 2 649 2
3 1 1207 5
3 3 1207 24
9 9 1180 10
1 14 609 10
1 1 609 1
16 16 160 8
15 18 104 3
15 15 104 1
2 4 975 13
2 2 975 6
17 3 54 14
17 17 54 13
4 4 1246 4
10 10 450 3
14 11 176 11
14 14 176 8
17 5 199 6
17 17 199 5
2 6 1183 12
2 2 1183 1
3 5 459 13
3 3 459 8
9 18 1150 9
9 9 1150 1
12 14 267 5
12 12 267 3
17 6 269 8
17 17 269 2
1 2 587 4
1 1 587 2
3 0 133 6
3 3 133 2
6 6 1171 22
8 8 643 1
11 11 1259 6
11 2 69 2
11 11 69 5
15 15 448 3
2 8 1396 7
2 2 1396 3
0 0 807 2
4 4 172 2
6 0 631 14
6 6 631 6
7 3 145 8
7 7 145 3
18 9 1188 2
18 18 1188 19
2 10 966 10
2 2 966 1
3 2 419 4
3 3 419 1
4 4 307 17
7 0 806 10
7 7 806 1
7 9 1208 12
7 7 1208 1
12 12 179 3
6 10 992 11
6 6 992 16
14 10 187 10
14 14 187 2
10 9 215 10
10 10 215 28
16 16 763 1
1 14 134 2
1 1 134 6
18 18 1372 10
8 7 1361 7
8 8 1361 16
0 11 492 2
0 0 492 5
10 10 771 19
8 8 770 27
10 10 1151 5
0 0 143 21
19 19 336 10
19 19 775 17
6 6 1162 9
9 16 215 9
9 9 215 10
7 12 964 12
7 7 964 1
19 19 1392 2
14 10 1274 4
14 14 1274 2
12 12 990 43
17 17 588 4
2 6 485 10
2 2 485 2
17 16 399 9
17 17 399 1
2 7 667 2
2 2 667 3
4 4 862 2
3 14 1189 7
3 3 1189 17
6 6 179 25
1 10 770 1
1 1 770 1
11 12 1393 12
11 11 1393 5
7 15 1056 6
7 7 1056 3
12 12 608 41
12 12 941 35
14 3 324 4
14 14 324 1
14 9 953 8
14 14 953 16
18 15 891 10
18 18 891 10
4 4 910 3
6 6 66 10
10 10 500 32
10 10 1175 66
4 4 903 1
12 12 1084 12
1 6 1333 12
1 1 1333 3
7 14 1085 7
7 7 1085 2
6 6 1351 79
8 8 546 23
2 16 1312 13
2 2 1312 11
9 9 1128 22
0 0 406 15
13 13 1051 6
18 18 80 4
18 14 1254 8
18 18 1254 1
18 2 454 5
18 18 454 2
4 0 694 4
4 4 694 3
8 4 892 11
8 8 892 6
11 14 1012 11
11 11 1012 11
7 7 118 14
10 0 214 14
10 10 214 1
11 16 115 9
11 11 115 2
12 8 981 1
12 12 981 9
14 13 476 5
14 14 476 18
16 16 971 19
2 15 1350 7
2 2 1350 5
0 4 821 8
0 0 821 13
11 11 1398 8
5 1 118 2
5 5 118 21
17 17 25 26
19 19 1302 30
1 7 359 5
1 1 359 6
18 19 1343 13
18 18 1343 1
6 6 1008 32
7 7 329 2
7 15 739 13
7 7 739 2
14 13 1055 12
14 14 1055 11
17 15 796 11
17 17 796 13
0 5 238 5
0 0 238 3
18 18 645 4
18 16 1358 14
18 18 1358 5
3 19 1352 12
3 3 1352 1
9 19 368 8
9 9 368 7
11 11 596 10
17 17 496 18
1 5 1003 10
1 1 1003 1
2 5 1051 8
2 2 1051 2
2 5 762 13
2 2 762 6
6 6 713 28
7 0 111 4
7 7 111 3
7 17 570 14
7 7 570 2
11 12 104 3
11 11 104 4
13 13 1125 5
0 10 1393 11
0 0 1393 7
2 2 32 2
5 2 21 11
5 5 21 10
13 13 457 5
4 4 979 4
7 7 603 6
9 9 488 2
10 6 486 11
10 10 486 2
7 4 728 4
7 7 728 3
1 5 385 1
1 1 385 3
13 8 38 14
13 13 38 1
13 13 1212 4
2 9 1123 5
2 2 1123 16
3 18 80 4
3 3 80 14
1 1 1395 3
5 8 898 13
5 5 898 41
7 10 930 2
7 7 930 1
2 2 1164 1
10 5 1128 11
10 10 1128 23
14 18 63 12
14 14 63 1
1 1 1004 9
1 1 599 10
0 1 729 9
0 0 729 14
3 1 1035 6
3 3 1035 1
6 6 789 17
7 14 100 9
7 7 100 2
14 2 995 4
14 14 995 14
1 1 797 5
18 18 1131 3
10 10 965 9
7 12 576 12
7 7 576 4
7 2 1039 5
7 7 1039 4
14 2 345 2
14 14 345 12
1 13 654 2
1 1 654 2
10 10 58 1
12 12 343 29
14 14 151 3
14 18 712 2
14 14 712 3
1 16 575 11
1 1 575 10
18 18 1344 12
1 1 1304 1
18 18 1120 6
7 14 460 5
7 7 460 4
11 8 1215 7
11 11 1215 19
0 0 196 28
18 13 496 10
18 18 496 6
18 18 957 18
1 1 19 2
2 11 131 7
2 2 131 2
17 6 84 8
17 17 84 3
3 1 230 4
3 3 230 6
5 5 246 17
17 11 1414 9
17 17 1414 1
6 6 337 9
10 10 195 2
17 10 552 12
17 17 552 13
16 16 560 7
19 19 38 37
0 17 1204 11
0 0 1204 2
4 4 143 2
6 6 586 39
6 6 159 3
7 13 1028 13
7 7 1028 3
12 12 255 7
13 10 199 8
13 13 199 15
12 12 1105 16
14 3 288 5
14 14 288 4
17 0 12 2
17 17 12 13
1 8 330 12
1 1 330 2
5 13 1207 9
5 5 1207 1
3 6 388 10
3 3 388 11
9 9 282 8
10 10 488 11
7 19 718 4
7 7 718 4
7 7 1173 1
12 12 667 3
17 12 330 13
17 17 330 10
1 1 251 2
2 15 235 10
2 2 235 8
2 11 852 11
2 2 852 2
3 3 94 3
3 4 533 4
3 3 533 24
6 6 1315 30
11 11 635 5
11 11 14 7
11 17 469 7
11 11 469 4
18 18 948 9
2 13 154 10
2 2 154 13
6 6 328 4
11 11 712 4
15 15 985 48
16 16 567 6
14 18 595 2
14 14 595 9
0 4 1163 5
0 0 1163 39
11 1 1426 12
10 15 461 3
10 10 461 11
17 17 1316 1
12 18 1096 1
12 12 1096 1
12 18 1429 2
12 12 1429 1
18 18 141 15
2 15 956 8
2 2 956 10
11 11 950 3
14 13 97 3
14 14 97 4
13 13 1191 4
1 8 521 1
1 1 521 6
0 11 575 11
0 0 575 7
19 14 269 14
19 19 269 2
19 5 704 3
19 19 704 18
8 8 1403 9
0 5 483 1
0 0 483 7
9 1 364 1
9 9 364 1
7 12 905 3
7 7 905 1
17 17 476 8
2 4 149 12
2 2 149 5
8 2 233 10
8 8 233 12
9 5 688 5
9 9 688 78
9 15 1355 2
9 9 1355 17
11 8 148 9
11 11 148 14
18 18 987 3
17 17 538 6
3 3 293 20
3 3 357 2
18 18 270 4
11 11 1419 2
12 12 570 6
12 12 1420 3
0 0 82 2
2 2 330 3
4 4 117 1
3 3 841 1
9 5 260 13
9 9 260 6
7 6 1163 8
7 7 1163 10
12 12 649 1
14 14 104 4
16 17 775 2
16 16 775 13
19 19 274 48
3 11 76 13
3 3 76 2
4 18 70 10
4 4 70 8
4 4 1317 27
9 13 326 14
9 9 326 10
7 16 1357 9
7 7 1357 1
13 13 784 1
13 13 475 6
12 12 1189 6
18 16 477 3
18 18 477 9
18 18 1084 4
5 5 1115 9
3 3 656 5
5 5 700 7
10 0 532 3
10 10 532 13
12 12 21 4
16 2 168 10
16 16 168 14
14 14 1023 3
18 18 364 3
2 2 466 3
16 16 1346 11
3 3 801 9
17 17 584 4
4 4 1038 20
7 2 274 8
7 7 274 7
3 6 1273 4
3 3 1273 1
17 17 595 10
9 9 275 1
1 1 746 6
1 1 349 4
16 16 1372 59
4 4 609 9
3 6 846 6
3 3 846 5
5 5 387 20
10 10 840 16
0 0 525 3
14 8 1377 9
14 14 1377 12
4 4 410 13
3 3 1426 1
10 8 731 1
10 10 731 11
1 1 1197 8
17 14 462 10
17 17 462 4
2 3 1412 14
2 2 1412 2
3 18 665 4
3 3 665 6
8 8 322 20
7 7 524 19
13 13 154 10
2 19 22 12
2 2 22 1
4 9 790 13
4 4 790 9
3 3 876 20
7 7 669 8
11 11 844 3
1 8 1152 4
1 1 1152 3
15 15 780 1
17 13 677 4
17 17 677 5
2 10 905 12
2 2 905 19
7 7 1427 1
8 2 688 9
8 8 688 5
7 13 408 13
7 7 408 1
7 19 871 6
7 7 871 6
15 6 35 9
15 15 35 34
14 5 687 11
14 14 687 2
2 15 1113 6
2 2 1113 2
1 1 199 3
1 17 1405 10
1 1 1405 10
6 6 1210 10
3 4 964 8
3 3 964 10
0 0 630 6
1 2 986 8
1 1 986 1
1 1 112 8
6 6 1109 34
2 2 178 1
7 1 190 9
7 7 190 11
7 17 517 12
7 7 517 4
11 17 187 9
11 11 187 12
13 13 712 19
12 12 592 16
12 12 1322 7
14 10 969 5
14 14 969 7
19 4 75 5
19 19 75 10
3 10 815 5
3 3 815 3
10 10 1003 10
9 11 97 2
9 9 97 14
10 17 600 10
10 10 600 5
12 12 551 2
16 16 264 3
14 14 263 1
1 9 175 8
1 1 175 2
4 6 1155 7
4 4 1155 4
9 9 1112 16
13 15 1227 11
13 13 1227 4
1 10 930 1
1 1 930 3
1 3 1398 4
1 1 1398 6
3 2 163 11
3 3 163 3
4 4 1418 11
6 6 412 41
3 1 1021 6
3 3 1021 2
2 11 628 12
2 2 628 14
0 0 837 18
18 18 604 27
18 15 1065 10
18 18 1065 1
2 2 674 4
11 15 772 9
11 11 772 9
6 6 657 23
5 5 663 1
13 8 705 13
13 13 705 7
14 13 976 4
14 14 976 1
19 19 1254 25
14 3 652 9
14 14 652 5
19 11 519 9
19 19 519 38
19 19 954 6
4 4 772 2
7 4 377 9
7 7 377 11
7 5 1118 6
7 7 1118 17
12 12 1131 3
14 14 270 2
14 2 835 3
14 14 835 12
1 0 160 13
1 1 160 8
19 19 193 4
3 5 27 9
3 3 27 2
4 14 1162 4
4 4 1162 6
7 6 398 3
7 7 398 10
7 18 853 10
7 7 853 1
5 5 105 2
5 5 1273 17
0 0 376 5
0 0 173 6
0 17 530 8
0 0 530 5
3 14 639 1
3 3 639 2
7 3 31 14
7 7 31 31
12 12 503 13
1 8 980 4
1 1 980 5
1 12 66 7
1 1 66 6
12 5 453 12
12 12 453 12
1 11 1272 5
1 1 1272 6
3 8 313 9
3 3 313 6
8 8 140 9
10 10 144 3
15 5 28 4
15 15 28 7
0 0 1328 2
2 2 995 2
3 11 797 13
3 3 797 2
6 6 539 9
4 4 1250 14
1 10 185 10
1 1 185 1
18 11 1410 9
18 18 1410 21
4 4 581 22
3 1 471 1
3 3 471 4
11 1 1142 1
11 11 1142 4
1 1 753 4
7 12 1252 2
7 7 1252 15
5 11 415 14
5 5 415 1
17 15 982 3
17 17 982 4
14 14 640 6
0 0 383 3
0 13 164 11
0 0 164 8
3 3 1422 4
6 6 398 3
9 9 186 5
15 15 837 15
12 12 494 9
19 19 1159 4
1 13 400 5
1 1 400 10
1 3 91 6
1 1 91 2
2 3 692 7
2 2 692 5
4 12 891 3
4 4 891 5
4 4 176 7
7 2 165 3
7 7 165 3
7 7 1087 15
14 14 1166 3
3 3 335 7
6 6 530 9
9 10 449 8
9 9 449 39
15 15 138 10
0 0 12 2
4 4 921 32
3 17 1382 9
3 3 1382 7
9 17 997 6
9 9 997 2
16 16 396 12
17 17 274 28
1 11 949 1
1 1 949 3
2 14 1085 5
2 2 1085 11
18 12 566 4
18 18 566 1
4 4 1295 4
10 10 742 3
12 9 485 3
12 12 485 9
14 14 449 3
13 13 1095 8
0 5 810 7
0 0 810 6
2 13 655 6
2 2 655 9
3 16 762 1
3 3 762 1
7 5 617 4
7 7 617 4
14 3 1169 6
14 14 1169 2
9 9 339 15
14 14 933 3
2 0 1298 1
2 2 1298 2
14 14 942 3
18 10 1165 10
18 18 1165 2
10 10 472 3
7 7 766 14
12 13 190 1
12 12 190 10
4 4 1264 18
4 8 896 2
4 4 896 7
3 3 920 7
7 6 1295 1
7 7 1295 9
11 11 389 9
2 6 1076 8
2 2 1076 9
0 10 743 2
0 0 743 7
19 1 325 7
19 19 325 5
6 6 823 23
7 2 977 4
7 7 977 2
14 4 1257 7
14 14 1257 5
15 15 1104 15
15 8 506 3
15 15 506 64
18 18 298 1
0 0 801 4
1 16 85 14
1 1 85 4
2 8 93 11
2 2 93 5
3 4 1206 9
3 3 1206 1
19 19 1119 36
9 12 53 3
9 9 53 44
10 15 141 7
10 10 141 3
12 1 38 9
12 12 38 14
14 0 940 5
14 14 940 2
18 5 774 5
18 18 774 10
2 15 972 1
2 2 972 3
13 13 1289 11
9 9 601 25
11 11 301 5
13 9 1175 5
13 13 1175 13
16 16 645 19
1 18 729 8
1 1 729 3
1 10 140 13
1 1 140 11
7 13 1235 13
7 7 1235 2
16 16 1120 5
17 11 953 2
17 17 953 4
17 17 268 1
1 9 586 8
1 1 586 1
0 8 766 4
0 0 766 7
19 19 330 6
1 6 1195 13
1 1 1195 2
3 18 132 7
3 3 132 1
6 6 741 16
8 8 644 10
8 8 217 10
11 6 68 8
11 11 68 1
13 13 1145 2
1 7 507 14
1 1 507 3
2 2 491 3
4 4 848 14
3 1 744 9
3 3 744 16
1 15 771 13
1 1 771 3
18 18 995 3
13 0 372 4
13 13 372 33
4 4 560 10
15 15 112 26
18 18 180 10
2 0 967 6
2 2 967 5
2 6 560 1
2 2 560 1
9 8 6 11
9 9 6 20
16 16 354 10
13 13 1168 7
16 16 764 7
0 15 582 2
0 0 582 48
1 5 1331 2
1 1 1331 1
3 3 563 10
0 19 421 14
0 0 421 3
7 7 1224 10
17 16 821 7
17 17 821 15
12 12 1173 12
0 0 128 11
1 1 54 12
2 19 188 9
2 2 188 2
8 8 192 25
7 7 967 10
13 13 849 4
12 12 1412 8
14 14 527 15
0 6 519 11
0 0 519 6
2 4 664 10
2 2 664 3
7 13 1059 5
7 7 1059 2
12 12 212 13
14 2 325 3
14 14 325 12
1 0 698 7
1 1 698 3
1 1 365 6
0 0 1299 27
4 4 1229 10
7 11 741 1
7 7 741 1
14 13 1045 6
14 14 1045 8
1 1 1332 1
4 17 125 2
4 4 125 17
3 3 911 1
11 13 1163 5
11 11 1163 1
11 12 606 2
11 11 606 12
18 11 1255 4
18 18 1255 1
3 5 242 4
3 3 242 8
4 12 12 9
4 4 12 3
10 8 666 6
10 10 666 1
7 10 572 6
7 7 572 4
14 6 1218 2
14 14 1218 3
15 15 1199 11
15 19 465 6
15 15 465 4
0 10 449 4
0 0 449 5
2 3 509 14
2 2 509 4
3 18 259 9
3 3 259 1
3 12 726 3
3 3 726 3
10 10 976 4
12 6 536 3
12 12 536 2
2 14 514 3
2 2 514 5
4 4 249 24
10 10 931 1
11 0 1075 10
11 11 1075 1
17 3 605 14
17 17 605 5
11 3 909 3
11 11 909 1
1 4 556 4
1 1 556 11
1 4 151 6
1 1 151 9
3 2 500 13
3 3 500 6
9 9 375 5
12 12 894 8
17 17 940 4
0 0 707 3
5 19 1149 10
5 5 1149 17
4 4 11 1
0 0 497 15
9 9 192 23
7 6 565 11
7 7 565 5
7 15 1408 12
7 7 1408 2
14 14 1221 2
14 16 1342 4
14 14 1342 3
2 2 108 3
1 15 795 12
1 1 795 2
1 5 462 3
1 1 462 9
1 13 1071 4
1 1 1071 2
3 17 264 1
3 3 264 13
6 6 162 17
7 6 304 3
7 7 304 6
7 5 255 8
7 7 255 11
15 15 1390 30
1 16 383 13
1 1 383 2
1 12 1429 1
1 1 1429 3
4 4 988 4
16 16 1330 16
8 8 578 65
0 16 470 9
0 0 470 13
7 17 780 2
7 7 780 16
7 10 731 11
7 7 731 5
12 12 1232 22
16 16 343 11
14 6 710 3
14 14 710 2
2 2 454 5
19 19 684 20
4 4 534 3
4 4 440 4
11 4 1209 9
11 11 1209 4
18 18 502 1
18 12 524 14
18 18 524 2
3 6 1034 6
3 3 1034 1
8 8 672 16
8 8 245 9
13 13 689 16
14 13 1281 8
14 14 1281 1
12 8 1297 7
12 12 1297 25
19 19 471 1
4 4 1067 17
10 10 962 3
11 11 810 22
18 1 1326 6
18 18 1326 11
2 17 939 1
2 2 939 3
5 5 1304 6
8 8 414 8
10 10 59 22
11 11 955 4
11 6 334 3
11 11 334 9
1 17 574 14
1 1 574 1
2 12 273 9
2 2 273 1
4 1 423 5
4 4 423 3
14 12 820 2
14 14 820 8
10 10 369 22
18 18 75 5
11 11 453 14
1 8 431 13
1 1 431 8
0 7 1030 9
0 0 1030 15
1 11 1160 6
1 1 1160 3
6 3 1143 4
6 6 1143 19
15 8 1210 11
15 15 1210 4
1 1 789 3
1 1 472 3
0 0 1344 34
1 19 1081 4
1 1 1081 2
3 8 717 5
3 3 717 9
3 11 1152 13
3 3 1152 2
7 9 294 14
7 7 294 10
7 6 237 14
7 7 237 6
7 7 1031 2
18 15 383 13
18 18 383 10
14 13 236 13
14 14 236 5
17 0 3 9
17 17 3 4
3 8 48 3
3 3 48 9
14 6 895 2
14 14 895 23
19 19 389 4
11 3 944 10
11 11 944 6
5 5 407 8
17 17 774 3
15 15 279 7
14 4 773 14
14 14 773 6
1 15 567 11
1 1 567 4
2 2 232 1
3 17 65 10
3 3 65 2
3 3 532 1
5 5 312 6
7 7 1374 5
16 16 1210 71
17 4 1100 12
17 17 1100 10
1 7 1021 10
1 1 1021 6
2 2 71 8
8 8 227 5
14 14 1299 33
16 16 99 16
16 16 552 8
2 3 1323 11
2 2 1323 3
2 19 449 3
2 2 449 5
18 18 1114 5
4 10 826 14
4 4 826 3
3 8 818 11
3 3 818 3
5 5 15 3
8 8 317 5
7 7 689 3
11 12 856 13
11 11 856 7
12 4 1057 1
12 12 1057 7
12 9 1097 6
12 12 1097 8
0 6 92 10
0 0 92 9
3 5 57 10
3 3 57 8
5 5 1290 14
13 13 1400 10
7 10 428 2
7 7 428 13
12 12 1334 6
7 7 904 1
14 14 64 8
12 1 1199 10
12 12 1199 5
18 14 1218 3
18 18 1218 12
3 7 682 7
3 3 682 8
10 10 697 1
13 13 732 23
2 14 582 13
2 2 582 4
18 17 370 1
18 18 370 7
5 5 707 20
7 5 686 13
7 7 686 3
17 18 871 4
17 17 871 17
17 8 682 11
17 17 682 11
1 14 656 1
1 1 656 9
1 16 347 7
1 1 347 2
4 6 635 2
4 4 635 37
8 8 1065 5
4 15 1175 3
4 4 1175 40
7 8 421 4
7 7 421 7
6 6 1285 11
12 12 650 1
14 13 791 8
14 14 791 11
1 1 513 2
18 18 737 4
14 18 1376 6
14 14 1376 1
3 3 985 7
7 7 897 1
9 9 832 40
5 5 699 1
1 1 888 3
18 18 1100 14
14 6 1428 2
8 8 299 12
19 19 1346 10
12 12 1151 22
7 4 965 14
7 7 965 2
3 3 506 3
5 5 386 1
5 5 605 12
11 11 528 12
11 19 935 4
11 11 935 4
12 12 372 61
3 9 180 1
3 3 180 5
3 16 523 13
3 3 523 9
7 1 1022 5
7 7 1022 6
18 18 214 2
13 5 776 3
13 13 776 8
1 16 960 7
1 1 960 16
19 19 830 47
1 1 881 7
1 12 292 14
1 1 292 33
2 0 23 13
2 2 23 3
7 14 266 4
7 7 266 4
10 10 119 2
11 11 847 9
12 9 156 10
12 12 156 4
12 12 553 2
12 12 1287 2
16 16 231 26
1 1 738 8
1 1 341 6
2 8 902 1
2 2 902 3
3 19 1293 9
3 3 1293 5
6 1 11 8
6 6 11 23
7 2 411 6
7 7 411 8
17 1 1000 4
17 17 1000 3
16 10 1047 10
16 16 1047 26
5 5 1238 10
1 1 1404 1
4 1 760 14
4 4 760 12
4 4 386 5
9 9 134 11
15 15 1142 16
1 6 985 6
1 1 985 1
2 9 127 7
2 2 127 3
1 2 1261 13
1 1 1261 7
3 3 641 1
10 10 594 6
17 4 1398 12
17 17 1398 3
15 14 1255 11
15 15 1255 8
17 17 87 10
18 18 351 4
2 5 1006 10
2 2 1006 4
2 7 603 6
2 2 603 2
17 17 1344 16
7 7 206 14
12 0 544 8
12 12 544 7
15 2 788 2
15 15 788 5
18 14 238 10
18 18 238 26
2 4 340 6
2 2 340 1
3 6 21 13
3 3 21 6
3 17 488 8
3 3 488 5
5 5 591 10
0 9 103 8
0 0 103 12
16 16 408 1
14 0 695 4
14 14 695 5
15 15 865 7
18 18 714 7
3 12 162 6
3 3 162 1
8 8 1304 3
4 4 1299 13
10 10 263 14
14 14 1351 3
12 13 774 11
12 12 774 6
8 8 426 2
1 1 26 5
1 1 72 7
7 15 182 3
7 7 182 8
7 13 637 11
7 7 637 1
10 10 1404 6
14 15 1213 3
14 14 1213 5
17 17 1391 3
1 1 550 6
14 14 977 11
18 12 803 3
18 18 803 3
10 10 121 9
11 3 256 4
11 11 256 2
14 2 218 14
14 14 218 18
19 19 192 1
3 15 932 5
3 3 932 9
0 7 49 13
0 0 49 16
11 11 970 14
12 4 1275 7
12 12 1275 2
1 7 954 13
1 1 954 6
2 3 1064 3
2 2 1064 6
1 17 208 8
1 1 208 5
0 0 1112 5
4 4 750 10
3 7 1077 10
3 3 1077 11
11 11 91 8
11 11 494 15
0 15 861 13
0 0 861 3
18 16 596 14
18 18 596 1
1 12 1279 10
1 1 1279 3
17 12 544 7
17 17 544 4
3 3 655 1
12 12 908 20
17 19 753 10
17 17 753 10
2 4 439 6
2 2 439 10
1 17 1128 11
1 1 1128 12
3 2 766 2
3 3 766 15
18 18 264 4
9 5 1016 2
9 9 1016 13
17 7 836 11
17 17 836 4
1 1 757 12
1 0 184 2
1 1 184 1
3 10 3 7
3 3 3 7
3 16 941 5
3 3 941 5
7 5 1304 6
7 7 1304 4
11 18 963 12
11 11 963 7
13 12 987 3
13 13 987 7
3 5 1344 4
3 3 1344 4
1 7 947 13
1 1 947 1
1 4 614 12
1 1 614 16
1 1 1351 1
3 4 144 1
3 3 144 3
8 8 37 4
9 13 1287 13
9 9 1287 1
15 15 1101 3
14 0 511 1
14 14 511 3
2 11 1385 13
2 2 1385 1
5 5 205 33
5 8 664 4
5 5 664 19
18 8 1092 5
18 18 1092 1
10 17 171 10
10 10 171 13
18 18 789 14
1 16 1121 4
1 1 1121 3
7 19 821 9
7 7 821 4
7 10 640 6
7 7 640 2
12 2 128 10
12 12 128 6
14 18 281 10
14 14 281 2
19 19 1380 12
1 16 177 5
1 1 177 2
5 5 1166 11
4 8 37 4
4 4 37 1
5 5 954 36
11 11 565 9
13 13 980 4
1 1 948 1
18 18 540 17
18 18 567 3
18 18 1152 1
19 1 754 3
19 19 754 9
3 3 153 9
3 3 620 2
3 3 1059 5
7 7 466 20
11 11 642 9
10 9 1414 9
19 19 1167 27
6 6 204 42
5 5 860 10
12 12 1278 5
13 15 321 10
13 13 321 19
17 17 51 3
0 14 1295 4
0 0 1295 4
2 0 1010 13
2 2 1010 12
1 1 1146 6
15 15 872 2
17 7 204 2
17 17 204 12
2 9 869 3
2 2 869 13
14 16 283 6
14 14 283 2
19 19 1155 4
10 10 799 21
7 7 835 12
7 18 1237 14
7 7 1237 15
12 16 270 14
12 12 270 11
0 4 179 4
0 0 179 7
2 6 171 8
2 2 171 3
2 3 788 13
2 2 788 1
8 8 574 2
3 3 1064 3
14 5 314 11
14 14 314 3
9 19 894 11
9 9 894 18
14 14 1262 4
17 15 1037 4
17 17 1037 4
17 17 592 3
14 12 514 10
14 14 514 3
18 18 299 21
1 6 84 8
1 1 84 1
3 3 738 3
8 8 984 18
7 9 154 14
7 7 154 1
7 7 609 8
7 15 1068 14
7 7 1068 2
16 16 333 2
13 13 175 9
15 15 1216 22
1 9 274 8
1 1 274 12
6 6 525 5
7 7 811 1
10 10 578 16
12 19 182 11
12 12 182 8
16 16 364 4
1 17 728 13
1 1 728 1
5 5 1264 9
4 3 904 7
4 4 904 6
3 7 896 8
3 3 896 10
5 5 465 4
6 6 481 14
7 10 493 7
7 7 493 24
11 11 1180 21
7 14 1234 6
7 7 1234 1
11 10 445 5
11 11 445 1
1 12 585 7
1 1 585 1
5 9 1025 4
5 5 1025 17
3 3 1298 7
10 10 745 15
7 4 1428 1
10 18 623 8
10 10 623 23
13 13 652 4
17 10 1030 12
17 17 1030 2
14 14 517 6
19 2 442 12
19 19 442 10
2 2 670 1
14 9 1408 7
14 14 1408 9
4 4 174 2
6 17 629 13
6 6 629 2
12 10 854 7
12 12 854 15
9 9 354 3
7 3 1061 11
7 7 1061 7
13 13 530 37
17 15 271 8
17 17 271 3
2 19 561 8
2 2 561 4
4 3 992 12
4 4 992 12
3 10 1231 10
3 3 1231 5
7 7 341 22
14 6 754 9
14 14 754 17
17 17 190 4
1 13 721 11
1 1 721 7
0 0 1420 6
4 4 570 9
3 12 562 8
3 3 562 1
3 4 1372 12
3 3 1372 3
7 12 490 13
7 7 490 3
12 2 316 14
12 12 316 23
12 15 841 12
12 12 841 13
13 13 1248 16
2 1 1031 11
2 2 1031 9
6 6 806 17
9 9 872 5
9 7 912 6
9 9 912 49
17 17 1279 17
0 19 459 13
0 0 459 3
0 0 816 2
19 19 12 8
18 12 1148 3
18 18 1148 4
19 9 803 9
19 19 803 25
15 15 1238 5
0 0 122 6
2 2 402 5
1 5 1101 9
1 1 1101 6
11 13 919 5
11 11 919 16
10 16 1173 12
10 10 1173 2
13 13 615 29
5 16 1208 2
5 5 1208 18
13 13 1160 8
14 0 814 5
14 14 814 6
2 4 846 2
2 2 846 6
3 4 910 11
3 3 910 1
19 3 403 10
19 19 403 32
11 12 1162 11
11 11 1162 1
17 8 938 7
17 17 938 2
1 8 912 8
1 1 912 7
13 6 611 14
13 13 611 4
2 2 586 2
1 1 1188 3
5 5 1139 10
10 10 667 3
7 13 1418 2
7 7 1418 9
11 11 117 9
14 7 1332 9
14 14 1332 8
17 5 1264 9
17 17 1264 6
14 8 418 8
14 14 418 25
15 15 464 1
1 1 769 1
1 5 500 13
1 1 500 7
3 8 729 3
3 3 729 9
2 11 89 1
2 2 89 4
19 19 877 23
18 18 1341 2
19 19 569 33
3 6 1341 10
3 3 1341 1
7 19 331 5
7 7 331 10
14 5 1053 10
14 14 1053 2
7 7 847 4
14 10 139 8
14 14 139 4
5 6 1262 1
5 5 1262 2
0 16 224 7
0 0 224 4
2 18 284 5
2 2 284 26
6 6 1259 4
6 6 897 17
2 10 50 9
2 2 50 5
11 17 416 8
11 11 416 13
12 12 306 1
17 7 515 9
17 17 515 4
1 11 1001 10
1 1 1001 2
1 5 7 8
1 1 7 2
3 6 250 12
3 3 250 3
11 16 781 7
11 11 781 7
7 3 1411 11
7 7 1411 7
14 5 542 7
14 14 542 5
18 14 1134 10
18 18 1134 14
19 19 900 5
18 13 420 14
18 18 420 11
10 18 984 11
10 10 984 19
12 2 528 10
12 12 528 8
18 8 570 8
18 18 570 8
18 18 875 3
3 3 346 11
1 5 1428 6
1 1 1428 1
2 2 538 7
5 5 1310 23
18 18 1159 6
7 13 1185 3
7 7 1185 1
11 11 328 3
15 15 853 12
17 3 350 7
17 17 350 2
0 8 556 13
0 0 556 19
8 8 1352 4
8 8 722 10
4 4 1347 10
13 13 434 7
11 13 473 2
11 11 473 18
12 9 297 8
12 12 297 1
15 15 743 9
1 1 994 7
2 3 1040 10
2 2 1040 4
1 2 1206 1
1 1 1206 3
5 6 139 4
5 5 139 4
4 4 305 2
7 7 102 5
9 9 191 1
11 11 99 5
16 16 1303 14
15 15 619 16
13 9 599 2
13 13 599 3
0 12 773 8
0 0 773 6
2 2 460 4
5 5 727 48
7 8 1033 12
7 7 1033 1
12 16 527 9
12 12 527 1
16 16 586 15
10 1 24 2
10 10 24 9
2 15 936 5
2 2 936 1
3 10 385 7
3 3 385 3
4 4 273 31
5 5 429 4
7 1 441 9
7 7 441 1
9 9 1072 7
12 12 670 20
16 16 335 8
16 16 788 2
14 15 771 9
14 14 771 2
4 14 542 5
4 4 542 1
8 8 1359 2
8 8 1156 63
5 7 318 11
5 5 318 7
2 19 1383 9
2 2 1383 2
11 7 1201 3
11 11 1201 2
13 13 995 26
14 4 4 7
14 14 4 16
6 6 246 5
2 1 714 3
2 2 714 5
10 10 692 5
13 13 681 8
16 16 124 36
12 12 1289 8
0 7 1206 6
0 0 1206 11
8 8 311 6
19 6 85 3
19 19 85 14
11 18 513 9
11 11 513 15
4 1 630 6
4 4 630 5
6 6 1430 4
6 6 44 22
10 10 861 12
10 19 1161 2
10 10 1161 12
14 3 156 11
14 14 156 4
2 15 1139 3
2 2 1139 6
2 10 233 10
2 2 233 2
6 18 1244 9
6 6 1244 15
7 7 455 5
16 16 409 1
12 1 479 10
12 12 479 3
17 3 1091 6
17 17 1091 9
1 1 1020 1
2 14 709 3
2 2 709 5
4 4 80 37
4 4 225 20
3 3 1147 4
14 15 446 2
14 14 446 3
0 10 787 12
0 0 787 2
2 2 478 7
1 12 1073 11
1 1 1073 5
3 10 821 6
3 3 821 1
10 10 1013 14
14 1 523 4
14 14 523 4
4 7 736 6
4 4 736 14
18 18 139 2
3 3 399 5
3 8 1305 2
3 3 1305 8
9 11 980 5
9 9 980 13
10 10 42 16
11 0 383 3
11 11 383 6
14 14 103 1
17 17 321 9
17 6 148 14
17 17 148 3
1 1 527 3
19 19 271 3
9 4 146 13
9 9 146 20
9 9 805 4
10 10 1027 15
17 17 466 6
1 17 1013 14
1 1 1013 3
1 14 99 9
1 1 99 1
0 5 1045 7
0 0 1045 40
18 6 1337 13
18 18 1337 4
3 18 1120 11
3 3 1120 14
8 8 342 24
9 15 227 2
9 9 227 4
10 10 243 12
13 12 731 14
13 13 731 1
16 16 224 7
1 14 870 7
1 1 870 10
2 2 591 1
3 10 359 8
3 3 359 2
6 6 143 16
11 3 1421 6
11 11 1421 2
9 4 1242 4
9 9 1242 14
15 15 1357 33
0 1 84 5
0 0 84 8
2 19 328 2
2 2 328 2
19 19 602 2
5 5 1191 4
5 5 1394 5
4 4 1168 7
9 17 266 8
9 9 266 9
11 5 1111 4
11 11 1111 10
16 16 368 12
12 12 651 16
15 15 937 1
17 1 314 11
17 17 314 6
14 0 788 13
14 14 788 3
1 2 203 12
1 1 203 4
1 9 818 5
1 1 818 8
3 14 78 6
3 3 78 2
6 6 1230 14
8 8 718 4
2 2 672 2
13 12 473 9
13 13 473 2
14 19 594 8
14 14 594 1
2 13 1419 14
2 2 1419 5
1 15 100 12
1 1 100 12
2 7 106 12
2 2 106 2
13 13 799 22
5 5 698 1
17 17 529 9
18 16 823 1
18 18 823 4
2 12 464 12
2 2 464 2
19 19 937 2
3 3 1270 3
9 9 520 7
19 19 1421 6
17 17 1300 5
16 16 284 5
18 18 767 7
2 7 1197 12
2 2 1197 7
18 17 1299 6
18 18 1299 10
3 2 38 2
3 3 38 2
3 6 509 5
3 3 509 6
4 3 501 5
4 4 501 3
8 8 443 1
17 4 171 5
17 17 171 10
12 12 1231 1
2 12 1116 5
2 2 1116 1
18 19 729 9
18 18 729 6
12 12 1374 11
13 13 1064 3
0 18 260 4
0 0 260 27
1 2 394 8
1 1 394 6
1 0 125 3
1 1 125 3
2 2 101 5
3 2 196 1
3 3 196 4
3 1 1134 11
3 3 1134 13
6 6 307 4
13 13 1130 15
14 16 403 6
14 14 403 10
5 14 1074 8
5 5 1074 12
1 1 880 1
2 11 20 1
2 2 20 2
4 4 78 2
8 8 1097 15
5 5 564 27
9 9 1220 8
2 5 1188 3
2 2 1188 3
18 4 833 1
18 18 833 1
19 19 181 11
4 19 618 2
4 4 618 8
9 9 308 18
7 0 1324 6
7 7 1324 12
2 9 795 14
2 2 795 19
13 13 943 27
10 0 277 10
10 10 277 14
19 19 1029 16
1 1 530 20
2 18 205 1
2 2 205 1
2 14 822 6
2 2 822 1
6 6 1208 2
2 18 1386 8
2 2 1386 5
11 2 1234 5
11 11 1234 25
14 10 246 9
14 14 246 2
11 12 44 10
11 11 44 2
13 3 1057 12
13 13 1057 7
14 14 1397 11
2 7 681 11
2 2 681 7
5 5 684 3
9 9 681 7
15 12 1323 11
15 15 1323 34
11 10 1265 11
11 11 1265 4
1 13 841 8
1 1 841 1
0 0 1023 7
6 6 76 12
4 4 799 14
3 0 785 13
3 3 785 1
7 12 201 11
7 7 201 5
14 14 1066 4
12 12 1134 14
6 14 788 14
6 6 788 1
2 9 1215 13
2 2 1215 7
2 19 341 5
2 2 341 4
3 16 958 13
3 3 958 6
8 8 425 1
11 19 1146 9
11 11 1146 16
9 3 1419 12
9 9 1419 1
14 4 452 7
14 14 452 6
12 10 1277 1
12 12 1277 1
2 18 1070 13
2 2 1070 1
5 5 1059 4
3 18 632 13
3 3 632 7
15 15 451 13
17 11 446 7
17 17 446 11
1 17 388 14
1 1 388 1
1 1 79 5
1 6 1253 6
1 1 1253 8
17 2 1041 13
17 17 1041 1
8 8 829 9
8 8 135 4
15 15 1263 18
14 14 413 5
1 11 834 13
1 1 834 7
17 3 123 12
17 17 123 4
4 6 774 11
4 4 774 11
5 5 107 10
10 10 912 1
11 11 892 11
10 13 444 3
10 10 444 6
16 16 257 4
17 17 216 49
2 0 1206 13
2 2 1206 1
3 1 29 2
3 3 29 9
5 5 1366 28
8 8 1222 2
3 3 1402 19
7 7 392 4
6 6 1345 5
9 6 1420 14
9 9 1420 3
5
0 18 663
3 10 333
11 10 605
8 18 269
8 14 444
