20 4917
13 0 108 8
13 13 108 1
15 15 597 4
17 17 294 2
1 1 215 13
3 9 609 8
3 3 609 17
8 4 746 11
8 8 746 5
16 9 400 13
16 16 400 1
2 12 78 10
2 2 78 2
17 11 1360 14
17 17 1360 4
9 12 0 10
9 9 0 10
12 12 59 13
13 14 334 10
13 13 334 10
15 9 30 5
15 15 30 3
7 7 577 1
1 1 270 25
19 11 91 11
19 19 91 10
19 19 965 4
8 8 947 1
4 4 364 18
9 9 913 2
15 10 869 3
15 15 869 1
15 5 720 6
15 15 720 1
15 2 143 3
15 15 143 9
1 1 756 9
5 5 1375 15
5 7 944 5
5 5 944 9
10 10 423 4
12 12 281 1
13 13 101 1
16 16 407 1
15 5 321 7
15 15 321 2
8 8 38 3
7 7 22 1
13 5 811 1
13 13 811 6
16 17 1003 13
16 16 1003 5
17 4 163 12
17 17 163 12
9 0 732 7
9 9 732 15
9 6 1175 6
9 9 1175 2
14 7 1164 11
14 14 1164 1
17 17 1368 9
12 12 900 6
14 14 367 2
6 6 805 6
1 1 263 6
8 8 1252 6
17 6 239 12
17 17 239 1
13 13 578 5
15 8 866 8
15 15 866 2
7 7 963 4
17 7 202 8
17 17 202 5
0 13 627 5
0 0 627 2
2 2 318 24
1 1 1326 7
5 5 1368 7
4 4 464 13
7 7 444 14
7 7 837 8
9 0 1137 6
9 9 1137 2
17 17 272 8
18 15 691 7
18 18 691 1
2 2 209 26
15 3 156 1
15 15 156 1
6 4 745 9
6 6 745 10
9 3 161 14
9 9 161 3
15 13 902 14
15 15 902 3
13 19 804 13
13 13 804 2
16 3 29 13
16 16 29 5
18 0 583 6
18 18 583 28
0 11 1222 11
0 0 1222 1
17 5 1357 11
17 17 1357 3
6 1 632 8
6 6 632 1
10 10 631 8
9 19 709 7
9 9 709 1
12 12 899 1
16 16 625 6
2 2 390 2
5 0 1328 13
5 5 1328 5
18 18 738 6
9 0 1257 9
9 9 1257 4
17 17 821 8
14 14 737 2
15 8 157 5
15 15 157 4
0 0 586 3
14 14 1012 29
5 17 1345 7
5 5 1345 20
6 6 1361 4
9 9 344 4
9 18 1004 12
9 9 1004 12
7 7 1289 26
12 4 271 6
12 12 271 10
12 12 1249 45
17 17 265 7
18 18 559 1
0 0 1070 8
3 3 129 13
9 9 400 13
10 10 857 5
16 18 1274 1
16 16 1274 6
14 14 515 21
18 11 296 5
18 18 296 13
18 3 1013 2
18 18 1013 3
2 2 91 19
6 6 196 1
6 6 265 12
9 9 718 2
9 5 1153 10
9 9 1153 8
10 10 1297 4
12 12 32 1
13 15 174 5
13 13 174 4
16 1 163 4
16 16 163 7
16 5 616 2
16 16 616 6
17 11 264 11
17 17 264 1
19 10 984 2
19 19 984 12
6 6 514 55
9 9 497 5
12 12 183 11
15 18 880 12
15 15 880 1
13 11 1173 7
13 13 1173 1
15 13 154 9
15 15 154 2
5 5 1279 1
10 10 775 17
10 10 336 4
10 10 1322 10
9 18 747 14
9 9 747 4
12 12 262 8
15 10 993 6
15 15 993 9
19 19 771 4
4 5 707 10
4 4 707 5
6 6 1174 2
5 5 353 5
9 7 211 13
9 9 211 15
9 9 870 12
9 6 1337 9
9 9 1337 5
12 8 72 5
12 12 72 1
14 14 465 21
1 1 505 28
0 1 1391 7
0 0 1391 31
2 2 671 4
4 19 175 2
4 4 175 14
18 18 1234 10
5 11 754 5
5 5 754 18
6 6 256 2
10 6 178 14
10 10 178 5
13 12 167 14
13 13 167 7
17 7 729 8
17 17 729 20
15 2 114 6
15 15 114 5
2 2 1250 17
18 18 895 20
2 2 408 16
2 2 526 10
4 4 993 12
3 3 1230 10
6 2 78 13
6 6 78 16
9 9 909 4
9 9 576 8
13 19 621 8
13 13 621 3
13 13 56 1
16 7 356 3
16 16 356 6
15 7 308 10
15 15 308 1
14 14 804 18
16 16 658 13
7 7 1407 6
16 5 1113 5
16 16 1113 3
17 7 1133 12
17 17 1133 8
16 8 499 12
16 16 499 13
16 16 952 3
18 18 395 12
0 0 130 17
2 17 743 9
2 2 743 57
5 5 1033 2
9 9 1314 7
13 2 644 11
13 13 644 8
10 10 410 3
16 0 983 13
16 16 983 13
9 17 37 3
9 9 37 1
9 9 1203 8
11 11 204 1
15 15 123 14
6 6 65 9
9 9 483 7
10 10 1170 4
11 7 1128 9
11 11 1128 6
13 13 703 2
1 1 1333 8
6 1 197 7
6 6 197 12
18 16 649 9
18 18 649 1
4 4 127 12
6 6 464 1
12 12 308 2
12 6 1166 8
12 12 1166 2
7 7 611 8
19 19 785 6
12 7 678 13
12 12 678 43
10 10 213 1
7 7 1413 6
3 3 1182 16
13 6 840 1
13 13 840 1
17 13 570 8
17 17 570 3
15 15 467 4
4 6 832 2
4 4 832 4
9 12 394 9
9 9 394 3
9 9 46 10
13 0 526 5
13 13 526 2
2 2 603 22
15 2 661 14
15 15 661 3
14 14 903 4
13 1 1013 11
13 13 1013 8
5 16 442 3
5 5 442 2
5 10 629 12
5 5 629 5
12 12 745 4
15 5 847 1
15 15 847 7
14 7 822 12
14 14 822 58
1 7 1283 6
1 1 1283 17
3 3 547 47
18 18 531 16
18 8 1244 8
18 18 1244 4
4 2 696 6
4 4 696 6
11 4 109 7
11 11 109 26
13 10 694 1
13 13 694 1
13 14 268 8
13 13 268 9
16 11 965 7
16 16 965 1
18 18 1135 22
4 11 847 11
4 4 847 8
6 11 607 1
6 6 607 8
16 17 314 6
16 16 314 1
16 9 1164 10
16 16 1164 3
9 19 635 11
9 9 635 5
16 6 329 6
16 16 329 9
4 15 528 10
4 4 528 2
12 12 765 7
6 2 889 11
6 6 889 17
16 16 1102 11
18 18 500 4
6 6 776 1
15 11 1215 6
15 15 1215 1
15 19 618 13
15 15 618 2
16 16 572 4
1 1 453 2
5 5 726 19
10 10 1340 48
17 17 1327 3
13 11 726 11
13 13 726 3
15 8 1343 11
15 15 1343 11
2 2 380 10
4 5 965 6
4 4 965 1
17 1 158 11
17 17 158 5
3 3 1322 42
7 7 775 4
17 17 342 1
14 19 768 3
14 14 768 10
18 18 1215 12
8 8 77 14
10 10 802 20
11 16 1200 11
11 11 1200 21
15 13 962 8
15 15 962 9
17 12 487 13
17 17 487 9
0 1 723 4
0 0 723 7
15 15 1286 5
4 13 251 3
4 4 251 4
6 6 340 1
15 1 1156 7
15 15 1156 1
16 18 913 8
16 16 913 4
18 17 971 4
18 18 971 5
18 18 1428 1
6 16 146 14
6 6 146 19
9 13 532 12
9 9 532 7
6 14 575 3
6 6 575 1
15 10 1406 7
15 15 1406 4
16 11 296 1
16 16 296 1
14 14 295 1
16 16 578 1
18 3 1319 3
18 18 1319 23
17 7 1331 5
17 17 1331 4
4 9 1187 10
4 4 1187 3
4 10 393 6
4 4 393 5
13 1 1195 2
13 13 1195 5
14 18 779 5
14 14 779 22
18 0 749 6
18 18 749 12
8 8 1399 12
8 8 705 8
6 5 444 1
6 6 444 20
9 6 360 6
9 9 360 1
1 1 695 6
15 16 1052 13
15 15 1052 5
15 15 971 5
16 10 1408 11
16 16 1408 3
2 1 153 13
2 2 153 14
6 14 1132 4
6 6 1132 14
6 6 335 1
12 15 98 13
12 12 98 7
13 13 876 8
12 5 1012 9
12 12 1012 6
17 13 550 11
17 17 550 2
16 16 554 2
1 1 471 15
19 19 48 3
8 2 1109 8
8 8 1109 14
6 6 576 1
8 8 319 12
17 0 1057 13
17 17 1057 2
7 7 691 22
11 11 858 24
17 9 1305 9
17 17 1305 1
16 7 244 6
16 16 244 4
17 11 447 5
17 17 447 4
6 8 1422 12
6 6 1422 2
6 6 1173 1
13 1 78 7
13 13 78 3
17 17 320 12
13 18 853 3
13 13 853 18
3 3 978 37
9 13 804 13
9 9 804 1
7 7 1361 3
10 10 1024 9
12 13 471 3
12 12 471 3
15 13 529 14
15 15 529 9
15 15 976 17
17 15 465 6
17 17 465 1
18 5 631 3
18 18 631 18
0 1 1046 8
0 0 1046 14
9 9 226 1
16 4 1218 10
16 16 1218 11
13 5 304 8
13 13 304 5
15 15 577 4
15 15 60 6
0 10 422 1
0 0 422 22
5 5 705 7
7 7 221 3
9 12 518 6
9 9 518 9
16 15 1420 2
16 16 1420 1
18 18 1305 10
5 5 953 14
3 3 1281 1
9 0 988 8
9 9 988 2
14 14 1270 12
17 10 1014 10
17 17 1014 2
13 13 1384 2
0 0 521 3
19 19 279 8
15 5 1329 4
15 15 1329 3
4 4 414 17
17 7 573 4
17 17 573 12
11 11 1019 4
9 7 813 12
9 9 813 19
11 11 452 2
17 17 1084 5
17 2 517 9
17 17 517 3
17 1 458 13
17 17 458 7
6 4 1118 14
6 6 1118 2
8 8 777 30
7 7 469 8
15 14 1316 1
15 15 1316 2
13 7 1268 9
13 13 1268 14
19 1 936 7
19 19 936 7
17 14 1346 7
17 17 1346 6
5 5 127 14
10 10 561 3
9 3 527 4
9 9 527 5
16 19 1411 5
16 16 1411 1
17 17 673 9
15 7 170 5
15 15 170 7
3 3 320 5
5 14 1199 3
5 5 1199 3
4 10 953 8
4 4 953 5
6 6 1400 2
7 7 412 2
7 7 1277 12
11 11 364 46
13 16 949 9
13 13 949 17
18 18 892 3
16 19 881 3
16 16 881 1
2 2 1117 3
1 1 1401 14
8 5 11 9
8 8 11 27
11 11 611 4
16 18 1185 9
16 16 1185 5
15 15 1131 1
17 1 451 2
17 17 451 4
0 0 842 10
0 1 703 11
0 0 703 4
16 19 1198 12
16 16 1198 4
4 19 642 1
4 4 642 2
10 10 226 36
11 3 135 7
11 11 135 5
11 14 802 2
11 11 802 30
2 2 424 10
0 18 1171 2
0 0 1171 4
6 6 126 8
10 10 117 7
13 3 605 1
13 13 605 4
12 13 555 8
12 12 555 18
15 15 179 8
2 2 900 11
8 8 622 8
9 11 1409 6
9 9 1409 5
9 14 1108 6
9 9 1108 8
10 10 1194 11
13 13 121 2
15 16 958 14
15 15 958 4
14 14 690 9
18 11 1006 13
18 18 1006 7
6 16 1209 6
6 6 1209 26
8 14 1192 3
8 8 1192 14
7 7 434 1
11 11 1237 11
17 7 1409 10
17 17 1409 3
9 9 983 1
1 1 991 5
18 18 1069 6
1 1 1251 15
6 6 1096 3
6 10 299 9
6 6 299 1
7 7 187 5
11 13 1314 6
11 11 1314 2
14 14 1208 9
13 6 347 11
13 13 347 2
12 1 1317 9
12 12 1317 1
0 17 601 14
0 0 601 22
19 19 515 30
1 1 1052 2
9 18 467 8
9 9 467 15
9 10 102 4
9 9 102 9
10 10 124 9
17 15 1285 6
17 17 1285 5
14 14 1202 6
13 19 1282 8
13 13 1282 1
0 10 623 8
0 0 623 4
3 14 929 1
3 3 929 9
12 12 1342 5
10 10 889 4
11 17 512 13
11 11 512 2
9 1 1117 7
9 9 1117 1
11 11 410 6
13 0 114 13
13 13 114 2
16 6 410 9
16 16 410 2
13 2 1224 4
13 13 1224 8
18 18 744 5
18 18 1173 9
3 3 635 21
9 9 832 1
12 12 507 1
17 6 1063 11
17 17 1063 2
17 17 618 4
14 6 702 10
14 14 702 35
0 0 1266 13
5 16 660 11
5 5 660 45
7 7 639 17
9 13 1380 4
9 9 1380 1
9 9 85 17
17 15 763 13
17 17 763 10
14 14 983 17
0 0 531 5
9 4 111 8
9 9 111 1
10 10 1229 2
12 12 1168 6
14 14 216 32
16 7 215 6
16 16 215 3
13 16 1339 12
13 13 1339 1
18 18 231 65
0 0 1280 13
5 5 1365 3
9 9 1016 8
9 0 1094 8
9 9 1094 11
16 4 614 3
16 16 614 2
13 11 928 5
13 13 928 6
17 13 1423 14
15 9 908 7
15 15 908 13
0 0 379 2
5 5 1067 25
3 3 1079 1
5 5 967 4
15 9 56 1
15 15 56 3
13 13 817 3
17 17 1048 2
13 16 1106 10
13 13 1106 2
4 19 715 7
4 4 715 5
5 5 971 5
18 18 485 7
7 7 169 3
16 5 1360 5
16 16 1360 17
13 6 333 14
13 13 333 1
12 12 1410 2
1 1 269 1
8 16 948 4
8 8 948 5
3 3 848 1
9 7 555 13
9 9 555 1
7 7 1104 7
10 10 1268 29
17 12 56 3
17 17 56 14
8 8 582 3
15 16 868 3
15 15 868 1
14 14 276 6
4 16 925 5
4 4 925 4
6 15 1380 12
6 6 1380 8
8 11 515 10
8 8 515 38
9 8 302 7
9 9 302 9
11 8 965 10
11 11 965 4
16 16 1150 14
16 0 392 10
16 16 392 8
16 16 861 6
19 15 312 4
19 19 312 8
1 1 1349 10
6 0 1186 10
6 6 1186 23
9 18 882 6
9 9 882 4
9 15 1285 1
9 9 1285 9
13 17 671 11
13 13 671 4
12 1 1347 12
12 12 1347 2
15 15 497 2
14 14 266 10
15 8 1410 9
15 15 1410 4
14 14 938 45
4 6 1426 5
7 0 166 13
7 7 166 3
7 17 1080 4
7 7 1080 2
10 10 1388 25
14 10 1165 14
14 14 1165 15
15 6 1281 1
15 15 1281 3
15 0 1276 4
15 15 1276 5
16 12 182 1
16 16 182 1
16 16 635 1
3 3 432 24
13 13 1346 3
10 10 899 20
9 18 556 4
9 9 556 20
13 15 12 9
13 13 12 4
15 15 581 6
1 1 1325 1
7 7 359 40
4 1 1403 12
4 4 1403 4
9 15 1002 6
9 9 1002 2
15 10 957 10
15 15 957 1
16 10 1141 13
16 16 1141 7
7 7 834 3
17 19 891 1
17 17 891 3
0 0 739 2
19 19 321 59
15 7 1342 6
15 15 1342 1
9 18 1294 11
9 9 1294 2
14 14 1374 4
13 17 494 11
13 13 494 4
17 8 416 13
17 17 416 10
18 18 1019 26
0 10 1223 14
0 0 1223 19
6 12 633 6
6 6 633 24
11 11 789 13
16 16 1358 2
15 1 1294 6
15 15 1294 3
17 3 1179 3
17 17 1179 14
15 15 111 3
1 19 852 5
1 1 852 12
2 2 1008 31
1 1 1144 2
7 7 353 6
9 16 597 14
9 9 597 19
11 11 297 4
13 11 1179 6
13 13 1179 4
13 2 1318 1
13 13 1318 2
19 19 1391 9
4 9 566 10
4 4 566 15
4 14 899 4
4 4 899 2
7 9 502 12
7 7 502 13
7 10 957 13
7 7 957 2
15 3 730 9
15 15 730 4
13 1 406 12
13 13 406 3
15 4 923 6
15 15 923 4
16 2 843 9
16 16 843 2
16 2 1416 5
16 16 1416 3
8 8 843 16
9 16 169 1
9 9 169 2
14 14 248 8
11 11 1048 16
0 3 1385 13
0 0 1385 6
2 2 88 2
17 14 255 11
17 17 255 4
6 18 1071 4
6 6 1071 3
16 12 906 11
16 16 906 1
5 5 648 8
17 7 1065 12
17 17 1065 7
10 10 639 2
9 9 717 1
12 10 33 13
12 12 33 3
15 15 1218 18
15 0 697 5
15 15 697 1
17 19 42 10
17 17 42 9
10 10 564 8
12 12 876 22
9 16 907 13
9 9 907 2
13 13 62 8
14 14 180 5
16 6 819 9
16 16 819 4
13 19 1375 4
13 13 1375 5
0 8 29 9
0 0 29 23
18 18 660 7
19 19 661 1
3 3 120 2
8 8 1251 1
4 5 1385 6
4 4 1385 1
3 3 838 10
14 14 55 113
15 3 1077 14
15 15 1077 2
5 5 1039 12
5 5 149 36
10 10 288 8
12 12 73 11
16 16 1266 7
12 13 1384 8
12 12 1384 2
16 4 758 12
16 16 758 4
11 8 940 7
11 11 940 13
9 9 35 2
9 18 1161 12
9 9 1161 7
12 13 216 7
12 12 216 2
12 11 613 9
12 12 613 4
13 18 369 7
13 13 369 5
14 0 1091 12
14 14 1091 2
0 12 938 4
0 0 938 9
1 1 1415 10
14 1 1041 11
14 14 1041 6
10 10 422 1
15 15 888 6
16 0 767 5
16 16 767 14
1 1 727 3
1 1 154 12
0 0 1422 3
8 1 1258 8
8 8 1258 38
9 10 1131 11
9 9 1131 3
13 5 1021 12
13 13 1021 3
15 15 1074 2
12 12 1322 6
11 11 1348 7
1 17 1185 11
1 1 1185 12
3 3 142 2
4 10 0 11
4 4 0 11
13 13 102 6
10 10 822 11
16 16 1316 14
12 12 397 6
13 17 281 13
13 13 281 3
13 14 739 2
13 13 739 12
0 8 818 3
0 0 818 7
2 3 481 14
2 2 481 45
0 0 1196 26
19 0 510 11
19 19 510 2
7 14 593 4
7 7 593 18
17 13 486 12
17 17 486 1
13 13 223 13
13 15 362 1
13 13 362 7
6 0 1021 12
6 6 1021 9
17 16 1125 9
17 17 1125 5
9 5 482 13
9 9 482 1
9 4 584 11
9 9 584 2
11 11 348 4
15 15 316 5
3 3 144 13
0 0 592 9
15 2 1395 1
15 15 1395 7
6 7 465 12
6 6 465 1
7 7 477 2
13 4 385 13
13 13 385 4
16 18 491 9
16 16 491 2
14 17 618 11
14 14 618 16
18 18 76 2
16 18 1206 9
16 16 1206 5
11 13 1309 5
11 11 1309 1
14 19 1217 13
14 14 1217 24
13 13 839 1
15 0 615 14
15 15 615 3
16 14 917 14
16 16 917 3
3 3 260 15
8 1 975 9
8 8 975 14
11 11 1386 16
9 10 1211 3
9 9 1211 11
14 14 1136 18
15 9 1378 6
15 15 1378 4
15 8 1241 10
15 15 1241 8
17 17 340 1
16 8 606 8
16 16 606 4
3 7 405 9
3 3 405 16
6 13 57 5
6 6 57 8
17 14 1043 9
17 17 1043 5
15 15 859 5
12 9 349 3
12 12 349 1
15 6 568 8
15 15 568 2
16 9 792 9
16 16 792 25
16 15 749 1
16 16 749 9
8 8 1347 7
3 3 657 1
9 14 372 7
9 9 372 7
2 2 896 4
16 17 365 5
16 16 365 5
11 11 418 3
15 4 1023 14
15 15 1023 4
18 18 71 5
0 7 710 3
0 0 710 13
17 17 196 4
16 16 108 7
5 5 347 6
8 8 241 3
15 14 620 14
15 15 620 5
16 19 966 3
16 16 966 6
1 1 451 2
18 18 1132 3
5 17 1419 2
5 5 1419 9
15 5 1155 2
15 15 1155 1
16 3 315 10
16 16 315 3
2 2 1228 22
0 11 959 10
0 0 959 4
8 8 418 11
2 4 536 6
2 2 536 22
3 3 849 80
6 6 1007 9
17 10 1225 4
17 17 1225 12
0 7 249 13
0 0 249 7
18 18 1349 6
8 8 1354 19
4 4 443 3
9 7 322 9
9 9 322 20
7 15 926 1
7 7 926 6
11 11 20 4
3 3 1198 23
13 8 1000 9
13 13 1000 3
15 15 435 3
1 1 1204 4
8 14 878 4
8 8 878 2
6 4 777 1
6 6 777 9
11 11 1001 2
1 1 533 15
12 12 442 13
15 12 1214 8
15 15 1214 1
15 19 629 2
15 15 629 12
1 1 785 15
0 2 1356 5
0 0 1356 7
4 4 140 1
10 10 961 6
11 11 1432 1
9 15 1189 2
9 9 1189 8
12 12 252 1
15 15 1392 1
15 4 815 2
15 15 815 15
16 4 135 5
16 16 135 14
5 5 1061 6
19 10 146 5
19 19 146 2
4 7 966 1
4 4 966 7
5 5 427 8
17 2 341 3
17 17 341 1
4 4 85 20
6 6 442 2
11 7 582 3
11 11 582 26
3 3 1240 41
17 10 915 4
17 17 915 3
13 6 1026 12
13 13 1026 4
18 8 492 9
18 18 492 8
18 9 1231 3
18 18 1231 3
6 8 768 9
6 6 768 8
6 7 341 12
6 6 341 6
9 3 650 6
9 9 650 8
16 12 1280 14
16 16 1280 4
13 11 1427 5
13 13 1427 2
0 0 1347 9
1 1 1086 26
17 8 240 4
17 17 240 12
4 19 139 9
4 4 139 1
9 14 397 13
9 9 397 2
9 17 539 9
9 9 539 16
13 13 568 10
12 5 512 9
12 12 512 12
16 12 297 14
16 16 297 2
16 16 579 12
12 8 330 10
12 12 330 2
4 4 973 16
5 5 404 23
9 1 286 9
9 9 286 4
17 16 829 3
17 17 829 8
18 18 915 6
12 12 663 14
16 16 440 5
16 5 781 6
16 16 781 4
13 4 1397 10
13 13 1397 3
16 15 939 10
16 16 939 9
0 14 1121 3
0 0 1121 4
1 17 1301 4
1 1 1301 24
6 6 872 4
9 15 367 10
9 9 367 5
11 11 457 4
17 6 1089 5
17 17 1089 1
13 14 1083 8
13 13 1083 11
18 15 944 11
18 18 944 11
0 0 683 1
4 3 662 12
4 4 662 12
6 6 1100 4
6 6 251 5
9 6 248 8
9 9 248 5
7 7 541 10
9 1 1350 14
9 9 1350 11
13 8 310 7
13 13 310 3
19 19 51 1
16 0 732 9
16 16 732 2
6 9 577 9
6 6 577 30
6 5 138 11
6 6 138 6
16 18 737 1
16 16 737 12
7 7 1145 18
13 13 561 2
17 4 867 12
17 17 867 6
5 5 1399 10
6 12 1057 5
6 6 1057 14
18 18 380 11
9 4 986 7
9 9 986 2
9 9 1056 6
10 10 1214 15
12 6 654 3
12 12 654 9
15 4 508 8
15 15 508 15
15 10 212 14
15 15 212 6
4 4 1073 13
8 4 713 9
8 8 713 14
11 11 1185 15
15 7 398 14
15 15 398 7
1 14 207 9
1 1 207 8
0 0 674 3
1 4 1183 8
1 1 1183 2
5 5 1118 39
11 11 709 23
13 13 729 2
12 12 423 13
19 19 1230 8
18 6 1415 9
18 18 1415 1
18 13 327 6
18 18 327 15
7 9 273 1
7 7 273 4
7 14 1142 12
7 7 1142 3
16 14 1421 11
16 16 1421 2
15 12 753 12
15 15 753 6
16 0 689 12
16 16 689 2
19 19 1343 36
3 3 35 7
4 17 1170 6
4 4 1170 17
9 5 963 13
9 9 963 4
11 11 540 25
12 12 376 9
13 4 70 10
13 13 70 4
16 9 438 14
16 16 438 2
17 17 312 8
15 2 221 14
15 15 221 2
15 15 334 6
2 2 802 30
4 4 757 9
3 3 519 3
7 7 55 101
15 9 407 12
15 15 407 28
18 18 623 8
4 18 644 6
4 4 644 1
7 7 531 10
9 6 1392 11
9 9 1392 5
13 12 722 12
13 13 722 4
5 5 72 7
12 12 1328 10
19 9 1239 6
19 19 1239 38
0 19 995 5
0 0 995 1
1 1 962 22
18 14 309 9
18 18 309 18
11 11 843 15
14 3 1118 2
14 14 1118 4
17 14 1290 3
17 17 1290 9
16 4 286 10
16 16 286 10
15 7 766 9
15 15 766 6
17 17 235 4
7 7 750 25
6 6 347 11
11 2 1102 4
11 11 1102 6
15 1 944 11
15 15 944 4
16 2 882 14
16 16 882 12
15 9 218 9
15 15 218 3
19 19 287 22
19 19 722 49
4 5 73 8
4 4 73 7
4 4 390 3
1 1 805 47
9 5 853 2
9 9 853 9
13 16 464 11
13 13 464 10
14 3 486 7
14 14 486 6
18 7 925 7
18 18 925 19
18 18 1075 26
3 3 198 5
4 3 216 7
4 4 216 1
13 18 715 1
13 13 715 4
17 11 562 3
17 17 562 4
17 17 520 4
2 2 18 15
3 3 343 19
7 7 210 8
11 0 832 10
11 11 832 11
12 7 159 3
12 12 159 13
15 15 776 8
16 10 218 5
16 16 218 7
2 2 344 36
4 4 929 5
9 10 314 11
9 9 314 8
11 11 522 3
16 11 873 9
16 16 873 1
18 0 440 4
18 18 440 6
0 0 536 29
9 9 139 3
9 13 862 14
9 9 862 8
11 11 501 11
13 14 457 8
13 13 457 2
16 14 51 4
16 16 51 20
13 13 1119 12
4 19 650 11
4 4 650 12
1 1 955 7
15 15 604 3
13 10 143 11
13 13 143 3
17 1 1214 11
17 17 1214 11
12 12 1318 4
17 12 1143 7
17 17 1143 14
17 17 51 5
10 10 919 31
11 11 268 7
15 15 1370 5
16 19 268 11
16 16 268 10
15 3 187 1
15 15 187 25
13 4 1055 5
13 13 1055 12
4 4 595 4
3 3 493 2
9 16 1116 4
9 9 1116 1
13 9 934 10
13 13 934 2
17 17 984 1
0 0 170 9
12 12 500 6
17 15 1062 12
17 17 1062 1
19 19 1149 15
2 13 702 3
2 2 702 15
4 8 206 12
4 4 206 6
3 3 1118 2
8 8 372 24
9 16 720 3
9 9 720 8
11 11 737 19
11 2 180 12
11 11 180 1
17 6 1388 12
17 17 1388 9
15 15 1257 13
15 12 676 1
15 15 676 6
0 6 387 3
0 0 387 4
0 0 1341 6
14 14 1353 2
3 3 325 12
7 2 192 8
7 7 192 18
16 2 259 1
16 16 259 1
13 8 1338 4
13 13 1338 1
18 18 228 3
16 1 1010 11
16 16 1010 29
4 1 919 8
4 4 919 6
5 9 506 7
5 5 506 15
6 1 504 1
6 6 504 10
11 11 1141 27
16 0 373 8
16 16 373 5
3 3 42 78
16 16 871 2
0 0 1115 6
16 18 655 5
16 16 655 3
5 5 267 7
6 14 395 10
6 6 395 1
11 13 649 3
11 11 649 2
12 4 499 5
12 12 499 1
15 16 1089 9
15 15 1089 9
12 12 1349 12
2 8 1389 10
2 2 1389 7
18 18 1052 17
4 8 888 5
4 4 888 3
6 0 209 8
6 6 209 11
5 5 855 6
11 11 1363 1
5 5 1276 3
15 14 1270 12
15 15 1270 2
17 17 755 8
17 5 70 9
17 17 70 28
0 3 975 3
0 0 975 20
2 16 434 6
2 2 434 5
7 7 825 3
10 10 111 6
13 3 583 11
13 13 583 11
12 12 721 7
15 18 871 6
15 15 871 4
16 8 207 8
16 16 207 1
15 0 137 10
15 15 137 2
1 1 714 13
16 14 1045 12
16 16 1045 8
18 18 1397 18
10 10 872 16
17 19 1377 10
17 17 1377 10
16 10 104 7
16 16 104 4
15 14 323 1
15 15 323 5
4 11 720 12
4 4 720 1
5 5 185 4
7 7 991 30
13 2 670 7
13 13 670 1
15 17 1102 3
15 15 1102 10
12 12 1404 1
5 5 114 13
17 11 1031 3
17 17 1031 1
4 6 871 5
4 4 871 8
6 6 1074 20
5 5 645 3
5 5 848 7
13 3 751 14
13 13 751 10
10 10 373 26
15 16 682 11
15 15 682 15
16 12 636 2
16 16 636 19
2 2 1303 16
18 18 784 7
2 2 397 11
5 5 1333 12
2 3 1077 3
2 2 1077 29
16 2 198 11
16 16 198 1
17 6 200 9
17 17 200 2
0 0 629 45
19 19 646 8
5 5 1163 19
4 18 901 14
4 4 901 8
9 9 342 2
13 6 412 9
13 13 412 3
15 17 328 12
15 15 328 2
1 11 636 13
1 1 636 4
19 19 320 1
4 0 1291 2
4 4 1291 4
10 10 1413 6
12 12 84 4
17 4 604 2
17 17 604 5
16 1 996 1
16 16 996 2
18 18 1016 3
4 10 1101 3
4 4 1101 10
11 18 1345 10
11 11 1345 3
7 1 1072 14
7 7 1072 5
12 19 43 8
12 12 43 14
13 19 179 13
13 13 179 44
17 8 749 2
17 17 749 3
0 5 104 10
0 0 104 12
4 0 1021 8
4 4 1021 16
4 8 330 1
4 4 330 2
18 12 462 12
18 18 462 13
7 7 352 1
17 3 837 12
17 17 837 1
16 18 1332 10
16 16 1332 9
2 2 1153 75
18 18 1383 14
5 5 1268 5
9 18 351 7
9 9 351 1
10 10 1142 3
13 13 970 5
13 16 405 2
13 13 405 1
18 10 407 6
18 18 407 10
0 0 182 10
5 5 599 7
6 6 1181 5
6 1 742 14
6 6 742 3
8 10 641 11
8 8 641 7
11 11 700 9
16 16 22 3
17 1 408 11
17 17 408 7
4 4 1132 11
1 14 486 6
1 1 486 19
16 15 1246 11
16 16 1246 7
4 2 162 5
4 4 162 9
6 6 625 3
9 9 57 4
10 10 137 14
14 14 1180 4
17 17 1352 5
17 17 1171 5
15 10 119 14
15 15 119 4
2 2 565 19
8 8 511 4
16 12 1400 4
16 16 1400 1
13 18 61 7
13 13 61 1
15 10 882 13
15 15 882 4
6 6 264 1
4 19 1386 14
4 4 1386 3
7 7 949 8
11 11 1003 16
17 17 1130 3
13 7 1252 14
13 13 1252 12
0 0 344 7
8 8 1342 5
8 14 648 13
8 8 648 7
11 13 693 6
11 11 693 7
19 13 1182 1
19 19 1182 28
2 2 80 8
7 7 298 20
6 1 262 1
6 6 262 2
15 18 1216 11
15 15 1216 2
13 7 538 3
13 13 538 5
15 15 641 15
14 14 1418 6
7 7 1207 4
19 2 230 10
19 19 230 49
2 2 240 15
4 17 549 3
4 4 549 9
6 0 906 13
6 6 906 33
5 8 914 3
5 5 914 26
9 7 1130 11
9 9 1130 1
17 17 505 10
0 0 351 11
13 4 786 13
13 13 786 3
2 2 741 1
3 3 241 19
8 8 655 14
6 6 366 1
10 10 296 12
9 5 1312 6
9 9 1312 2
13 5 642 3
13 13 642 2
14 14 1328 21
13 5 280 3
13 13 280 1
17 18 394 1
17 17 394 4
2 16 1352 6
2 2 1352 9
1 1 1233 6
7 8 318 1
7 7 318 13
9 19 43 5
9 9 43 3
9 7 1201 10
9 9 1201 2
13 8 361 8
13 13 361 1
1 9 702 7
1 1 702 12
19 19 1000 11
17 1 1249 2
17 17 1249 11
7 7 737 13
13 5 47 7
13 13 47 3
4 4 606 6
13 12 1157 11
13 13 1157 3
17 10 180 3
17 17 180 1
18 18 1360 10
8 8 1373 26
5 5 606 12
12 4 310 4
12 12 310 1
12 12 835 12
0 5 342 11
0 0 342 2
8 15 694 4
8 8 694 11
5 5 812 20
7 7 568 9
9 14 1321 1
9 9 1321 16
13 13 699 4
17 11 1269 10
17 17 1269 16
16 4 123 4
16 16 123 8
17 12 387 10
17 17 387 7
5 5 1409 10
7 7 585 8
15 3 1389 11
15 15 1389 1
15 12 1240 9
15 15 1240 1
15 15 66 10
0 0 116 11
9 3 490 2
9 9 490 7
7 7 1189 18
10 10 1179 15
12 0 350 13
12 12 350 20
15 18 1426 1
18 18 1355 5
6 6 1331 15
9 5 379 14
9 9 379 15
11 5 421 14
11 11 421 24
14 14 1427 5
15 12 1027 1
15 15 1027 13
16 13 936 4
16 16 936 3
18 5 68 4
18 18 68 3
4 4 247 4
6 15 706 3
6 6 706 1
10 10 641 11
14 14 1282 11
13 13 266 2
15 6 474 10
15 15 474 23
16 18 1121 14
16 16 1121 4
10 10 967 3
10 10 528 33
15 2 801 1
15 15 801 14
16 16 832 11
19 19 1014 20
4 2 277 11
4 4 277 19
3 17 1319 8
3 3 1319 3
9 11 934 6
9 9 934 10
10 10 1154 8
12 12 738 7
15 16 854 13
15 15 854 5
15 15 269 7
15 0 248 9
15 15 248 3
18 18 761 4
4 12 530 6
4 4 530 4
9 9 1247 6
4 15 1358 5
4 4 1358 1
7 0 1380 1
7 7 1380 27
16 14 1088 5
16 16 1088 9
15 4 701 1
15 15 701 5
1 1 1163 12
4 4 31 8
16 1 255 4
16 16 255 4
9 5 640 8
9 9 640 4
16 18 1290 9
16 16 1290 11
19 19 1210 16
18 13 1124 7
18 18 1124 4
4 4 141 11
17 5 1059 2
17 17 1059 3
12 12 253 9
7 7 619 11
16 2 307 11
16 16 307 7
16 8 248 9
16 16 248 3
14 14 919 11
13 13 1307 4
4 4 1190 1
7 7 442 2
19 19 607 22
16 4 381 6
16 16 381 11
12 9 332 10
12 12 332 4
12 12 1062 27
13 10 1200 5
13 13 1200 22
13 18 1403 13
13 13 1403 3
12 11 404 14
12 12 404 14
3 3 531 16
17 7 1030 6
17 17 1030 1
13 1 992 6
13 13 992 8
13 11 1025 3
13 13 1025 1
0 0 315 27
1 1 419 14
18 18 1228 3
4 18 680 1
4 4 680 2
5 5 241 9
7 7 551 17
16 0 338 13
16 16 338 16
15 11 1158 10
15 15 1158 8
1 2 873 3
1 1 873 24
17 0 175 7
17 17 175 3
6 6 144 2
9 12 71 2
9 9 71 12
9 9 1197 4
16 1 1424 1
16 16 1424 2
17 18 479 6
17 17 479 7
17 14 873 7
17 17 873 4
14 14 293 2
17 11 7 13
17 17 7 19
18 18 856 21
18 18 1317 2
17 3 119 10
17 17 119 4
5 7 1202 5
5 5 1202 34
7 7 435 7
10 10 46 1
7 7 1168 7
16 16 723 5
1 1 1300 1
4 3 512 12
4 4 512 1
6 11 1235 13
6 6 1235 38
9 18 366 14
9 9 366 1
9 9 801 3
12 12 474 8
13 4 420 12
13 13 420 3
19 13 1115 4
19 19 1115 14
0 0 684 17
7 7 1061 11
5 5 250 17
9 1 255 14
9 9 255 2
11 11 1336 4
14 4 1186 4
14 14 1186 9
16 3 1229 11
16 16 1229 17
13 17 309 3
13 13 309 1
17 17 548 2
16 16 556 1
2 2 1319 33
1 1 469 2
9 11 515 2
9 9 515 3
1 11 326 8
1 1 326 71
6 8 428 10
6 6 428 5
15 1 949 13
15 15 949 3
19 19 719 3
9 10 620 3
9 9 620 10
12 9 1236 1
12 12 1236 13
16 19 714 5
16 16 714 7
0 14 207 1
0 0 207 7
1 1 247 12
2 8 255 10
2 2 255 5
17 0 1319 14
17 17 1319 8
11 11 1184 1
12 12 465 6
13 4 477 4
13 13 477 12
2 10 110 14
2 2 110 10
5 5 227 14
6 11 324 11
6 6 324 11
12 12 1005 5
12 10 1338 2
12 12 1338 4
15 19 875 12
15 15 875 3
16 16 907 2
0 16 1159 8
0 0 1159 4
6 19 569 14
6 6 569 6
19 4 1129 2
19 19 1129 5
9 5 113 14
9 9 113 15
7 19 1137 12
7 7 1137 4
14 8 1371 2
14 14 1371 3
8 8 610 4
9 17 271 1
9 9 271 3
1 1 1175 8
16 3 1053 10
16 16 1053 1
12 17 1235 4
12 12 1235 1
13 14 1243 8
13 13 1243 1
17 15 130 9
17 17 130 5
0 0 198 9
19 19 716 3
6 6 1116 2
5 12 993 12
5 5 993 16
7 13 1021 9
7 7 1021 9
8 8 1419 7
15 12 894 4
15 15 894 1
11 6 454 12
11 11 454 3
15 1 1132 12
15 15 1132 6
15 14 406 9
15 15 406 1
0 0 256 1
18 17 620 4
18 18 620 3
4 12 938 5
4 4 938 15
4 17 645 5
4 4 645 5
15 18 224 7
15 15 224 1
17 14 1212 5
17 17 1212 2
13 3 721 8
13 13 721 1
15 10 1318 4
15 15 1318 10
19 1 1238 1
19 19 1238 1
0 0 996 33
0 0 1182 1
1 1 1024 16
3 3 337 6
5 5 712 5
10 10 994 5
11 11 1415 17
15 15 933 10
13 16 546 11
13 13 546 12
17 2 860 5
17 17 860 1
14 14 318 6
19 19 177 9
6 19 1273 4
6 6 1273 9
16 16 722 1
8 8 446 7
7 7 414 2
7 7 869 57
9 6 1105 13
9 9 1105 3
16 7 430 4
16 16 430 8
18 18 446 16
18 18 724 14
0 0 1143 13
6 6 1289 9
4 12 1321 7
4 4 1321 24
12 12 455 10
13 13 463 1
19 1 1134 12
19 19 1134 10
4 9 217 9
4 4 217 7
4 9 1123 5
4 4 1123 4
9 12 18 14
9 9 18 5
8 11 897 9
8 8 897 10
7 7 262 11
13 14 603 4
13 13 603 2
16 17 278 2
16 16 278 8
1 1 169 6
1 1 927 16
11 11 525 2
13 13 940 6
15 19 952 10
15 15 952 3
16 8 874 6
16 16 874 2
2 2 1106 11
18 18 719 5
0 0 1102 1
1 1 1392 6
4 4 398 4
9 12 138 9
9 9 138 1
9 9 1296 4
11 12 33 4
11 11 33 35
15 19 1138 9
15 15 1138 5
14 14 547 28
16 17 924 3
16 16 924 6
19 19 404 10
4 15 1130 1
4 4 1130 1
6 9 297 14
6 6 297 2
11 11 1316 20
9 12 1377 9
9 9 1377 3
15 6 1332 14
15 15 1332 8
15 15 21 7
1 1 104 8
14 14 1065 14
15 18 784 7
15 15 784 7
15 9 719 9
15 15 719 1
3 3 492 1
3 3 1398 2
9 10 290 6
9 9 290 12
11 14 514 1
11 11 514 3
11 11 969 3
13 12 112 9
13 13 112 2
16 8 412 6
16 16 412 2
14 14 699 3
7 8 725 2
7 7 725 8
8 8 1308 12
6 6 763 5
4 1 1311 14
4 4 1311 4
7 7 29 11
1 1 1273 10
14 14 1355 13
16 0 43 9
16 16 43 8
16 12 1008 2
16 16 1008 1
0 0 858 19
6 19 20 5
6 6 20 8
5 5 199 28
14 14 282 11
5 5 1160 3
2 2 558 7
4 10 769 6
4 4 769 1
4 4 350 1
9 13 1275 11
9 9 1275 10
11 17 260 5
11 11 260 8
16 6 260 5
16 16 260 2
17 17 650 22
3 3 30 5
4 5 1399 10
4 4 1399 1
7 7 848 21
17 17 1421 2
0 2 381 9
0 0 381 6
18 18 705 4
19 19 309 3
3 3 175 5
4 4 39 12
9 17 180 10
9 9 180 6
11 11 1221 12
12 0 825 13
12 12 825 10
16 16 34 2
19 19 857 27
8 8 1426 8
8 8 807 8
7 9 630 2
7 7 630 9
15 13 1393 7
15 15 1393 2
16 14 177 3
16 16 177 1
1 1 259 4
0 0 1333 8
5 5 81 29
10 10 108 3
14 14 1083 8
15 0 870 7
15 15 870 1
16 16 192 6
19 19 1379 8
18 1 681 13
18 18 681 10
19 19 205 25
13 19 983 13
13 13 983 2
17 9 969 10
17 17 969 1
8 17 453 13
8 8 453 11
18 1 1157 4
18 18 1157 16
4 0 721 9
4 4 721 1
8 8 41 26
7 3 19 11
7 7 19 3
16 16 1167 3
12 12 1405 1
15 12 499 7
15 15 499 9
1 1 800 5
13 11 772 3
13 13 772 13
3 3 760 5
9 13 705 14
9 9 705 4
7 7 1082 22
11 5 1269 10
11 11 1269 10
0 0 402 20
2 1 394 4
2 2 394 3
4 3 1015 14
4 4 1015 2
4 3 332 5
4 4 332 18
9 9 452 6
9 16 1253 13
9 9 1253 4
14 4 168 3
14 14 168 12
16 3 199 10
16 16 199 8
8 7 674 12
8 8 674 16
9 2 1000 8
9 9 1000 2
3 3 157 5
13 16 976 5
13 13 976 7
12 0 856 2
12 12 856 20
0 0 741 14
5 9 1051 5
5 5 1051 10
3 3 1063 16
10 10 316 9
12 16 482 11
12 12 482 17
17 0 1032 12
17 17 1032 11
15 15 525 4
14 14 575 3
19 19 432 9
4 4 879 9
6 6 192 4
6 6 277 20
13 13 261 4
9 4 1181 10
9 9 1181 1
10 10 1301 21
12 12 36 1
13 14 178 7
13 13 178 1
12 15 958 13
12 12 958 15
15 3 33 2
15 15 33 1
8 8 1135 37
13 0 77 13
13 13 77 1
10 10 453 19
13 16 632 3
13 13 632 10
18 14 976 7
18 18 976 20
17 6 192 4
17 17 192 2
0 0 589 3
19 19 654 7
3 3 456 36
17 8 841 2
17 17 841 9
10 9 340 4
10 10 340 14
16 16 1134 1
16 6 845 11
16 16 845 10
1 1 897 30
2 2 167 25
4 10 28 6
4 4 28 3
8 8 215 3
10 7 746 4
10 10 746 25
17 17 415 1
19 19 441 13
3 8 275 1
3 3 275 45
9 6 56 9
9 9 56 1
9 11 755 14
9 9 755 1
11 7 211 7
11 11 211 18
16 16 1351 7
15 16 1297 4
15 15 1297 2
13 19 374 13
13 13 374 11
17 17 40 2
19 19 1289 1
5 5 1318 10
6 10 74 4
6 6 74 4
9 12 502 5
9 9 502 9
15 14 1414 13
15 15 1414 8
12 12 1028 13
17 6 374 5
17 17 374 5
16 10 762 12
16 16 762 4
2 11 888 5
2 2 888 8
3 3 122 7
4 4 116 3
11 11 1168 12
6 6 755 1
16 8 1125 10
16 16 1125 3
15 9 1079 5
15 15 1079 10
17 2 956 4
17 17 956 10
15 10 345 9
15 15 345 11
0 0 755 11
3 3 606 3
9 15 208 10
9 9 208 3
9 7 1342 6
9 9 1342 2
13 13 286 5
12 18 1386 11
12 12 1386 18
17 10 400 8
17 17 400 8
18 4 1003 4
18 18 1003 3
19 19 11 13
9 6 756 5
9 9 756 5
12 12 1138 12
12 12 218 18
15 14 1237 4
15 15 1237 3
16 9 610 6
16 16 610 1
2 2 960 27
6 9 1016 8
6 6 1016 5
9 17 511 4
9 9 511 2
9 18 946 9
9 9 946 6
11 11 914 19
11 11 301 10
14 18 1047 5
14 14 1047 5
15 19 305 4
15 15 305 3
17 11 178 3
17 17 178 2
17 6 427 14
17 17 427 20
19 2 668 3
19 19 668 1
4 9 115 13
4 4 115 1
5 5 79 2
15 17 886 8
15 15 886 2
10 16 1145 5
10 10 1145 3
16 16 1116 4
16 9 955 12
16 16 955 3
19 19 1081 34
13 13 841 1
6 6 1164 9
6 12 367 9
6 6 367 12
10 10 668 27
7 7 962 1
12 12 639 3
4 4 836 7
3 3 724 5
10 10 623 8
17 12 727 11
17 17 727 2
17 4 26 5
17 17 26 6
1 5 701 4
1 1 701 1
15 6 799 12
15 15 799 2
18 18 1342 1
2 4 987 2
2 2 987 3
5 5 521 32
7 7 789 36
10 10 11 23
12 6 749 6
12 12 749 7
4 4 122 4
7 7 479 23
19 18 695 10
19 19 695 21
11 7 24 5
11 11 24 9
6 6 615 8
13 8 1012 11
13 13 1012 1
15 15 1008 15
0 5 1078 14
0 0 1078 11
1 15 1208 7
1 1 1208 17
6 6 712 6
6 1 797 8
6 6 797 8
6 6 358 5
9 16 194 5
9 9 194 14
12 12 121 26
13 13 837 2
17 1 1268 5
17 17 1268 1
14 14 360 7
16 7 961 2
16 16 961 4
19 19 25 23
2 2 200 9
8 8 1009 10
8 1 262 8
8 8 262 3
9 4 83 2
9 9 83 2
17 10 1330 2
17 17 1330 1
17 10 1157 5
17 17 1157 1
15 11 77 1
15 15 77 1
2 2 1267 4
15 19 1275 14
15 15 1275 1
5 8 1297 11
5 5 1297 14
4 14 303 11
4 4 303 5
13 19 39 13
13 13 39 6
13 1 1352 9
13 13 1352 4
2 2 1122 19
11 11 732 5
4 10 446 7
4 4 446 5
14 14 1424 3
17 0 935 3
17 17 935 3
13 15 1038 6
13 13 1038 6
18 4 504 12
18 18 504 27
0 0 147 10
16 16 932 4
6 18 707 12
6 6 707 3
9 0 1361 4
9 9 1361 5
13 6 265 12
13 13 265 1
16 13 115 6
16 16 115 8
17 0 123 7
17 17 123 7
0 13 477 12
0 0 477 9
6 7 1033 5
6 6 1033 3
5 5 746 8
7 7 250 12
9 3 751 9
9 9 751 3
7 7 1036 2
12 12 524 1
17 17 894 2
14 14 344 16
16 16 599 7
0 0 286 3
9 9 274 10
7 9 779 12
7 7 779 2
9 9 632 3
11 5 953 14
11 11 953 12
16 12 785 9
16 16 785 7
15 16 251 11
15 15 251 1
2 2 860 5
16 4 1284 11
16 16 1284 6
11 11 908 6
4 11 1359 4
4 4 1359 26
15 6 1113 3
15 15 1113 18
16 16 475 2
14 14 634 13
1 1 998 23
8 8 438 8
4 0 674 9
4 4 674 1
4 10 255 7
4 4 255 4
6 11 698 2
6 6 698 8
6 0 336 8
6 6 336 4
2 2 876 12
13 16 684 7
13 13 684 10
12 4 436 7
12 12 436 6
12 12 1294 23
15 10 34 13
15 15 34 14
7 7 1336 12
4 4 817 2
8 8 1023 19
7 1 292 8
7 7 292 6
15 13 48 8
15 15 48 2
1 1 640 7
19 19 148 4
8 8 91 48
18 15 1248 1
18 18 1248 27
4 4 1191 1
10 10 862 10
8 8 670 4
10 10 1162 8
16 16 1065 23
13 2 89 1
13 13 89 5
13 12 1402 3
13 13 1402 1
13 13 1244 3
1 6 228 13
1 1 228 4
2 4 855 10
2 2 855 4
4 7 538 13
4 4 538 4
7 7 458 11
7 7 1372 8
14 19 1378 13
14 14 1378 23
15 0 1040 5
15 15 1040 4
17 8 913 12
17 17 913 2
13 3 1024 10
13 13 1024 1
1 1 418 1
16 7 520 11
16 16 520 13
4 8 230 11
4 4 230 7
9 9 245 3
9 12 1347 14
9 9 1347 1
13 14 677 13
13 13 677 5
14 14 1293 18
14 14 1004 8
18 18 1427 1
4 0 824 1
4 4 824 2
3 3 1159 23
11 5 237 13
11 11 237 4
16 16 299 5
14 0 298 9
14 14 298 6
15 18 88 1
15 15 88 2
0 0 90 1
19 19 157 8
9 14 284 11
9 9 284 2
10 10 402 6
10 10 47 12
10 10 1205 9
17 15 332 2
17 17 332 8
0 0 574 2
4 12 513 12
4 4 513 3
6 12 435 7
6 6 435 6
11 11 625 24
16 16 1215 3
17 6 1095 5
17 17 1095 10
0 0 307 8
17 18 1 5
17 17 1 3
4 9 237 8
4 4 237 1
4 2 1143 10
4 4 1143 2
9 0 254 2
9 9 254 1
9 9 1348 2
16 8 1401 10
16 16 1401 7
15 6 1166 7
15 15 1166 9
16 13 88 14
16 16 88 1
16 16 557 1
2 2 474 7
19 4 488 14
19 19 488 9
19 15 152 9
19 19 152 5
3 3 689 6
9 9 514 1
9 10 1237 13
9 9 1237 8
12 3 236 5
12 12 236 16
17 17 1310 9
15 3 831 7
15 15 831 5
17 17 692 18
16 16 210 5
0 15 81 7
0 0 81 9
1 1 325 1
4 13 259 7
4 4 259 18
9 10 984 2
9 9 984 2
9 5 1427 1
9 9 1427 1
9 15 1062 14
9 9 1062 6
15 10 283 5
15 15 283 2
0 11 192 12
0 0 192 2
0 16 565 7
0 0 565 9
4 5 402 2
4 4 402 9
9 16 809 8
9 9 809 4
16 3 354 8
16 16 354 2
13 13 785 1
15 3 392 13
15 15 392 6
13 10 1168 2
13 13 1168 5
12 14 385 12
12 12 385 7
4 6 212 8
4 4 212 4
9 0 698 9
9 9 698 5
14 14 1311 6
15 0 1175 8
15 15 1175 13
0 17 1363 5
0 0 1363 2
19 19 497 13
4 4 1037 21
10 10 1016 8
9 3 112 10
9 9 112 1
10 10 78 28
9 0 1246 5
9 9 1246 1
16 9 1423 12
16 16 1423 1
15 19 772 13
15 15 772 4
16 16 691 2
0 0 925 13
16 12 721 7
16 16 721 1
3 6 1282 7
3 3 1282 37
7 17 416 10
7 7 416 15
9 18 1428 1
9 9 1428 7
9 7 1071 11
9 9 1071 13
16 16 1054 5
16 16 424 1
15 9 223 7
15 15 223 1
0 15 524 1
0 0 524 7
2 18 800 5
2 2 800 2
7 7 1077 3
6 8 28 13
6 6 28 29
6 6 856 6
4 16 1315 1
4 4 1315 6
13 19 1067 14
13 13 1067 16
0 0 257 29
13 18 1222 12
13 13 1222 2
19 10 828 5
19 19 828 23
15 15 587 10
18 18 358 1
0 0 1183 13
5 5 1009 12
4 4 789 1
3 3 807 12
8 8 464 18
10 10 572 33
13 5 236 5
13 13 236 4
16 16 229 10
14 14 880 2
1 1 748 8
4 16 623 2
4 4 623 19
17 11 1335 1
17 17 1335 5
3 3 948 30
9 9 311 3
10 10 399 3
13 11 946 7
13 13 946 3
18 18 1182 12
4 6 766 10
4 4 766 3
8 6 761 2
8 8 761 16
17 13 1090 6
17 17 1090 5
9 9 128 7
11 11 1233 4
13 13 771 1
13 13 462 1
16 9 899 14
16 16 899 7
5 11 1035 2
5 5 1035 4
1 1 398 20
3 3 1106 12
6 17 226 9
6 6 226 15
6 3 311 9
6 6 311 1
17 10 861 1
17 17 861 2
12 12 10 22
15 16 1253 13
15 15 1253 1
17 0 672 12
17 17 672 1
14 14 882 21
15 1 1375 2
15 15 1375 3
17 15 852 7
17 17 852 8
13 13 1286 18
2 8 342 7
2 2 342 2
3 3 1403 13
4 4 504 8
10 10 893 2
9 9 1414 9
15 15 955 2
17 12 296 7
17 17 296 2
17 2 379 1
17 17 379 8
18 18 716 3
0 0 1103 12
4 4 741 1
8 17 1302 8
8 8 1302 6
8 18 736 8
8 8 736 2
6 17 415 1
6 6 415 4
12 12 772 13
12 12 1361 23
2 2 120 26
2 2 677 4
4 4 1131 1
7 3 515 7
7 7 515 11
13 18 344 14
13 13 344 3
15 15 601 1
17 11 350 14
17 17 350 20
18 18 805 12
5 15 110 13
5 5 110 4
6 1 116 3
6 6 116 10
7 7 656 20
18 19 49 5
18 18 49 5
15 13 718 11
15 15 718 1
18 13 692 11
18 18 692 13
16 5 185 4
16 16 185 2
19 19 629 2
5 5 1182 17
3 3 495 24
8 8 429 9
7 7 399 1
9 4 1423 1
9 9 1423 4
10 10 1104 36
17 17 1419 2
2 2 192 4
6 10 760 11
6 6 760 1
4 4 1304 7
16 16 1170 11
15 10 1146 2
15 15 1146 9
16 19 1009 5
16 16 1009 1
2 2 1424 1
16 11 1128 6
16 16 1128 6
19 19 851 6
6 6 1094 1
6 6 220 6
8 5 139 2
8 8 139 23
7 7 173 2
13 9 134 5
13 13 134 5
17 15 640 1
17 17 640 10
16 16 187 5
16 15 512 11
16 16 512 2
15 18 330 13
15 15 330 2
3 3 524 7
4 18 351 8
4 4 351 5
4 16 1249 4
4 4 1249 8
8 8 1186 6
13 13 1115 4
17 7 838 10
17 17 838 3
16 16 671 5
0 0 52 18
6 6 1376 4
4 11 1392 10
4 4 1392 7
15 16 905 2
15 15 905 3
3 3 1080 11
11 8 651 4
11 11 651 42
17 14 1053 12
17 17 1053 4
16 11 1000 1
16 16 1000 3
18 18 1050 2
1 1 1266 7
13 13 543 1
17 3 1076 3
17 17 1076 8
10 10 154 24
11 11 175 1
16 16 178 2
18 18 791 14
19 19 969 15
13 16 16 6
13 13 16 3
16 12 1330 12
16 16 1330 2
15 15 139 4
19 19 643 3
4 4 1407 17
9 9 728 4
15 17 333 9
15 15 333 1
16 6 418 7
16 16 418 6
4 4 722 3
9 3 188 10
9 9 188 4
13 13 668 2
13 13 498 5
12 14 1406 12
12 12 1406 4
13 18 1096 10
13 13 1096 5
18 15 1045 12
18 18 1045 5
4 4 865 6
8 16 815 8
8 8 815 6
4 16 1088 14
4 4 1088 13
10 10 133 4
9 7 1179 10
9 9 1179 2
17 3 1211 10
17 17 1211 1
15 5 1273 3
15 15 1273 2
13 0 1174 8
13 13 1174 5
0 8 1293 3
0 0 1293 14
1 1 1124 20
8 8 1129 6
9 3 593 9
9 9 593 4
13 7 9 14
13 13 9 3
15 4 878 13
15 15 878 2
16 12 824 11
16 16 824 7
19 19 1387 4
17 6 456 10
17 17 456 2
11 11 1023 5
13 13 975 1
15 15 927 6
13 14 1264 6
13 13 1264 4
18 18 560 22
6 8 1176 4
6 6 1176 5
6 6 379 11
12 16 756 10
12 12 756 9
13 17 661 12
13 13 661 5
16 16 998 1
0 0 1242 9
12 12 37 6
15 13 1291 13
15 15 1291 3
17 17 1176 3
16 16 160 3
15 12 104 1
15 15 104 5
4 15 308 1
4 4 308 6
5 5 66 6
9 1 460 9
9 9 460 7
11 11 1037 11
9 2 1261 10
9 9 1261 14
16 4 362 2
16 16 362 3
14 14 741 27
12 12 194 9
1 1 730 18
6 6 1365 4
8 8 564 2
4 4 1389 3
10 5 792 2
10 10 792 7
10 11 1140 1
10 10 1140 2
16 12 1135 3
16 16 1135 6
15 4 1065 8
15 15 1065 9
17 16 710 12
17 17 710 1
1 1 62 23
16 17 1203 1
16 16 1203 3
1 1 1364 13
16 16 766 1
17 10 1024 9
17 17 1024 6
16 16 8 14
2 2 1396 25
8 8 989 20
5 11 832 11
5 5 832 16
10 10 183 8
9 2 903 8
9 9 903 1
12 12 617 21
15 15 698 3
14 14 256 10
18 14 768 10
18 18 768 16
0 12 1307 11
0 0 1307 26
9 11 904 10
9 9 904 3
9 18 1046 4
9 9 1046 2
13 14 624 10
13 13 624 8
17 16 609 7
17 17 609 6
14 14 187 14
14 14 801 3
19 10 662 6
19 19 662 6
10 10 771 3
12 19 847 4
12 12 847 9
15 9 1005 11
15 15 1005 3
16 13 831 6
16 16 831 1
18 18 89 139
1 1 1197 7
17 5 1265 8
17 17 1265 3
11 11 1248 6
15 15 1191 7
16 10 980 14
16 16 980 1
0 18 1379 4
0 0 1379 2
16 16 972 8
19 19 884 2
4 7 171 2
4 4 171 2
10 10 895 4
14 14 1125 11
13 13 163 4
15 2 1236 14
15 15 1236 1
14 14 324 8
16 16 611 3
17 5 343 4
17 17 343 7
4 5 1005 4
4 4 1005 2
4 4 314 16
4 4 1228 21
15 15 1422 3
15 1 239 8
15 15 239 9
18 18 650 10
17 17 98 8
5 5 453 42
9 9 1128 2
13 2 389 3
13 13 389 6
15 16 1002 1
15 15 1002 2
18 18 391 4
17 14 298 6
17 17 298 9
15 13 1340 6
15 15 1340 2
10 10 214 9
12 6 392 4
12 12 392 5
13 2 278 10
13 13 278 2
19 19 454 34
1 1 1239 12
4 4 1060 13
12 18 543 4
12 12 543 12
13 14 359 1
13 13 359 2
16 13 149 3
16 16 149 9
0 0 127 3
18 4 1343 3
18 18 1343 6
5 5 445 8
11 11 906 2
13 18 45 9
13 13 45 2
17 14 796 5
17 17 796 15
4 10 558 3
4 4 558 8
8 8 1172 8
8 8 553 2
13 6 1044 9
13 13 1044 11
0 0 157 13
6 6 786 11
11 19 1310 9
11 11 1310 4
0 0 877 14
13 9 836 12
13 13 836 1
14 14 536 11
17 17 629 11
19 19 24 1
10 10 986 8
13 14 522 14
13 13 522 4
17 17 624 5
14 2 907 7
14 14 907 12
18 18 877 11
19 14 1011 1
19 19 1011 3
14 14 1057 8
4 4 296 1
7 13 781 8
7 7 781 8
9 12 630 9
9 9 630 2
16 16 736 1
6 6 1120 6
8 8 253 4
4 18 1345 4
4 4 1345 1
12 12 303 5
13 1 439 12
13 13 439 13
17 5 934 6
17 17 934 1
13 17 1037 13
13 13 1037 1
14 14 1052 5
5 5 141 8
5 7 787 2
5 5 787 7
16 16 1301 2
17 17 1260 5
4 4 843 2
6 6 1038 15
5 5 745 1
6 6 1302 13
12 12 525 11
16 1 318 7
16 16 318 10
16 9 131 11
16 16 131 4
4 2 855 5
4 4 855 10
14 6 1000 7
14 14 1000 4
8 8 1075 27
5 5 634 11
10 10 1152 2
13 13 916 12
13 11 1344 4
13 13 1344 2
17 14 1387 14
17 17 1387 1
4 10 105 12
4 4 105 10
8 8 727 9
15 15 607 8
13 13 1030 6
9 17 754 1
9 9 754 1
18 7 957 2
18 18 957 8
0 0 1029 4
1 1 1161 2
4 4 675 5
13 13 1183 8
11 11 102 7
13 3 683 12
13 13 683 1
17 17 552 10
14 18 1122 10
14 14 1122 2
10 10 970 16
8 8 309 8
16 16 591 8
1 3 647 10
1 1 647 47
6 2 1424 8
6 6 1424 7
6 6 811 4
15 15 276 2
16 14 734 5
16 16 734 2
2 2 1141 12
2 2 235 3
2 2 852 3
4 4 80 5
6 12 1315 7
6 6 1315 16
6 6 441 1
17 11 1009 14
17 17 1009 5
16 7 467 2
16 16 467 2
14 14 578 8
1 19 20 4
1 1 20 42
4 3 682 7
4 4 682 14
3 3 674 15
8 8 226 15
19 1 1327 6
19 19 1327 16
9 1 1346 3
9 9 1346 1
14 14 1241 10
17 5 372 5
17 17 372 2
17 9 1246 1
17 17 1246 3
16 15 567 10
16 16 567 5
2 2 448 12
0 17 1163 8
0 0 1163 8
8 6 1327 4
8 8 1327 15
9 9 434 8
6 18 718 6
6 6 718 24
16 5 1426 2
16 16 1426 1
15 9 1402 12
15 15 1402 2
15 6 748 8
15 15 748 2
17 17 5 2
0 13 91 10
0 0 91 13
18 14 1315 13
18 18 1315 2
17 11 229 12
17 17 229 6
8 8 630 7
9 9 617 3
9 9 1084 10
13 12 81 3
13 13 81 8
17 18 1016 3
17 17 1016 8
13 15 1191 7
13 13 1191 4
3 3 661 13
5 5 1021 12
10 10 354 19
7 7 1364 8
13 10 791 8
13 13 791 13
13 3 418 3
13 13 418 2
19 19 817 11
4 4 238 9
8 8 340 9
5 9 782 9
5 5 782 5
9 3 253 7
9 9 253 1
14 14 1184 2
17 17 1239 7
16 15 89 13
16 16 89 11
16 13 558 10
16 16 558 9
1 16 864 12
1 1 864 9
18 18 830 25
19 19 52 2
18 11 996 7
18 18 996 7
2 10 625 14
2 2 625 21
4 16 189 3
4 4 189 5
7 14 277 5
7 7 277 2
7 7 224 26
9 9 513 1
11 4 229 9
11 11 229 8
13 18 558 1
13 13 558 3
15 13 830 9
15 15 830 1
16 18 701 4
16 16 701 6
19 19 165 10
2 12 951 2
2 2 951 9
8 8 637 4
7 7 1266 11
10 10 833 24
9 16 991 7
9 9 991 9
7 1 1163 12
7 7 1163 5
16 17 1412 7
16 16 1412 4
13 18 74 4
13 13 74 3
15 12 943 6
15 15 943 1
15 13 282 4
15 15 282 1
11 7 1355 6
11 11 1355 8
6 4 427 4
6 6 427 1
15 15 1249 4
11 13 451 8
11 11 451 1
2 2 1421 3
0 0 677 6
19 19 387 17
3 3 656 1
6 17 684 8
6 6 684 14
6 6 241 10
9 9 230 9
9 11 697 12
9 9 697 1
14 14 1195 7
12 12 418 1
13 14 1410 14
13 13 1410 12
1 1 300 25
0 5 1177 5
0 0 1177 5
2 2 584 19
3 3 362 43
4 6 356 7
4 4 356 8
8 8 917 8
5 5 717 9
9 18 444 2
9 9 444 5
7 7 676 5
9 9 1245 1
10 10 1237 13
14 14 1114 4
13 4 242 5
13 13 242 12
12 12 1150 4
16 14 239 9
16 16 239 3
15 3 169 11
15 15 169 1
19 15 101 8
19 19 101 45
4 7 958 4
4 4 958 1
8 19 1071 6
8 8 1071 4
6 7 19 3
6 6 19 1
11 17 529 7
11 11 529 11
7 7 218 3
15 10 948 2
15 15 948 1
16 18 894 1
16 16 894 5
13 15 1380 12
13 13 1380 4
17 9 903 6
17 17 903 10
9 16 849 12
9 9 849 4
11 11 622 3
19 11 775 14
19 19 775 10
16 16 469 6
17 14 1072 11
17 17 1072 4
16 15 909 12
16 16 909 1
1 1 127 27
15 15 109 2
5 5 1092 26
9 12 239 13
9 9 239 6
9 15 1397 7
9 9 1397 12
13 13 719 2
14 14 397 8
16 17 226 14
16 16 226 3
18 18 359 17
4 10 790 12
4 4 790 9
5 0 566 8
5 5 566 17
9 19 1222 4
9 9 1222 12
11 11 275 22
13 13 544 2
15 7 1361 3
15 15 1361 2
17 2 850 9
17 17 850 2
16 5 707 5
16 16 707 7
19 16 175 12
19 19 175 2
11 11 517 5
6 12 961 13
6 6 961 11
5 5 583 16
16 10 370 3
16 16 370 3
11 11 352 12
12 12 370 6
12 10 1220 11
12 12 1220 2
0 8 362 10
0 0 362 1
8 8 1296 6
6 6 421 4
9 10 135 2
9 9 135 3
10 10 287 1
11 6 615 10
11 11 615 7
15 15 1143 3
15 8 546 7
15 15 546 18
17 11 455 2
17 17 455 1
1 19 397 7
1 1 397 1
1 3 112 8
1 1 112 7
3 3 203 6
11 8 756 1
11 11 756 3
16 3 1391 12
16 16 1391 9
17 17 525 11
0 14 1175 9
0 0 1175 2
8 8 1102 7
4 6 1276 11
4 4 1276 15
18 6 765 11
18 18 765 3
1 16 175 3
1 1 175 22
17 16 106 2
17 17 106 8
4 15 599 4
4 4 599 7
5 5 1391 8
11 0 527 9
11 11 527 2
16 9 428 6
16 16 428 2
13 13 938 2
16 16 876 2
0 1 214 1
0 0 214 3
1 1 1398 3
4 5 742 3
4 4 742 12
4 7 51 4
4 4 51 8
12 17 1042 6
12 12 1042 8
10 10 262 25
9 12 902 4
9 9 902 1
13 7 827 10
13 13 827 9
14 14 492 19
17 9 1340 8
17 17 1340 6
0 3 837 12
0 0 837 1
0 0 1279 1
4 14 194 7
4 4 194 12
6 6 657 27
15 15 1057 8
9 16 25 9
9 9 25 10
9 11 1383 3
9 9 1383 1
11 11 176 4
13 13 705 10
14 14 415 6
1 7 1040 8
1 1 1040 12
13 16 594 5
13 13 594 9
12 12 734 1
16 12 158 14
16 16 158 2
13 14 1342 13
13 13 1342 2
1 1 765 20
16 3 1100 6
16 16 1100 2
17 9 32 6
17 17 32 8
3 3 1400 3
15 16 1382 9
15 15 1382 3
12 12 1154 12
16 9 414 5
16 16 414 4
16 16 867 4
0 4 376 14
0 0 376 3
15 19 438 3
15 15 438 29
0 0 1095 7
1 1 1359 2
12 0 573 3
12 12 573 10
6 1 761 4
6 6 761 2
6 4 834 11
6 6 834 7
6 4 407 7
6 6 407 8
9 5 836 12
9 9 836 12
13 2 820 12
13 13 820 4
17 18 622 1
17 17 622 2
15 15 750 3
2 18 1425 3
2 2 1425 7
6 14 1095 9
6 6 1095 1
3 3 1091 15
5 19 656 14
5 5 656 4
7 10 172 11
7 7 172 1
11 10 1375 13
11 11 1375 11
9 9 1384 8
12 1 57 5
12 12 57 2
13 3 133 11
13 13 133 1
17 17 1204 7
9 1 889 8
9 9 889 5
15 2 28 5
15 15 28 2
2 2 920 31
9 9 915 19
7 7 1111 26
16 16 262 6
2 2 914 6
4 4 581 7
3 3 938 10
17 1 982 9
17 17 982 2
5 5 189 10
8 8 751 6
9 9 257 14
9 14 186 1
9 9 186 2
17 11 1052 12
17 17 1052 1
17 17 615 3
17 17 426 1
17 13 1306 1
17 17 1306 4
4 4 891 8
11 11 1364 10
15 15 1284 2
12 12 906 11
17 0 752 14
17 17 752 3
14 14 930 1
4 13 778 7
4 4 778 11
8 8 1123 6
4 5 1257 11
4 4 1257 19
9 3 449 7
9 9 449 3
10 10 106 2
0 0 772 46
15 7 864 5
15 15 864 2
15 0 735 6
15 15 735 1
2 2 288 30
4 4 588 7
4 17 1400 12
4 4 1400 3
9 10 1139 13
9 9 1139 14
17 17 1412 7
17 17 975 7
15 3 332 11
15 15 332 1
6 6 828 6
4 4 1295 9
9 12 886 14
9 9 886 3
12 12 88 8
13 8 806 1
13 13 806 5
19 10 1164 10
19 19 1164 18
2 2 655 16
5 5 861 53
7 7 162 4
9 18 1178 4
9 9 1178 1
15 3 1272 9
15 15 1272 1
16 16 170 7
17 16 207 3
17 17 207 22
19 19 1277 12
2 2 392 2
16 13 36 14
16 16 36 7
6 6 94 21
9 2 458 5
9 9 458 2
10 10 472 56
14 14 739 2
8 18 1206 3
8 8 1206 33
1 1 295 3
4 8 477 5
4 4 477 4
8 18 67 4
8 8 67 10
19 19 545 38
10 7 427 4
10 10 427 24
13 17 409 6
13 13 409 3
16 16 1202 1
3 3 594 8
8 0 669 5
8 8 669 1
9 9 164 5
19 19 1226 4
3 3 1221 9
16 14 999 5
16 16 999 1
17 3 194 9
17 17 194 2
1 1 85 19
2 7 646 10
2 2 646 9
3 3 739 21
9 15 712 3
9 9 712 5
11 11 1034 3
17 6 1364 1
17 17 1364 4
12 4 952 7
12 12 952 1
14 14 379 18
0 0 1045 1
11 10 990 11
11 11 990 11
10 10 950 11
10 13 451 11
10 10 451 2
10 10 1250 18
12 12 181 2
13 17 1 4
13 13 1 8
11 11 933 7
13 13 1314 4
3 14 1364 4
3 3 1364 9
6 16 480 6
6 6 480 4
9 4 348 2
9 9 348 3
9 15 791 5
9 9 791 10
16 16 1120 1
14 14 661 29
2 2 1039 38
0 0 766 6
9 3 173 7
9 9 173 7
11 11 68 10
13 13 653 8
14 14 1317 5
5 5 393 11
18 8 667 3
18 18 667 8
13 14 915 4
13 13 915 1
13 8 985 4
13 13 985 7
4 0 173 9
4 4 173 2
6 3 628 7
6 6 628 4
6 12 258 4
6 6 258 4
2 2 865 11
15 10 1299 2
15 15 1299 16
4 17 909 9
4 4 909 10
8 19 941 2
8 8 941 6
8 8 482 19
17 13 1237 7
17 17 1237 1
7 7 1211 55
12 12 172 9
15 8 895 12
15 15 895 3
16 3 823 4
16 16 823 1
15 8 225 1
15 15 225 14
19 19 1400 16
18 14 1373 1
18 18 1373 10
4 7 451 7
4 4 451 13
3 3 1373 25
10 10 1148 4
13 9 395 5
13 13 395 10
15 19 1004 10
15 15 1004 1
18 18 547 12
4 9 712 5
4 4 712 3
18 18 1106 18
7 7 967 24
7 16 1426 9
7 7 1426 6
16 17 1313 14
16 16 1313 3
13 0 284 5
13 13 284 2
16 16 981 2
19 19 887 5
6 6 623 2
4 6 1086 10
4 4 1086 2
10 5 191 8
10 10 191 3
11 11 775 14
11 19 202 3
11 11 202 2
12 12 942 1
18 18 888 4
2 2 990 18
19 19 996 4
3 3 626 1
5 5 435 7
9 9 944 2
6 6 1282 5
15 13 836 5
15 15 836 11
18 18 62 5
2 15 260 9
2 2 260 18
19 19 670 25
5 5 1251 17
6 6 466 14
1 1 15 5
8 8 1320 7
8 8 893 4
8 8 690 1
6 14 365 2
6 6 365 1
9 13 658 10
9 9 658 39
7 7 1419 7
7 4 156 6
7 7 156 6
13 5 842 6
13 13 842 11
13 10 277 10
13 13 277 1
15 15 538 8
13 15 1131 12
13 13 1131 13
12 0 508 12
12 12 508 4
19 19 892 8
17 9 252 5
17 17 252 3
6 6 1053 4
8 8 257 5
7 7 1048 13
13 11 528 12
13 13 528 6
12 12 536 7
14 18 332 10
14 14 332 12
13 7 1167 1
13 13 1167 1
14 6 1349 12
14 14 1349 4
5 2 444 4
5 5 444 1
16 19 378 3
16 16 378 3
13 7 609 10
13 13 609 12
17 1 524 9
17 17 524 1
9 9 1024 6
7 7 932 17
16 16 495 4
16 5 948 5
16 16 948 4
0 12 707 14
0 0 707 3
4 4 702 5
4 19 11 13
4 4 11 17
3 3 1029 5
9 2 192 4
9 9 192 2
12 13 973 2
12 12 973 1
12 12 105 16
0 2 472 2
0 0 472 1
2 2 33 45
4 4 845 2
5 5 20 34
13 10 521 7
13 13 521 1
15 5 1390 9
15 15 1390 2
15 3 625 1
15 15 625 4
15 3 656 5
15 15 656 5
1 14 1112 13
1 1 1112 12
5 18 1311 6
5 5 1311 7
4 16 297 2
4 4 297 6
4 1 1203 1
4 4 1203 9
11 11 1064 38
11 6 329 11
11 11 329 5
15 6 252 12
15 15 252 4
2 8 1120 3
2 2 1120 2
1 13 232 10
1 1 232 15
2 2 278 10
4 14 534 13
4 4 534 4
8 8 1180 6
4 4 1346 12
4 4 432 11
4 18 1222 6
4 4 1222 1
17 2 985 5
17 17 985 24
13 10 1003 13
13 13 1003 9
17 13 1106 9
17 17 1106 19
16 16 486 5
13 8 1036 6
13 13 1036 1
18 13 67 11
18 18 67 1
0 0 730 9
16 15 855 9
16 16 855 6
3 3 695 29
3 3 1034 29
10 10 652 16
17 6 970 2
17 17 970 5
13 19 892 8
13 13 892 23
17 14 566 9
17 17 566 4
1 12 455 10
1 1 455 14
2 2 463 11
18 12 1128 5
18 18 1128 4
6 10 165 13
6 6 165 27
12 12 949 3
7 7 1038 10
11 11 241 19
17 5 711 6
17 17 711 6
19 19 1319 8
0 0 947 12
8 8 585 25
10 10 59 19
11 11 334 1
12 11 336 12
12 12 336 13
13 10 94 14
13 13 94 7
16 4 728 13
16 16 728 1
17 19 496 1
17 17 496 9
6 6 756 4
13 6 431 11
13 13 431 6
16 14 477 9
16 16 477 9
16 16 930 1
1 1 996 1
2 2 717 10
16 4 576 5
16 16 576 2
10 10 695 51
9 5 1368 7
9 9 1368 7
13 1 682 13
13 13 682 1
17 11 896 12
17 17 896 7
10 10 308 8
17 17 114 1
4 18 819 11
4 4 819 2
6 6 1030 3
15 7 1404 3
15 15 1404 2
14 14 1251 19
16 14 251 5
16 16 251 1
16 10 208 6
16 16 208 2
17 17 1158 13
14 14 1401 17
7 7 713 12
13 13 1400 2
4 4 516 12
5 5 312 16
7 7 959 3
17 12 181 13
17 17 181 9
8 8 349 20
10 10 34 12
18 18 1227 1
16 11 1341 14
16 16 1341 10
4 5 224 3
4 4 224 6
5 5 772 10
9 0 1345 2
9 9 1345 1
12 17 96 2
12 12 96 2
12 6 1018 12
12 12 1018 10
13 2 1423 1
13 13 1423 4
4 7 826 2
4 4 826 6
8 8 317 2
1 1 1341 8
9 9 1234 3
10 10 413 9
16 16 1427 8
14 1 296 2
14 14 296 2
15 8 90 1
15 15 90 2
15 15 471 3
18 10 855 2
18 18 855 1
4 10 1192 2
4 4 1192 11
9 9 616 1
0 0 1125 18
6 6 876 13
6 9 433 9
6 6 433 2
11 13 461 2
11 11 461 40
14 14 586 11
15 1 736 12
15 15 736 12
16 10 879 14
16 16 879 2
4 4 770 3
2 2 146 7
13 6 871 1
13 13 871 5
17 0 1238 4
17 17 1238 1
16 7 183 4
16 16 183 2
15 17 50 1
15 15 50 3
1 1 298 2
18 18 1416 11
15 3 1188 10
15 15 1188 3
4 18 382 9
4 4 382 5
9 9 442 2
0 0 401 1
7 7 686 5
7 7 1141 1
14 14 1104 10
17 17 682 6
9 1 990 6
9 9 990 1
13 5 1247 4
13 13 1247 5
13 9 1386 11
13 13 1386 6
0 16 194 5
0 0 194 4
18 18 1194 15
1 0 1378 7
1 1 1378 14
15 2 76 4
15 15 76 1
6 4 1298 6
6 6 1298 4
13 13 474 3
14 14 24 31
17 7 468 11
17 17 468 11
13 12 240 13
13 13 240 2
1 1 1021 3
11 13 140 3
11 11 140 26
12 10 419 3
12 12 419 4
15 18 59 3
15 15 59 1
0 0 1365 14
13 4 824 12
13 13 824 3
9 9 419 15
0 0 1156 3
15 2 564 1
15 15 564 4
14 14 314 4
15 11 168 7
15 15 168 1
2 2 911 3
4 4 959 6
6 12 1402 10
6 6 1402 1
9 9 967 8
12 8 1230 9
12 12 1230 5
17 17 135 23
0 0 217 32
3 3 180 8
4 14 411 10
4 4 411 3
5 15 275 1
5 5 275 8
6 6 419 2
7 15 51 9
7 7 51 4
9 9 848 1
6 6 972 35
18 18 675 6
0 0 701 1
16 2 1262 5
16 16 1262 4
4 2 1127 14
4 4 1127 3
15 8 1315 5
15 15 1315 1
13 7 675 1
13 13 675 2
4 0 1111 14
4 4 1111 12
18 18 817 13
19 19 943 19
13 11 1351 13
13 13 1351 1
8 8 925 16
13 19 313 8
13 13 313 20
15 3 1360 13
15 15 1360 1
15 5 177 8
15 15 177 2
15 10 53 6
15 15 53 3
4 4 617 6
4 0 934 13
4 4 934 4
8 8 1239 12
11 11 181 21
13 6 123 3
13 13 123 10
15 15 363 5
0 0 363 13
18 18 6 43
7 9 40 6
7 7 40 11
16 9 1190 13
16 16 1190 8
14 14 607 11
18 18 921 4
1 1 119 8
8 8 821 22
9 19 23 1
9 9 23 2
16 9 84 1
16 16 84 4
11 11 759 10
13 0 146 11
13 13 146 6
13 11 349 3
13 13 349 10
14 14 405 5
14 14 1124 1
1 1 1054 32
6 10 115 9
6 6 115 1
12 12 1133 5
8 8 757 4
13 9 1284 12
13 13 1284 2
5 1 1390 2
5 5 1390 1
7 10 400 2
7 7 400 12
13 1 116 11
13 13 116 5
16 11 408 2
16 16 408 2
15 0 368 11
15 15 368 9
0 18 1089 12
0 0 1089 6
11 11 608 3
3 7 162 7
3 3 162 13
6 6 1287 2
8 8 738 8
5 5 976 17
9 3 834 14
9 9 834 2
16 11 1181 3
16 16 1181 4
13 8 453 11
13 13 453 4
16 8 242 11
16 16 242 2
19 12 1144 10
19 19 1144 3
0 0 838 4
2 2 675 2
17 16 4 4
17 17 4 1
8 8 369 3
6 16 300 4
6 6 300 11
10 17 605 13
10 10 605 18
3 3 827 11
13 6 139 5
13 13 139 4
12 12 917 17
15 15 603 1
18 18 342 1
4 6 773 13
4 4 773 5
8 8 907 10
11 11 893 13
10 10 1231 6
12 12 735 3
13 19 1341 2
13 13 1341 1
1 1 167 2
19 19 192 13
19 19 631 12
8 8 244 9
4 4 481 21
9 9 1048 8
7 7 1315 21
10 10 1174 5
13 17 109 5
13 13 109 3
15 15 898 4
15 15 377 15
18 18 709 7
8 7 396 3
8 8 396 22
4 15 59 7
4 4 59 5
3 0 1416 6
17 17 1050 2
13 3 1108 10
13 13 1108 7
15 19 152 13
15 15 152 2
19 2 414 10
19 19 414 18
7 7 175 12
11 11 1374 1
13 12 761 11
13 13 761 10
12 14 583 3
12 12 583 30
16 3 514 10
16 16 514 6
0 2 391 6
0 0 391 3
2 8 439 7
2 2 439 9
19 19 962 3
7 7 828 6
11 11 882 11
14 14 1079 4
13 14 21 3
13 13 21 18
15 2 721 6
15 15 721 9
5 5 1157 3
6 3 939 9
6 6 939 22
11 11 972 18
7 8 845 14
7 7 845 3
16 5 1148 12
16 16 1148 2
12 12 677 1
17 17 280 14
4 16 725 11
4 4 725 16
9 8 1182 4
9 9 1182 7
8 8 859 15
7 7 23 6
16 10 401 9
16 16 401 6
13 14 503 8
13 13 503 5
14 14 511 4
13 7 1101 10
13 13 1101 5
0 5 852 9
0 0 852 6
18 7 429 6
18 18 429 11
4 4 1424 2
9 2 10 8
9 9 10 8
9 8 1168 4
9 9 1168 6
12 12 638 1
17 17 1196 8
16 10 180 14
16 16 180 2
14 14 931 7
0 19 963 2
0 0 963 12
8 18 953 12
8 8 953 20
5 8 553 11
5 5 553 13
12 10 1050 13
12 12 1050 12
15 12 734 1
15 15 734 1
6 19 1369 10
6 6 1369 7
5 5 495 11
11 11 1134 7
11 11 565 15
13 12 415 8
13 13 415 3
18 5 417 10
18 18 417 12
16 2 729 12
16 16 729 3
6 6 390 5
11 11 1279 30
13 0 666 11
13 13 666 2
14 14 1368 3
15 2 1098 8
15 15 1098 4
13 0 1094 1
13 13 1094 2
0 16 486 9
0 0 486 34
18 5 582 1
18 18 582 1
1 1 1225 8
3 3 765 42
5 5 54 12
9 2 710 7
9 9 710 2
9 14 1177 3
9 9 1177 1
11 0 166 4
11 11 166 9
12 12 898 1
14 19 369 11
14 14 369 10
15 15 709 6
1 1 1146 15
19 19 381 6
8 8 501 10
13 17 508 12
13 13 508 5
11 19 311 9
11 11 311 18
12 16 1041 13
12 12 1041 1
11 17 1254 6
11 11 1254 15
13 13 1320 18
10 10 799 3
17 18 811 6
17 17 811 10
12 2 270 8
12 12 270 1
15 0 921 4
15 15 921 2
15 7 340 12
15 15 340 5
0 0 179 3
18 18 1275 3
1 1 1361 3
5 5 377 16
9 11 171 5
9 9 171 2
9 10 894 5
9 9 894 8
11 11 78 24
11 11 335 13
16 0 1273 6
16 16 1273 1
13 13 489 5
2 2 90 1
8 8 1411 8
8 8 162 53
12 12 953 5
16 7 631 8
16 16 631 4
4 8 1017 2
4 4 1017 4
8 8 1042 29
9 6 1043 14
9 9 1043 3
15 19 881 5
15 15 881 1
16 16 817 2
13 7 1313 2
13 13 1313 1
0 0 576 10
8 8 566 16
5 5 940 4
10 10 774 1
11 11 1180 4
11 12 445 10
11 11 445 6
13 4 966 7
13 13 966 4
17 17 1141 2
17 5 259 8
17 17 259 5
0 18 1060 9
0 0 1060 10
3 3 602 4
8 8 880 13
6 17 815 6
6 6 815 13
8 8 218 8
17 16 1193 9
17 17 1193 3
13 13 652 1
14 14 1322 6
15 16 1112 13
15 15 1112 1
17 5 585 14
17 17 585 19
13 0 1144 12
13 13 1144 13
0 0 825 12
8 8 276 33
9 5 61 5
9 9 61 10
11 11 1402 13
11 11 769 6
16 8 622 8
16 16 622 3
19 19 1290 29
3 3 421 11
4 3 1223 7
4 4 1223 5
11 11 1028 6
4 4 387 3
13 11 57 11
13 13 57 4
14 14 185 2
15 15 309 7
17 17 190 2
18 7 1370 2
18 18 1370 3
5 5 1273 3
4 4 119 3
6 6 1346 15
17 15 927 6
17 17 927 7
12 12 1174 46
19 19 1077 4
2 5 742 4
2 2 742 1
6 12 1160 14
6 6 1160 4
1 1 997 1
6 6 363 2
12 12 403 1
16 1 1 14
16 16 1 7
5 5 358 19
0 0 1381 4
19 19 886 1
9 4 38 1
9 9 38 5
9 13 761 10
9 9 761 30
11 12 205 13
11 11 205 6
13 3 534 13
13 13 534 4
12 12 943 6
4 4 1007 8
13 15 19 11
13 13 19 2
9 9 586 7
13 13 50 6
13 6 1160 4
13 13 1160 7
17 17 1105 1
4 17 126 9
4 4 126 1
10 10 325 11
9 17 1134 7
9 9 1134 3
15 15 523 2
17 16 938 14
17 17 938 18
16 16 958 3
18 18 78 11
8 8 874 4
8 14 691 8
8 8 691 3
14 14 1093 11
11 6 1108 12
11 11 1108 20
15 14 1198 10
15 15 1198 16
17 0 398 3
17 17 398 2
3 3 729 10
8 9 973 10
8 8 973 2
12 13 934 4
12 12 934 8
17 1 724 6
17 17 724 3
2 2 1271 32
17 4 115 7
17 17 115 4
7 7 331 21
9 12 952 6
9 9 952 11
7 14 733 4
7 7 733 4
9 19 1030 4
9 9 1030 13
15 7 1425 7
15 15 1425 1
13 15 1356 14
13 13 1356 19
18 18 54 8
3 3 1015 14
8 8 555 9
11 16 416 8
11 11 416 2
14 14 410 5
12 19 282 5
12 12 282 21
0 5 1033 6
0 0 1033 11
19 6 791 14
19 19 791 26
6 13 1146 11
6 6 1146 14
10 18 223 5
10 10 223 3
13 8 695 10
13 13 695 4
16 16 1253 9
12 12 974 31
14 14 421 44
0 0 473 4
14 13 647 6
14 14 647 14
19 19 900 36
8 8 265 11
9 12 413 5
9 9 413 6
7 7 581 4
10 10 1332 8
12 10 203 10
12 12 203 13
15 6 1385 12
15 15 1385 4
12 8 1117 12
12 12 1117 16
17 3 717 7
17 17 717 7
15 2 78 10
15 15 78 10
12 12 311 19
4 4 989 4
4 15 1212 6
4 4 1212 10
0 0 1044 1
16 16 493 2
16 10 328 8
16 16 328 1
15 11 256 12
15 15 256 9
13 18 1349 11
13 13 1349 2
1 8 548 7
1 1 548 88
0 16 1425 2
2 2 832 20
5 11 1236 1
5 5 1236 15
13 7 437 5
13 13 437 2
0 0 289 18
6 9 710 8
6 6 710 2
9 6 1366 10
9 9 1366 2
16 14 1303 8
16 16 1303 10
16 7 1097 7
16 16 1097 1
14 14 304 10
2 10 460 12
2 2 460 3
4 10 821 1
4 4 821 3
6 11 1036 12
6 6 1036 2
8 8 1019 4
7 11 578 2
7 7 578 3
15 1 791 9
15 15 791 5
13 19 513 2
13 13 513 8
16 16 304 3
15 18 664 11
15 15 664 12
19 19 583 24
17 17 370 2
16 8 676 14
16 16 676 13
15 2 570 14
15 15 570 7
15 7 265 14
15 15 265 4
13 7 1406 7
13 13 1406 4
2 2 238 2
2 2 859 1
4 4 542 7
9 9 352 8
11 11 580 2
16 12 25 11
16 16 25 4
15 15 1044 8
17 16 925 7
17 17 925 2
16 14 931 7
16 16 931 1
18 18 955 2
5 5 794 18
9 19 644 10
9 9 644 6
9 0 1375 4
9 9 1375 2
13 15 884 4
13 13 884 8
15 16 1157 13
15 15 1157 1
13 12 1429 4
13 13 1429 8
2 2 1361 28
9 9 399 1
7 2 1030 9
7 7 1030 6
16 13 252 9
16 16 252 3
15 1 92 12
15 15 92 10
0 0 70 11
17 15 966 10
17 17 966 3
5 15 1280 4
5 5 1280 17
9 9 979 1
7 7 1175 14
17 1 773 12
17 17 773 23
15 0 278 8
15 15 278 4
14 14 778 1
16 9 1039 9
16 16 1039 6
18 18 1209 6
6 6 484 17
9 9 1174 1
4 4 431 1
4 9 152 12
4 4 152 10
9 12 361 9
9 9 361 5
16 16 1211 4
13 19 423 9
13 13 423 8
17 17 918 7
4 5 1058 9
4 4 1058 2
4 4 502 2
3 3 209 14
5 5 328 19
9 8 1344 3
9 9 1344 1
16 17 100 6
16 16 100 4
13 8 1422 4
13 13 1422 1
18 18 376 4
18 18 965 6
15 15 102 2
16 3 425 7
16 16 425 3
15 14 1076 3
15 15 1076 1
13 13 563 5
13 13 254 7
17 10 877 12
17 17 877 14
17 17 688 4
13 11 1311 5
13 13 1311 2
1 1 694 1
5 11 618 7
5 5 618 11
7 7 431 3
9 7 980 11
9 9 980 3
16 7 1059 2
16 16 1059 6
16 16 445 6
13 13 1392 5
15 15 161 7
9 3 805 2
9 9 805 4
13 13 789 2
17 17 466 2
0 15 891 7
0 0 891 28
16 16 920 4
19 19 380 1
2 12 732 13
2 2 732 9
6 17 1126 4
6 6 1126 6
3 3 1120 39
9 9 227 1
11 15 1340 14
11 11 1340 5
13 8 731 7
13 13 731 8
12 12 1010 2
17 17 536 12
12 12 1412 21
19 19 54 37
2 19 2 9
2 2 2 16
16 16 693 8
7 7 279 13
7 0 681 2
7 7 681 5
16 11 1419 14
16 16 1419 1
17 6 1299 3
17 17 1299 6
12 16 1089 13
12 12 1089 28
15 5 759 13
15 15 759 7
13 13 1304 3
0 17 921 4
0 0 921 4
10 10 1033 30
4 8 612 10
4 4 612 5
10 10 408 2
15 5 356 2
15 15 356 7
0 0 520 1
1 1 1377 1
4 0 64 6
4 4 64 9
6 6 425 2
12 12 794 31
16 6 451 13
16 16 451 16
15 2 405 3
15 15 405 1
18 18 475 10
1 15 433 2
1 1 433 18
2 2 727 5
3 3 223 18
3 12 658 5
3 3 658 3
4 10 1145 9
4 4 1145 13
6 10 312 4
6 6 312 12
9 16 228 1
9 9 228 2
9 18 703 6
9 9 703 2
16 6 82 12
16 16 82 2
16 10 551 13
16 16 551 3
0 0 444 28
18 18 1101 5
6 4 134 7
6 6 134 4
10 10 999 2
15 15 1354 6
17 12 863 13
17 17 863 4
16 2 225 13
16 16 225 1
18 18 1299 6
6 14 501 10
6 6 501 3
6 6 1403 19
8 8 614 8
9 8 1068 7
9 9 1068 3
12 3 642 14
12 12 642 12
17 0 307 8
17 17 307 5
1 1 204 3
4 4 754 3
3 3 522 2
5 12 274 7
5 5 274 1
7 7 1348 13
12 4 785 4
12 12 785 9
16 18 71 5
16 16 71 11
14 14 597 10
0 0 702 1
0 0 1251 15
6 0 1104 11
6 6 1104 12
3 9 819 13
3 3 819 8
7 18 526 5
7 7 526 5
13 13 152 11
13 14 291 2
13 13 291 13
15 15 1363 7
14 14 201 7
6 9 862 8
6 6 862 10
0 0 919 2
16 16 1098 2
18 1 1278 5
18 18 1278 21
4 3 1158 1
4 4 1158 12
9 17 975 9
9 9 975 4
12 12 1222 8
13 1 1232 1
13 13 1232 11
1 1 943 12
1 0 197 1
1 1 197 7
3 3 188 10
3 8 627 10
3 3 627 8
6 6 396 11
5 5 283 29
10 10 194 19
13 13 459 3
1 1 984 7
18 6 611 12
18 18 611 9
2 17 681 7
2 2 681 21
6 8 1099 3
6 6 1099 1
8 8 331 9
16 0 1377 2
16 16 1377 14
17 12 1397 13
17 17 1397 12
15 10 1254 14
15 15 1254 3
17 17 515 2
16 19 533 12
16 16 533 18
0 9 394 5
0 0 394 7
16 2 910 10
16 16 910 3
19 3 512 7
19 19 512 3
4 4 799 18
10 10 1001 15
12 19 148 9
12 12 148 11
14 14 208 8
15 17 706 5
15 15 706 3
13 10 1283 14
13 13 1283 1
19 17 186 10
19 19 186 6
6 1 1397 4
6 6 1397 3
10 12 888 11
10 10 888 1
9 2 1118 4
9 9 1118 10
13 3 936 2
13 13 936 2
16 13 878 14
16 16 878 1
19 19 1034 43
2 2 196 4
6 6 841 15
9 1 142 12
9 9 142 19
9 4 833 10
9 9 833 1
9 2 1300 3
9 9 1300 12
10 10 1063 41
12 12 506 1
13 19 452 2
13 13 452 1
19 17 1147 11
19 19 1147 2
10 10 151 3
9 4 1381 8
9 9 1381 2
14 14 1154 10
15 1 1328 13
15 15 1328 1
15 11 602 9
15 15 602 1
18 18 343 15
19 4 669 6
19 19 669 1
12 12 147 1
12 12 728 6
15 15 796 3
15 15 715 3
13 12 1340 9
13 13 1340 1
15 7 285 13
15 15 285 20
1 1 166 1
6 3 1388 10
6 6 1388 9
5
0 17 179
18 8 414
8 18 364
12 5 606
8 14 611
