20 5747
12 19 354 14
12 12 354 12
17 0 1416 7
17 17 1416 4
15 15 909 6
0 7 175 3
0 0 175 4
0 2 532 4
0 0 532 2
6 13 1194 7
6 6 1194 4
3 5 1076 9
3 3 1076 14
4 4 135 1
6 6 405 4
2 2 815 6
12 9 1268 5
12 12 1268 14
16 16 47 17
12 12 42 6
8 8 1200 5
13 10 131 10
13 13 131 13
12 12 909 2
16 16 515 4
2 2 1310 3
0 15 973 4
0 0 973 3
19 19 526 8
1 13 1135 11
1 1 1135 2
12 12 138 5
17 15 827 1
17 17 827 4
0 15 55 8
0 0 55 1
6 14 509 2
6 6 509 4
10 10 423 1
17 13 894 11
17 17 894 2
11 11 393 19
17 7 896 10
17 17 896 9
17 4 980 5
17 17 980 4
8 8 746 10
1 1 613 6
0 0 1104 3
19 19 748 4
3 6 147 4
3 3 147 2
11 11 652 1
12 10 488 3
12 12 488 6
12 8 821 14
12 12 821 4
17 18 613 4
17 17 613 4
1 1 803 2
18 8 1049 8
18 18 1049 2
6 6 1084 2
6 16 202 5
6 6 202 10
9 8 9 5
9 9 9 1
13 13 753 17
12 11 639 13
12 12 639 4
1 1 1107 28
16 18 181 9
16 16 181 23
14 14 317 1
0 13 964 10
0 0 964 6
6 4 366 7
6 6 366 7
18 5 1221 8
18 18 1221 18
5 6 552 10
5 5 552 1
9 10 455 5
9 9 455 4
18 18 247 12
13 13 578 3
12 12 718 2
14 14 286 12
2 3 1160 4
2 2 1160 3
15 0 489 6
15 15 489 3
1 1 1051 2
5 10 1368 13
5 5 1368 4
3 3 1384 4
8 8 94 12
7 7 510 1
11 11 1019 7
13 13 979 6
17 19 1146 14
17 17 1146 4
15 15 915 18
18 11 414 10
18 18 414 28
2 0 1083 10
2 2 1083 5
3 3 152 3
13 4 1318 6
13 13 1318 13
5 14 164 14
5 5 164 7
9 11 161 14
9 9 161 1
9 2 1295 2
9 9 1295 1
6 7 966 14
6 6 966 2
14 14 568 7
1 11 82 12
1 1 82 8
0 14 1222 8
0 0 1222 1
16 16 507 8
6 0 1079 10
6 6 1079 1
6 6 632 2
6 19 278 8
6 6 278 4
10 10 128 2
16 16 332 9
12 1 630 4
12 12 630 9
14 14 374 10
0 5 406 8
0 0 406 3
3 3 438 1
6 7 523 10
6 6 523 2
10 10 454 6
9 9 1257 4
11 11 310 10
5 18 1270 11
5 5 1270 3
4 4 1377 11
7 16 503 12
7 7 503 2
9 11 1004 12
9 9 1004 1
17 8 265 3
17 17 265 5
1 19 908 8
1 1 908 10
0 6 1070 10
0 0 1070 6
1 7 1360 12
1 1 1360 8
12 12 576 1
6 18 1183 7
6 6 1183 3
5 16 376 14
5 5 376 3
17 7 1194 6
17 17 1194 4
9 9 1328 2
11 11 685 5
12 10 264 13
12 12 264 2
0 11 1245 8
0 0 1245 1
6 10 449 5
6 6 449 5
3 18 302 1
3 3 302 3
5 5 62 12
8 8 366 28
9 16 718 10
9 9 718 4
9 8 1153 3
9 9 1153 10
16 16 1348 3
13 13 377 13
8 8 756 11
0 12 1287 9
0 0 1287 6
2 9 567 6
2 2 567 2
3 5 447 3
3 3 447 3
7 7 810 2
12 1 1033 2
12 12 1033 1
17 18 369 9
17 17 369 1
14 14 989 37
17 8 481 12
17 17 481 2
6 10 1352 14
6 6 1352 15
17 15 1109 9
17 17 1109 5
12 16 262 4
12 12 262 1
13 13 400 9
17 19 258 1
17 17 258 2
2 17 163 4
2 2 163 2
2 14 748 13
2 2 748 25
3 10 1040 6
3 3 1040 2
7 7 968 12
2 2 82 1
15 12 160 3
15 15 160 2
6 1 618 1
6 6 618 1
5 11 845 12
5 5 845 1
10 10 1304 11
17 17 1174 4
15 15 647 8
0 0 937 4
10 10 959 28
9 11 1051 2
9 9 1051 1
12 18 174 2
12 12 174 3
12 3 1024 12
12 12 1024 4
17 11 362 7
17 17 362 7
15 15 227 1
19 19 400 1
5 8 916 11
5 5 916 5
9 6 331 13
9 9 331 1
18 18 225 10
11 11 1006 10
12 14 317 4
12 12 317 10
3 10 143 2
3 3 143 4
6 19 722 12
6 6 722 9
11 11 1253 13
15 6 832 5
15 15 832 10
16 16 1315 23
16 16 1256 6
17 13 577 4
17 17 577 2
0 13 817 10
0 0 817 4
0 16 1382 7
0 0 1382 5
0 6 1246 6
0 0 1246 5
9 13 402 7
9 9 402 3
9 9 37 4
17 1 1348 12
17 17 1348 8
16 12 145 10
16 16 145 23
3 3 429 1
5 6 433 6
5 5 433 4
7 7 792 4
13 14 863 3
13 13 863 10
9 9 1052 3
12 10 754 2
12 12 754 7
16 3 347 8
16 16 347 3
17 18 182 11
17 17 182 6
18 18 60 5
5 5 1249 6
17 6 1021 7
17 17 1021 17
3 3 1009 13
5 5 450 7
9 2 332 10
9 9 332 4
7 7 937 9
11 11 592 24
13 13 1015 1
17 15 524 4
17 17 524 9
2 14 1055 9
2 2 1055 8
0 9 718 4
0 0 718 1
2 19 181 11
2 2 181 7
8 8 124 1
3 3 244 7
11 11 778 32
6 10 798 9
6 6 798 1
5 19 814 5
5 5 814 1
11 11 525 8
11 11 1306 1
9 12 1323 4
9 9 1323 5
5 5 964 3
16 16 121 24
0 2 451 6
0 0 451 2
0 0 776 10
19 19 20 41
3 3 728 7
5 5 41 6
8 8 259 2
7 7 309 15
9 9 46 15
9 11 1204 14
9 9 1204 7
10 0 1290 9
10 10 1290 1
12 19 538 4
12 12 538 1
17 13 715 14
17 17 715 3
17 17 30 5
9 5 528 7
9 9 528 4
2 1 362 9
2 2 362 3
14 14 947 17
3 14 402 13
3 3 402 8
2 2 214 8
9 9 484 2
11 11 1077 5
13 13 927 19
14 14 822 1
19 19 242 1
0 10 1304 11
0 0 1304 5
17 6 1324 11
17 17 1324 1
5 5 902 6
6 4 459 14
6 6 459 1
7 7 1389 17
10 10 1132 20
5 4 129 7
5 5 129 3
12 12 54 16
7 7 104 17
11 11 1299 2
12 12 117 10
15 15 1206 2
0 11 1396 7
0 0 1396 3
6 6 607 1
5 18 749 6
5 5 749 1
9 9 87 2
10 10 175 26
0 7 958 10
0 0 958 1
17 1 1042 11
17 17 1042 10
0 18 56 4
0 0 56 10
1 1 1098 9
14 17 708 3
14 14 708 25
16 7 739 12
16 16 739 1
18 18 1348 22
1 1 1284 1
9 5 1321 4
9 9 1321 2
6 6 1399 6
8 8 723 23
19 19 622 1
11 11 590 2
15 19 883 4
15 15 883 16
6 6 389 12
14 15 1428 10
14 14 1428 4
17 1 1104 3
17 17 1104 1
18 15 65 5
18 18 65 6
0 4 1025 5
0 0 1025 17
1 1 1205 1
14 3 802 1
14 14 802 1
3 12 1036 2
3 3 1036 4
5 3 784 7
5 5 784 3
11 17 1288 12
11 11 1288 8
3 3 1307 7
12 12 966 3
0 0 465 3
0 11 1200 1
0 0 1200 2
17 19 179 14
17 17 179 3
9 18 389 2
9 9 389 3
16 5 587 4
16 16 587 11
1 1 643 2
0 15 949 5
0 0 949 8
19 19 1021 30
3 3 384 3
18 18 869 13
7 7 775 5
10 10 57 17
11 11 320 14
13 13 92 11
12 5 1060 5
12 12 1060 1
15 15 199 12
0 13 548 12
0 0 548 17
19 19 695 9
4 4 543 21
6 6 1242 2
6 19 880 6
6 6 880 3
1 18 1219 2
1 1 1219 6
18 8 364 2
18 18 364 4
9 9 826 4
11 11 1413 4
11 11 465 42
17 3 1097 4
17 17 1097 1
17 4 1368 9
17 17 1368 4
6 5 702 7
6 6 702 20
5 0 334 11
5 5 334 1
5 5 620 1
5 5 314 1
16 16 563 4
12 2 983 9
12 12 983 21
0 2 797 7
0 0 797 4
2 2 49 8
16 1 634 9
16 16 634 34
6 6 1028 5
5 1 4 7
5 5 4 2
1 1 159 25
10 5 1319 14
10 10 1319 12
12 4 1100 4
12 12 1100 19
16 16 253 13
0 0 71 12
2 17 375 9
2 2 375 6
19 19 591 31
3 3 1299 8
10 9 1206 10
10 10 1206 16
12 12 329 1
13 13 85 7
12 18 1059 5
12 12 1059 1
17 16 335 6
17 17 335 1
2 19 1136 4
2 2 1136 4
19 19 265 9
17 2 1098 2
17 17 1098 2
19 19 1191 6
1 1 695 4
10 10 1049 8
14 14 577 28
16 16 1408 1
0 0 869 12
2 9 706 4
2 2 706 8
15 2 587 8
15 15 587 5
6 5 1132 10
6 6 1132 4
11 11 1286 2
12 18 1150 9
12 12 1150 1
14 14 1244 18
14 8 1297 5
14 14 1297 48
13 13 311 10
19 19 1222 1
2 9 479 10
2 2 479 2
13 13 826 1
6 6 576 2
16 16 244 1
14 2 867 14
14 14 867 15
0 16 94 13
0 0 94 3
0 0 899 10
19 19 161 1
5 5 1213 2
5 5 414 19
11 11 939 21
9 14 336 6
9 9 336 7
16 16 1060 4
14 14 100 6
14 14 786 9
19 19 709 13
5 9 1230 6
5 5 1230 2
6 4 1236 8
6 6 1236 2
6 6 439 1
7 7 906 25
13 8 479 4
13 13 479 3
15 2 976 1
15 15 976 1
9 9 305 1
0 3 892 4
0 0 892 5
0 15 1046 11
0 0 1046 8
2 2 733 2
6 6 1127 5
2 2 1392 6
9 16 1352 10
9 9 1352 6
8 8 828 2
14 8 1191 6
14 14 1191 4
15 15 577 10
18 15 368 12
18 18 368 1
18 6 829 1
18 18 829 9
2 8 3 8
2 2 3 9
3 3 358 4
6 6 300 21
3 3 1264 25
7 7 278 2
10 10 566 4
7 2 680 3
7 7 680 2
9 9 1241 5
15 19 1356 2
15 15 1356 6
15 18 827 14
15 15 827 1
16 14 688 9
16 16 688 6
0 0 85 1
5 11 953 7
5 5 953 4
6 8 1409 1
6 6 1409 15
10 10 789 18
12 6 383 6
12 12 383 4
2 2 1090 6
3 3 516 37
2 2 12 4
7 7 52 31
10 10 360 1
11 0 452 13
11 11 452 7
15 15 404 4
2 9 107 3
2 2 107 7
6 6 1118 5
4 4 373 10
6 6 808 6
16 16 1396 1
13 0 158 10
13 13 158 12
14 14 393 11
17 13 91 12
17 17 91 1
18 18 363 1
18 18 1409 2
6 6 562 1
6 13 135 9
6 6 135 2
10 10 74 9
11 11 287 2
14 14 1113 7
12 14 1414 10
12 12 1414 1
7 7 695 7
5 9 1402 10
5 5 1402 1
4 4 1176 68
7 7 412 1
1 1 678 17
12 12 374 4
12 0 643 12
12 12 643 8
9 13 849 10
9 9 849 4
17 14 306 12
17 17 306 2
0 5 219 1
0 0 219 12
0 0 1141 8
0 15 1311 12
0 0 1311 12
8 8 11 3
10 17 710 4
10 10 710 10
7 7 1016 13
6 5 745 5
6 6 745 11
9 13 105 14
9 9 105 5
13 2 774 14
13 13 774 10
15 15 1131 22
7 16 869 14
7 7 869 1
0 0 842 2
18 18 617 35
0 16 1252 4
0 0 1252 1
5 19 1089 6
5 5 1089 2
4 4 223 2
5 13 674 3
5 5 674 1
17 13 1072 13
17 17 1072 14
9 6 236 4
9 9 236 11
6 4 926 7
6 6 926 2
17 8 1395 7
17 17 1395 1
15 17 1176 2
15 15 1176 2
16 16 74 4
14 14 965 7
6 17 79 4
6 6 79 21
0 19 1171 14
0 0 1171 7
19 19 945 14
8 8 927 7
7 7 260 3
10 11 117 13
10 10 117 1
12 16 158 10
12 12 158 2
15 15 1362 1
17 19 237 5
17 17 237 8
1 19 736 12
1 1 736 19
0 11 616 8
0 0 616 6
17 14 659 12
17 17 659 2
2 18 900 10
2 2 900 2
5 5 1192 6
6 5 344 7
6 6 344 4
6 1 1395 6
6 6 1395 4
7 7 405 4
7 7 1327 8
13 6 1231 13
13 13 1231 57
18 18 4 8
0 9 1100 14
0 0 1100 1
18 18 1407 2
6 6 855 7
7 7 42 10
12 8 777 6
12 12 777 1
14 14 605 9
0 0 657 15
3 1 204 4
3 3 204 20
17 0 188 4
17 17 188 2
6 6 230 3
6 8 1391 4
6 6 1391 2
10 10 237 9
17 17 1396 2
13 0 347 4
13 13 347 21
15 15 604 2
14 18 972 10
14 14 972 7
18 18 349 6
2 3 419 10
2 2 419 4
5 5 97 5
6 6 113 3
10 10 918 1
9 15 569 8
9 9 569 3
7 14 1122 7
7 7 1122 1
12 13 546 12
12 12 546 7
16 16 267 15
5 14 1255 7
5 5 1255 11
2 2 1212 6
15 15 1312 11
6 12 1386 11
6 6 1386 5
5 11 498 9
5 5 498 4
19 1 466 2
19 19 466 7
7 7 402 3
6 14 1344 1
6 6 1344 1
11 11 512 4
9 9 1117 2
12 11 689 14
12 12 689 10
14 13 64 4
14 14 64 4
17 5 300 14
17 17 300 2
0 11 169 5
0 0 169 6
6 18 478 12
6 6 478 15
8 8 1199 1
5 18 990 12
5 5 990 8
9 6 141 3
9 9 141 1
9 4 832 4
9 9 832 6
11 11 657 8
3 3 1174 23
17 17 1063 8
17 17 618 2
18 18 910 2
0 9 1323 7
0 0 1323 11
1 1 1252 7
6 0 1091 2
6 6 1091 12
5 13 217 7
5 5 217 3
12 4 1399 12
12 12 1399 5
12 18 919 5
12 12 919 5
15 15 677 14
12 14 1404 11
12 12 1404 2
2 11 1284 1
2 2 1284 3
19 5 959 5
19 19 959 7
5 19 106 12
5 5 106 10
16 16 500 2
12 6 1126 6
12 12 1126 4
14 14 838 3
3 3 467 8
6 2 507 11
6 6 507 2
11 11 459 6
14 14 614 3
1 1 952 6
1 19 611 12
1 1 611 2
18 18 1164 8
16 12 598 8
16 16 598 20
3 8 608 12
3 3 608 50
5 5 967 1
1 1 1359 1
10 10 1071 2
12 11 831 6
12 12 831 8
13 3 1106 5
13 13 1106 24
2 2 79 3
2 8 696 12
2 2 696 10
10 10 1381 39
12 12 577 1
17 11 764 14
17 17 764 25
0 7 409 11
0 0 409 1
2 4 437 13
2 2 437 3
2 11 1022 6
2 2 1022 14
6 6 542 1
7 3 371 13
7 7 371 4
7 7 645 15
10 10 1268 6
12 12 720 12
14 14 841 5
1 14 190 8
1 1 190 2
18 18 1396 1
6 18 498 8
6 6 498 9
7 7 384 6
13 2 985 13
13 13 985 10
17 18 1408 9
17 17 1408 4
17 1 286 9
17 17 286 3
19 19 1051 44
0 12 167 10
0 0 167 1
18 18 1159 1
4 4 727 26
6 8 1186 13
6 6 1186 5
6 18 759 11
6 6 759 4
7 7 17 2
9 3 882 13
9 9 882 7
15 3 570 2
15 15 570 7
19 19 1160 25
18 18 896 1
19 19 860 13
4 4 870 9
5 0 203 9
5 5 203 9
7 7 621 9
6 6 649 4
17 0 1375 1
17 17 1375 3
12 14 901 10
12 12 901 2
19 19 534 3
13 13 873 7
5 5 1334 3
5 5 92 5
5 6 535 7
5 5 535 2
10 10 1279 5
12 12 130 8
17 18 819 2
17 17 819 8
0 0 15 1
3 12 10 3
3 3 10 3
6 0 928 9
6 6 928 1
7 2 505 4
7 7 505 5
18 18 378 1
9 7 1136 8
9 9 1136 5
12 18 862 7
12 12 862 5
16 16 852 11
1 1 906 2
0 4 190 14
0 0 190 2
0 9 739 13
0 0 739 4
3 7 155 6
3 3 155 4
8 10 1295 3
8 8 1295 7
5 7 382 8
5 5 382 4
8 8 46 48
11 11 644 3
12 15 480 9
12 12 480 8
13 7 1092 4
13 13 1092 4
0 15 1223 5
0 0 1223 5
2 18 650 2
2 2 650 5
6 6 1076 3
6 1 1424 12
6 6 1424 6
5 1 858 14
5 5 858 2
9 3 708 9
9 9 708 2
13 13 745 8
17 14 1360 12
17 17 1360 7
2 2 1297 1
5 5 709 9
2 16 391 6
2 2 391 10
2 3 1008 14
2 2 1008 6
1 1 1144 6
3 17 1219 8
3 3 1219 9
7 7 812 5
16 0 375 6
16 16 375 15
14 14 859 7
15 15 122 10
4 4 899 2
18 18 1272 1
1 1 1239 7
15 6 967 7
15 15 967 3
12 17 853 5
12 12 853 1
16 16 390 7
17 2 264 11
17 17 264 1
0 14 320 5
0 0 320 16
18 18 99 1
4 4 1251 5
2 2 169 1
5 4 745 8
5 5 745 1
9 6 169 14
9 9 169 7
11 11 701 2
9 3 914 14
9 9 914 1
12 11 1393 6
12 12 1393 4
13 4 1149 8
13 13 1149 5
2 16 1401 7
2 2 1401 1
2 2 88 1
6 6 1071 1
6 16 270 12
6 6 270 1
1 1 1262 3
9 9 717 1
7 11 1070 7
7 7 1070 4
12 14 955 10
12 12 955 11
17 17 42 4
2 2 1256 1
1 1 272 23
19 19 113 4
1 0 1137 4
1 1 1137 7
3 12 446 8
3 3 446 1
3 13 885 9
3 3 885 10
5 13 537 14
5 5 537 7
10 17 27 8
10 10 27 24
7 7 1215 12
12 9 1034 13
12 12 1034 3
16 16 204 3
2 2 1179 2
18 18 660 2
19 19 222 20
3 3 120 11
6 4 914 6
6 6 914 3
17 18 1089 4
17 17 1089 5
11 11 447 5
12 2 263 10
12 12 263 1
17 0 257 7
17 17 257 1
19 19 335 22
5 0 1039 6
5 5 1039 2
5 2 352 3
5 5 352 2
6 6 374 5
9 14 869 13
9 9 869 2
11 11 690 5
11 8 121 3
11 11 121 1
16 16 1266 1
16 11 1290 11
16 16 1290 25
17 17 402 12
18 18 288 15
0 0 1376 6
2 2 83 5
6 6 1062 9
6 2 619 6
6 6 619 13
9 9 758 4
0 16 235 10
0 0 235 8
1 1 1217 2
12 1 1293 1
12 12 1293 3
14 14 321 2
17 17 35 1
0 14 101 5
0 0 101 16
19 19 118 25
2 19 527 7
2 2 527 2
4 14 319 4
4 4 319 20
5 11 514 2
5 5 514 5
17 6 806 2
17 17 806 3
15 15 226 1
8 8 835 32
1 1 154 5
2 18 885 11
2 2 885 1
3 3 97 8
6 17 1279 8
6 6 1279 4
3 12 907 9
3 3 907 2
6 11 917 7
6 6 917 2
8 8 116 8
10 17 783 6
10 10 783 1
11 11 1175 26
7 7 1406 12
9 9 1131 3
16 16 78 12
1 1 925 27
0 6 131 11
0 0 131 7
1 1 11 18
6 14 361 4
6 6 361 2
9 18 878 4
9 9 878 4
11 11 126 4
9 9 1294 1
14 14 473 24
17 15 395 9
17 17 395 4
2 2 481 10
19 19 453 2
5 5 47 7
6 6 183 4
7 7 138 4
7 7 593 28
14 14 1129 19
15 15 655 4
17 5 36 5
17 17 36 3
0 6 929 6
0 0 929 1
2 16 989 1
2 2 989 3
2 2 518 6
4 4 1001 29
6 7 1021 12
6 6 1021 2
9 9 949 5
10 10 742 14
13 12 613 6
13 13 613 10
17 3 354 8
17 17 354 8
2 9 1133 8
2 2 1133 2
13 9 1047 12
13 13 1047 20
19 19 675 2
5 12 1248 14
5 5 1248 1
4 4 120 6
5 14 449 7
5 5 449 1
11 11 998 8
14 14 49 14
17 17 499 16
1 11 918 6
1 1 918 3
0 2 719 14
0 0 719 3
0 1 1076 4
0 0 1076 1
4 4 1281 20
5 10 135 5
5 5 135 7
6 4 799 12
6 6 799 6
8 2 209 5
8 8 209 15
12 12 127 2
13 13 839 10
15 17 615 2
15 15 615 11
1 1 775 12
5 11 1410 7
5 5 1410 2
5 14 40 9
5 5 40 1
5 13 739 6
5 5 739 2
9 6 1211 12
9 9 1211 5
10 10 1291 4
10 10 449 5
12 8 539 6
12 12 539 3
17 17 714 1
17 17 29 1
2 18 1269 14
2 2 1269 3
18 11 1339 13
18 18 1339 3
19 19 571 1
5 5 1299 1
19 19 1358 60
11 11 341 4
12 7 349 3
12 12 349 3
12 11 1079 3
12 12 1079 2
15 15 261 64
14 8 823 5
14 14 823 1
18 14 52 11
18 18 52 7
5 5 458 3
9 10 276 14
9 9 276 19
2 2 896 1
18 11 506 6
18 18 506 29
18 7 71 12
18 18 71 28
3 3 252 50
6 3 325 8
6 6 325 2
10 15 640 7
10 10 640 27
7 7 566 4
11 15 108 14
11 11 108 13
12 12 387 9
17 9 562 10
17 17 562 5
18 18 982 6
0 0 1210 3
19 19 1197 1
7 7 248 1
7 9 1042 3
7 7 1042 28
13 12 49 5
13 13 49 8
12 6 1119 8
12 12 1119 2
14 14 911 2
0 0 959 5
13 13 1087 5
2 2 536 5
3 0 410 1
3 3 410 5
9 3 563 5
9 9 563 5
7 18 1187 13
7 7 1187 13
12 11 340 1
12 12 340 9
14 2 144 13
14 14 144 6
13 3 1208 5
13 13 1208 5
17 17 167 1
0 3 249 3
0 0 249 3
0 6 1427 3
1 4 1307 3
1 1 1307 10
3 3 84 3
6 3 1248 8
6 6 1248 4
3 3 1022 6
11 11 20 30
12 6 299 1
12 12 299 2
13 13 232 8
1 1 992 3
1 15 1204 4
1 1 1204 1
9 12 206 2
9 9 206 2
9 9 641 20
11 11 734 2
14 14 1235 9
5 5 315 1
17 5 126 9
17 17 126 27
0 0 775 1
18 18 1127 21
9 17 267 9
9 9 267 6
9 9 388 1
0 0 495 8
9 8 1189 1
9 9 1189 3
11 11 242 30
13 13 575 3
12 10 521 7
12 12 521 2
14 14 918 5
6 1 131 11
6 6 131 4
2 1 381 6
2 2 381 2
2 9 531 6
2 2 531 3
3 3 387 3
6 5 998 14
6 6 998 4
9 3 112 8
9 9 112 1
12 10 1061 12
12 12 1061 7
13 13 1201 7
18 18 755 12
19 19 259 6
5 18 1243 10
5 5 1243 5
3 4 999 2
3 3 999 10
5 13 316 5
5 5 316 2
14 14 11 20
17 17 1096 1
0 11 724 12
0 0 724 15
19 19 368 18
5 5 1132 6
3 19 673 14
3 3 673 44
9 9 247 1
6 13 731 9
6 6 731 7
12 12 100 6
12 9 1291 12
12 12 1291 2
2 11 453 12
2 2 453 4
14 5 1350 13
14 14 1350 1
2 6 635 14
2 2 635 3
6 6 590 12
9 17 397 5
9 9 397 5
11 11 235 6
14 14 1093 6
17 10 874 4
17 17 874 4
2 2 1246 9
0 2 909 14
0 0 909 14
8 13 1086 10
8 8 1086 17
3 5 1298 1
3 3 1298 1
12 16 330 2
12 12 330 10
15 15 933 21
13 13 1397 7
18 18 746 8
2 2 231 1
6 2 1234 12
6 6 1234 2
9 15 367 11
9 9 367 7
9 17 802 14
9 9 802 4
15 0 1055 8
15 15 1055 2
15 15 970 2
19 19 1112 5
1 1 421 26
5 5 607 11
19 19 567 4
6 4 694 9
6 6 694 1
7 7 86 18
10 10 246 17
8 8 827 1
12 12 99 1
12 12 1282 7
4 6 1108 10
4 4 1108 16
19 19 486 14
17 3 1378 6
17 17 1378 7
6 2 138 6
6 6 138 4
7 10 280 12
7 7 280 29
9 9 73 8
9 1 540 14
9 9 540 7
11 11 224 11
13 8 561 10
13 13 561 2
12 16 1092 3
12 12 1092 5
16 16 245 2
1 1 327 10
2 0 952 7
2 2 952 4
5 3 1399 10
5 5 1399 3
8 8 634 8
2 0 1324 10
2 2 1324 16
9 18 986 2
9 9 986 3
9 14 1056 8
9 9 1056 3
11 11 369 14
10 7 417 1
10 10 417 1
12 17 1243 9
12 12 1243 1
2 14 1096 3
2 2 1096 2
5 0 1229 6
5 5 1229 1
8 8 170 4
6 10 436 13
6 6 436 1
13 16 343 4
13 13 343 4
12 19 1313 1
12 12 1313 5
15 15 398 4
0 0 264 19
18 18 204 21
8 8 771 12
6 5 327 4
6 6 327 1
9 15 225 1
9 9 225 11
7 4 538 5
7 7 538 7
9 9 1359 7
13 13 729 4
17 17 1227 3
14 7 391 11
14 14 391 2
15 15 63 7
2 16 1313 2
2 2 1313 9
2 18 471 14
2 2 471 6
19 19 80 3
5 17 704 14
5 5 704 5
16 12 1421 13
9 6 215 8
9 9 215 2
17 17 687 6
0 10 86 13
0 0 86 2
0 0 923 3
19 19 319 16
8 8 438 26
16 4 1052 7
16 16 1052 1
1 16 518 9
1 1 518 1
0 10 522 3
0 0 522 5
0 0 1151 1
6 14 1228 7
6 6 1228 3
6 11 1297 10
6 6 1297 3
5 6 279 10
5 5 279 7
9 12 153 7
9 9 153 8
10 10 361 23
12 15 1149 4
12 12 1149 1
14 14 31 3
2 14 1417 1
2 2 1417 13
2 13 104 9
2 2 104 3
5 5 1095 2
18 18 143 33
12 0 17 7
12 12 17 13
12 12 606 1
15 18 1170 2
15 15 1170 6
5 2 1146 5
5 5 1146 7
18 18 821 8
19 19 500 23
2 11 580 10
2 2 580 6
3 3 366 6
6 6 1144 6
6 15 563 7
6 6 563 1
7 7 270 6
9 15 123 9
9 9 123 7
17 11 1290 11
17 17 1290 2
14 14 196 2
12 11 1415 14
12 12 1415 9
15 15 181 1
14 1 384 13
14 14 384 7
1 1 337 4
18 2 1297 13
18 18 1297 2
5 1 1198 7
5 5 1198 4
5 2 399 12
5 5 399 2
15 15 1098 15
11 11 533 4
12 0 700 8
12 12 700 4
15 15 367 11
2 2 1114 4
2 2 240 15
19 10 722 11
19 19 722 12
4 4 73 8
6 18 1288 12
6 6 1288 9
9 9 130 3
2 2 923 15
7 7 1350 2
12 12 454 3
12 12 787 4
0 17 1253 7
0 0 1253 1
5 5 1088 1
6 7 1110 2
6 6 1110 8
5 9 214 3
5 5 214 3
6 6 236 4
11 11 134 40
17 13 1394 3
17 17 1394 1
15 5 1179 13
15 15 1179 1
12 12 1327 2
17 17 83 4
18 4 355 5
18 18 355 3
18 18 1090 3
18 19 1273 3
18 18 1273 6
7 7 263 7
7 19 665 12
7 7 665 4
13 10 1288 3
13 13 1288 7
2 12 1186 3
2 2 1186 2
9 5 1422 10
9 9 1422 10
5 15 1175 8
5 5 1175 12
6 2 273 2
6 6 273 5
5 10 392 7
5 5 392 6
11 11 1095 37
12 12 366 8
12 17 699 14
12 12 699 1
12 3 1330 6
12 12 1330 1
16 16 873 10
1 1 528 26
0 18 536 10
0 0 536 1
0 6 1101 2
0 0 1101 3
6 1 1283 1
6 6 1283 5
6 6 409 3
18 18 358 1
10 10 283 3
11 11 667 3
14 3 68 10
14 14 68 13
13 13 830 9
12 7 778 2
12 12 778 9
19 19 1140 10
18 18 1066 15
5 10 1097 7
5 5 1097 9
5 5 223 4
12 12 898 3
9 9 86 1
12 12 1318 5
0 1 396 1
0 0 396 2
10 1 919 6
10 10 919 31
9 19 376 12
9 9 376 8
9 16 1267 12
9 9 1267 4
14 14 1064 5
13 13 224 8
5 5 1070 1
18 18 1283 7
3 3 22 7
3 3 928 4
7 7 1319 8
13 13 113 3
17 14 984 5
17 17 984 2
17 10 291 9
17 17 291 1
5 12 1329 2
5 5 1329 4
15 15 72 7
8 7 1307 12
8 8 1307 5
5 3 183 4
5 5 183 1
12 1 1347 12
12 12 1347 3
4 4 1310 14
7 4 34 10
7 7 34 6
9 10 1306 9
9 9 1306 15
13 9 823 3
13 13 823 3
17 17 617 1
0 0 857 1
5 13 1337 8
5 5 1337 5
6 7 661 8
6 6 661 1
4 4 1104 4
17 16 1388 9
17 17 1388 4
15 13 1153 1
15 15 1153 1
0 13 387 10
0 0 387 9
19 19 523 3
5 1 105 5
5 5 105 1
9 9 110 2
18 17 922 10
18 18 922 2
15 15 477 9
19 19 197 7
2 13 919 8
2 2 919 3
4 4 919 1
5 10 506 9
5 5 506 8
6 6 234 2
6 7 695 14
6 6 695 4
13 14 106 6
13 13 106 7
15 15 378 2
2 11 1063 7
2 2 1063 1
0 11 534 3
0 0 534 2
12 3 396 1
12 12 396 6
11 11 1218 24
11 11 1301 5
2 16 1389 7
2 2 1389 3
16 16 1072 5
18 11 684 1
18 18 684 3
5 17 855 5
5 5 855 3
9 11 6 14
9 9 6 3
10 3 156 7
10 10 156 19
10 10 1378 3
1 5 498 4
1 1 498 11
12 10 911 7
12 12 911 4
17 8 755 1
17 17 755 9
0 11 410 2
0 0 410 1
4 4 897 2
16 16 740 5
6 13 543 13
6 6 543 4
11 11 1053 14
2 2 1151 2
16 16 207 1
13 13 1331 5
18 4 1397 9
18 18 1397 10
5 1 1154 7
5 5 1154 7
3 6 475 2
3 3 475 24
6 17 942 1
6 6 942 1
9 11 301 9
9 9 301 4
7 12 1301 6
7 7 1301 10
7 4 1248 8
7 7 1248 31
12 0 283 3
12 12 283 2
12 1 672 6
12 12 672 14
2 4 212 13
2 2 212 1
5 2 1043 8
5 5 1043 9
5 0 185 14
5 5 185 11
5 1 975 14
5 5 975 4
19 0 882 9
19 19 882 4
16 10 1166 7
16 16 1166 1
17 17 603 9
15 10 496 8
15 15 496 32
2 4 1380 8
2 2 1380 5
18 18 897 13
3 3 355 3
17 17 66 3
17 11 656 9
17 17 656 3
15 9 1058 6
15 15 1058 29
7 7 161 16
11 11 1352 3
17 8 1185 6
17 17 1185 4
14 14 365 9
5 11 1085 10
5 5 1085 3
2 16 1014 12
2 2 1014 8
5 5 1333 1
5 5 91 1
5 7 534 4
5 5 534 1
9 5 453 14
9 9 453 2
9 0 920 3
9 9 920 12
9 6 595 12
9 9 595 5
7 7 1096 15
11 11 307 3
12 12 1045 3
15 15 731 15
15 1 150 4
15 15 150 10
3 19 13 7
3 3 13 2
4 18 901 11
4 4 901 3
6 8 1372 13
6 6 1372 13
6 9 929 3
6 6 929 6
7 10 1298 6
7 7 1298 3
8 8 394 27
14 18 655 5
14 14 655 16
15 15 435 7
0 4 1065 12
0 0 1065 5
5 16 1052 12
5 5 1052 3
6 7 816 1
6 6 816 14
5 6 968 10
5 5 968 7
9 8 167 3
9 9 167 2
7 7 980 14
11 11 647 4
17 17 423 4
1 1 826 46
0 0 1240 5
6 6 638 1
4 4 1101 3
17 17 1367 1
17 17 1178 5
15 15 691 3
18 18 190 3
19 19 542 10
6 11 519 14
6 6 519 4
5 11 1342 13
5 5 1342 4
4 4 1244 7
7 7 352 2
9 9 897 5
12 1 186 6
12 12 186 6
14 14 178 18
0 7 7 12
0 0 7 8
18 16 666 7
18 18 666 4
1 7 1317 10
1 1 1317 22
5 11 1268 11
5 5 1268 2
5 9 1359 12
5 5 1359 4
4 4 473 14
6 16 493 5
6 6 493 5
9 7 351 3
9 9 351 1
9 1 786 1
9 9 786 8
7 19 1238 10
7 7 1238 10
11 11 441 2
12 19 854 6
12 12 854 5
17 15 964 6
17 17 964 1
17 7 271 7
17 17 271 2
3 12 131 7
3 3 131 12
5 0 171 4
5 5 171 12
13 13 859 4
15 15 454 3
2 5 1398 12
2 2 1398 3
2 2 89 10
2 2 642 8
4 4 162 8
3 18 1210 1
3 3 1210 3
6 13 271 14
6 6 271 2
10 11 636 11
10 10 636 4
9 12 716 4
9 9 716 1
12 4 34 13
12 12 34 2
14 14 944 3
2 2 1257 3
18 18 770 13
11 11 616 8
5 13 1319 12
5 5 1319 6
8 8 1191 6
11 11 289 11
12 12 177 9
15 15 1415 8
17 8 812 9
17 17 812 3
14 15 803 3
14 14 803 19
0 18 30 12
0 0 30 3
18 18 1374 22
2 12 891 7
2 2 891 5
15 9 1326 2
15 15 1326 14
6 18 264 3
6 6 264 6
9 11 1121 11
9 9 1121 8
2 2 152 5
12 7 256 14
12 12 256 5
18 18 548 13
0 0 1063 2
2 1 746 9
2 2 746 1
4 4 26 18
3 3 1042 15
12 12 74 2
16 16 1267 12
13 13 287 1
15 15 528 7
15 15 463 14
0 13 503 11
0 0 503 2
0 12 828 11
0 0 828 2
19 11 447 12
19 19 447 6
12 19 129 14
12 12 129 1
11 8 1407 8
11 11 1407 6
11 11 201 2
12 12 217 2
13 13 368 9
6 6 864 4
18 18 176 3
17 5 220 7
17 17 220 1
14 14 1418 6
2 17 524 9
2 2 524 1
3 12 1328 1
3 3 1328 2
7 7 797 13
9 16 582 5
9 9 582 13
2 9 773 11
2 2 773 6
6 12 552 11
6 6 552 1
16 6 752 14
16 16 752 24
18 18 1279 2
0 15 602 2
0 0 602 1
0 0 1423 2
6 6 1345 1
3 3 1289 2
7 7 946 22
13 13 391 6
17 2 950 11
17 17 950 14
0 0 351 4
17 8 15 14
17 17 15 2
18 18 1253 16
6 6 805 3
5 10 803 12
5 5 803 9
11 11 682 3
17 17 583 4
14 18 531 7
14 14 531 3
0 9 462 7
0 0 462 3
17 14 815 9
17 17 815 1
18 18 179 4
6 11 611 5
6 6 611 1
7 11 133 1
7 7 133 3
17 19 852 7
17 17 852 5
12 12 208 1
0 9 125 12
0 0 125 1
0 11 930 9
0 0 930 4
2 14 401 3
2 2 401 1
16 16 673 8
8 8 493 32
9 6 481 12
9 9 481 3
10 10 10 17
15 15 1429 9
12 6 1081 3
12 12 1081 5
1 1 559 1
3 3 105 15
3 3 572 18
5 4 923 14
5 5 923 3
10 10 823 2
9 14 773 13
9 9 773 11
17 17 1300 1
15 15 881 2
17 17 943 3
0 3 155 4
0 0 155 3
0 2 1077 13
0 0 1077 1
18 18 382 7
8 8 1324 18
18 18 1051 13
5 15 812 4
5 5 812 2
9 9 662 7
18 18 267 3
19 19 859 1
17 10 1269 7
17 17 1269 3
14 14 417 8
7 7 533 5
0 8 453 11
0 0 453 1
18 18 988 7
5 4 1409 5
5 5 1409 1
6 1 602 11
6 6 602 1
8 8 261 7
1 16 768 8
1 1 768 7
9 9 44 2
7 7 585 1
12 14 207 8
12 12 207 1
9 7 1105 7
9 9 1105 6
17 17 713 1
6 5 212 11
6 6 212 11
2 19 360 6
2 2 360 2
3 3 461 6
5 19 627 1
5 5 627 7
7 6 324 4
7 7 324 7
10 10 504 11
5 5 1300 7
12 7 1072 5
12 12 1072 4
17 18 173 6
17 17 173 6
19 19 1418 5
6 18 1262 7
6 6 1262 2
5 5 457 1
6 6 612 6
12 5 301 14
12 12 301 5
15 15 843 8
12 12 1159 24
2 17 1044 10
2 2 1044 7
19 19 357 9
16 16 994 5
5 2 143 6
5 5 143 10
17 2 1250 7
17 17 1250 2
8 8 242 17
9 6 671 8
9 9 671 1
12 6 444 10
12 12 444 10
12 12 969 14
14 14 541 14
1 1 799 2
2 2 61 14
9 9 1273 8
5 4 16 10
5 5 16 19
8 8 268 2
10 10 528 24
9 2 1187 1
9 9 1187 2
10 10 1331 15
6 19 569 3
6 6 569 2
18 3 788 1
18 18 788 17
15 9 746 12
15 15 746 25
19 19 1314 13
1 1 371 1
2 2 355 1
5 17 1307 1
5 5 1307 10
3 12 848 12
3 3 848 26
0 1 138 13
0 0 138 17
17 18 339 10
17 17 339 15
12 8 290 13
12 12 290 5
1 1 1306 1
3 3 87 10
4 4 811 2
6 14 448 9
6 6 448 1
10 5 825 12
10 10 825 18
16 16 474 18
1 1 29 24
6 16 1136 3
6 6 1136 8
9 9 1371 10
13 13 685 5
12 19 443 12
12 12 443 1
16 16 105 2
17 9 125 5
17 17 125 1
0 2 1202 10
0 0 1202 8
3 3 373 11
17 17 1325 17
10 10 290 2
17 7 14 3
17 17 14 1
0 0 66 2
1 6 372 13
1 1 372 15
8 10 106 6
8 8 106 10
5 10 1284 6
5 5 1284 5
10 10 849 11
9 11 610 6
9 9 610 6
16 16 1064 1
5 10 1242 4
5 5 1242 1
3 3 998 1
10 10 601 35
16 16 1095 44
12 1 1390 11
12 12 1390 3
15 15 972 4
15 0 443 10
15 15 443 11
5 7 241 7
5 5 241 6
5 5 332 2
8 8 224 10
10 10 204 33
0 4 426 3
0 0 426 6
3 3 817 29
6 6 144 6
10 10 95 4
15 11 1400 13
15 15 1400 9
15 2 626 5
15 15 626 21
19 19 1328 16
5 13 1202 11
5 5 1202 6
7 7 435 2
7 7 709 42
7 7 1168 19
12 0 1235 5
12 12 1235 4
17 1 333 8
17 17 333 2
1 14 523 11
1 1 523 5
2 15 849 2
2 2 849 3
6 6 434 2
19 19 916 29
12 10 871 12
12 12 871 4
12 17 1312 12
12 12 1312 1
0 4 306 8
0 0 306 2
17 17 74 9
5 10 1108 5
5 5 1108 7
5 7 250 10
5 5 250 10
5 4 768 9
5 5 768 3
9 5 255 5
9 9 255 5
9 19 690 5
9 9 690 7
17 19 975 6
17 17 975 5
14 10 1120 12
14 14 1120 4
16 16 849 3
2 13 477 5
2 2 477 2
0 10 1152 3
0 0 1152 1
12 6 619 13
12 12 619 8
10 10 525 3
11 11 1417 12
7 7 1144 14
13 13 560 1
17 12 1311 1
17 17 1311 5
15 14 828 10
15 15 828 4
17 7 693 2
17 17 693 1
13 13 1308 6
4 4 568 1
5 6 1211 1
5 5 1211 2
8 8 1062 3
6 6 26 7
0 6 99 11
0 0 99 2
7 12 706 12
7 7 706 3
3 3 1256 8
14 14 106 6
2 2 255 6
2 7 808 4
2 2 808 6
8 8 1205 15
16 13 848 10
16 16 848 1
6 18 437 5
6 6 437 2
9 9 151 2
13 13 786 37
17 15 1398 11
17 17 1398 3
17 17 471 1
5 8 1117 13
5 5 1117 4
5 5 227 14
0 15 88 10
0 0 88 5
9 17 1358 9
9 9 1358 1
16 16 1220 2
13 9 302 3
13 13 302 9
17 17 541 17
17 7 96 8
17 17 96 21
2 18 1 3
2 2 1 2
2 17 586 9
2 2 586 5
4 5 813 10
4 4 813 4
5 12 116 11
5 5 116 13
0 2 256 5
0 0 256 3
10 10 564 2
7 7 682 13
11 11 853 4
0 0 381 4
12 4 567 1
12 12 567 9
12 5 1148 13
12 12 1148 1
15 7 175 10
15 15 175 6
5 5 1407 2
6 0 968 8
6 6 968 6
13 16 497 10
13 13 497 9
9 12 962 7
9 9 962 23
9 9 1064 3
16 16 1053 6
6 16 985 9
6 6 985 9
16 16 439 3
17 17 319 2
14 6 795 3
14 14 795 7
2 2 1088 2
18 18 1190 1
3 15 179 2
3 3 179 8
10 10 733 2
7 8 1352 9
7 7 1352 4
16 4 907 7
16 16 907 14
1 13 963 6
1 1 963 26
0 10 885 3
0 0 885 2
18 7 1081 14
18 18 1081 9
5 5 1385 14
4 19 1124 14
4 4 1124 21
5 5 882 12
4 4 487 30
12 17 607 11
12 12 607 2
12 12 1329 1
18 18 361 2
9 9 959 3
18 18 1370 4
6 12 560 1
6 6 560 1
8 8 303 63
9 7 423 12
9 9 423 5
9 9 1216 13
10 10 1246 7
17 6 860 4
17 17 860 4
12 19 1408 10
12 12 1408 5
16 7 681 1
16 16 681 7
0 13 46 11
0 0 46 2
5 4 398 1
5 5 398 1
7 10 414 4
7 7 414 1
0 8 1309 3
0 0 1309 2
7 7 1279 4
6 14 919 4
6 6 919 7
16 16 883 4
19 19 286 2
1 15 1407 8
1 1 1407 9
6 16 1220 2
6 6 1220 1
6 17 850 14
6 6 850 1
1 8 892 1
1 1 892 5
1 1 295 5
17 3 449 12
17 17 449 22
2 2 1409 3
0 0 844 8
0 19 1254 4
0 0 1254 19
2 19 685 5
2 2 685 11
8 8 1400 2
9 17 18 6
9 9 18 9
9 14 677 11
9 9 677 13
7 7 249 4
16 16 1389 2
13 6 149 8
13 13 149 9
15 13 1178 13
15 15 1178 1
15 15 806 10
4 4 360 13
5 5 102 2
10 10 1005 34
18 18 322 14
15 15 1007 4
6 6 1393 1
8 8 528 17
8 13 421 4
8 8 421 17
9 7 1415 6
9 9 1415 7
9 9 1114 3
7 7 1029 4
13 13 119 10
17 15 998 13
17 17 998 23
14 14 688 4
0 0 212 7
0 17 537 4
0 0 537 4
2 8 821 11
2 2 821 4
5 5 492 6
4 4 49 24
4 4 398 1
6 0 853 4
6 6 853 2
5 10 979 8
5 5 979 3
9 9 1296 7
0 9 286 9
0 0 286 2
0 16 835 12
0 0 835 1
14 14 1111 1
2 2 123 21
6 11 659 8
6 6 659 2
9 8 27 10
9 9 27 1
17 18 1386 10
17 17 1386 2
15 14 606 8
15 15 606 9
16 16 520 7
2 2 1291 1
17 4 974 12
17 17 974 1
3 7 351 1
3 3 351 4
4 4 343 17
9 9 100 4
16 16 728 11
12 5 732 7
12 12 732 7
14 14 215 12
16 14 210 1
16 16 210 3
17 4 228 14
17 17 228 3
0 17 609 12
0 0 609 7
2 2 1243 2
14 2 1087 1
14 14 1087 6
4 4 937 24
9 19 1005 3
9 9 1005 5
5 15 587 5
5 5 587 3
9 4 1091 10
9 9 1091 11
11 11 412 12
16 16 1026 22
12 12 70 4
15 15 380 18
0 18 358 3
0 0 358 4
0 15 1093 5
0 0 1093 7
6 10 763 3
6 6 763 3
3 3 1415 13
6 7 401 4
6 6 401 4
17 3 1279 10
17 17 1279 1
9 0 838 2
9 9 838 11
9 7 248 1
9 9 248 7
12 16 501 4
12 12 501 1
16 16 43 4
19 9 1290 4
19 19 1290 6
12 12 210 7
0 14 858 1
0 0 858 7
0 0 655 2
2 4 114 12
2 2 114 9
12 4 1244 7
12 12 1244 9
6 6 223 7
7 7 178 7
11 11 736 42
11 11 1089 6
16 16 527 36
2 18 440 8
2 2 440 5
2 12 997 7
2 2 997 1
2 19 558 13
2 2 558 2
4 4 769 8
5 6 104 9
5 5 104 1
6 6 110 1
10 10 552 3
13 13 589 5
15 4 724 3
15 15 724 7
17 15 221 6
17 17 221 7
4 4 1077 24
5 5 1363 5
3 3 1407 2
12 6 1242 10
12 12 1242 1
9 13 299 12
9 9 299 2
7 7 1311 8
11 11 974 21
12 14 285 1
12 12 285 2
17 3 1421 7
17 17 1421 13
15 4 325 14
15 15 325 16
1 0 958 12
1 1 958 5
5 5 1065 5
5 12 266 11
5 5 266 9
13 13 506 8
14 14 504 7
1 3 815 2
1 1 815 11
19 19 418 11
6 6 1080 4
6 9 653 9
6 6 653 3
8 8 177 32
7 7 630 15
16 16 1362 6
12 12 904 3
17 17 69 3
0 0 411 15
2 11 435 12
2 2 435 2
2 10 553 13
2 2 553 4
3 3 333 8
4 4 1263 18
18 18 100 43
18 11 561 6
18 18 561 2
5 5 1153 1
5 1 1372 12
5 5 1372 13
6 19 943 2
6 6 943 10
5 19 957 11
5 5 957 7
7 7 841 24
12 12 1262 6
16 16 863 10
0 3 372 1
0 0 372 1
1 1 634 9
6 6 111 2
2 11 213 11
2 2 213 1
2 2 798 6
5 6 184 3
5 5 184 1
8 8 660 19
7 7 19 15
10 10 309 8
16 16 1338 6
16 16 1167 19
17 17 429 4
0 11 808 2
0 0 808 7
3 9 1103 14
3 3 1103 8
11 11 1355 35
7 14 1082 11
7 7 1082 8
12 17 903 2
12 12 903 1
16 16 168 13
18 7 785 7
18 18 785 3
8 18 490 1
8 8 490 3
7 7 817 17
9 16 1253 9
9 9 1253 4
10 7 1277 6
10 10 1277 2
14 14 1026 17
12 8 713 10
12 12 713 5
17 13 817 9
17 17 817 1
17 5 644 9
17 17 644 4
2 7 1159 4
2 2 1159 1
2 5 870 12
2 2 870 11
6 18 349 9
6 6 349 5
5 0 934 3
5 5 934 12
10 7 784 13
10 10 784 5
9 9 1000 4
9 6 1142 8
9 9 1142 7
19 19 834 25
5 10 413 11
5 5 413 1
12 2 1253 3
12 12 1253 9
18 18 413 1
18 18 563 43
2 8 172 5
2 2 172 5
5 5 161 3
5 5 823 7
9 18 889 8
9 9 889 7
14 5 128 4
14 14 128 2
14 14 1372 16
12 12 815 3
17 17 595 1
14 14 575 2
0 0 815 2
4 4 879 8
6 11 639 5
6 6 639 10
6 7 192 4
6 6 192 10
17 1 1249 13
17 17 1249 1
1 1 554 5
12 12 36 4
17 17 748 7
0 19 1283 13
0 0 1283 2
1 14 1419 13
1 1 1419 17
1 18 1150 14
1 1 1150 5
3 3 443 3
6 1 526 2
6 6 526 5
9 2 896 6
9 9 896 1
12 12 704 9
12 10 1037 2
12 12 1037 1
13 19 1316 11
13 13 1316 2
0 6 24 9
0 0 24 6
1 1 142 2
2 2 308 34
6 11 1264 2
6 6 1264 5
4 4 1388 18
13 13 288 14
0 12 206 13
0 0 206 6
13 13 969 5
14 14 34 15
17 16 270 13
17 17 270 1
1 12 897 12
1 1 897 9
0 6 1057 5
0 0 1057 1
6 16 467 7
6 6 467 10
19 19 1117 12
8 8 642 18
6 6 1231 3
11 11 703 11
12 12 76 11
13 13 858 1
17 1 596 2
17 17 596 7
13 13 1147 2
0 17 1387 9
0 0 1387 5
7 7 559 7
5 18 1429 9
5 5 1429 3
5 5 59 3
6 6 187 5
15 12 1217 7
15 15 1217 11
16 16 1351 11
15 15 1228 22
15 14 1378 10
15 15 1378 10
6 16 513 7
6 6 513 5
5 19 519 7
5 5 519 8
10 10 460 11
9 9 1047 4
12 0 1028 14
12 12 1028 5
0 5 1417 6
0 0 1417 1
0 10 1285 6
0 0 1285 2
4 3 116 4
4 4 116 4
2 17 972 14
2 2 972 5
9 19 794 6
9 9 794 8
7 7 1283 15
13 13 397 3
6 13 836 13
6 6 836 1
0 0 345 6
2 0 747 9
2 2 747 1
14 1 913 8
14 14 913 5
5 12 366 8
5 5 366 10
9 9 208 7
17 15 1301 11
17 17 1301 7
19 19 1185 6
9 11 1281 5
9 9 1281 7
4 4 170 3
10 8 735 11
10 10 735 7
5 12 767 9
5 5 767 1
14 14 1124 5
6 2 793 5
6 6 793 2
16 16 266 1
2 4 960 1
2 2 960 1
2 8 525 3
2 2 525 2
6 7 354 2
6 6 354 7
5 5 437 12
13 1 446 1
13 13 446 5
9 9 946 3
11 11 345 24
14 14 1047 5
15 15 1423 6
0 0 22 2
0 9 603 14
0 0 603 1
17 15 427 8
17 17 427 2
19 11 668 2
19 19 668 7
6 10 1277 2
6 6 1277 2
3 14 909 9
3 3 909 15
3 19 1344 2
3 3 1344 23
9 5 328 4
9 9 328 3
16 16 90 15
11 11 995 3
13 18 390 13
13 13 390 1
16 16 502 1
1 1 598 13
6 16 851 12
6 6 851 2
9 2 636 6
9 9 636 5
1 1 1191 6
5 5 1142 4
0 0 168 1
9 9 217 6
17 6 1392 7
17 17 1392 2
15 15 1197 9
7 7 1211 4
2 1 511 8
2 2 511 4
19 19 455 11
2 2 661 3
4 4 836 8
6 6 608 3
15 13 362 6
15 15 362 5
11 11 1399 4
14 4 154 8
14 14 154 2
12 4 209 13
12 12 209 1
12 10 542 13
12 12 542 4
0 14 126 4
0 0 126 2
18 18 1342 6
5 5 1356 3
3 3 430 8
17 19 153 9
17 17 153 9
3 3 1336 8
13 16 217 3
13 13 217 7
12 12 1004 3
12 5 160 4
12 12 160 3
16 16 350 14
14 14 761 25
18 18 754 1
18 0 59 7
18 18 59 1
19 19 677 10
5 18 463 11
5 5 463 4
8 8 125 45
18 18 369 9
13 18 1045 6
13 13 1045 2
18 19 535 4
18 18 535 3
0 12 1078 8
0 0 1078 1
9 2 194 9
9 9 194 5
9 9 661 1
11 11 105 3
14 10 360 1
14 14 360 5
0 6 454 6
0 0 454 8
0 0 1392 4
2 17 35 1
2 2 35 7
2 2 620 5
6 14 603 2
6 6 603 4
5 19 737 9
5 5 737 2
7 17 253 7
7 7 253 1
9 18 742 12
9 9 742 10
15 6 1388 5
15 15 1388 6
0 11 117 5
0 0 117 8
3 3 789 2
19 19 1008 13
5 7 1297 14
5 5 1297 2
3 3 874 11
6 10 1002 3
6 6 1002 12
9 9 489 11
9 15 956 11
9 9 956 3
16 16 341 6
13 13 1213 18
4 4 258 3
18 8 767 4
18 18 767 3
2 6 280 2
2 2 280 4
2 10 837 6
2 2 837 4
5 14 1239 5
5 5 1239 3
18 18 1269 3
7 14 931 13
7 7 931 1
14 14 1424 4
15 14 1017 9
15 15 1017 27
19 19 1095 17
11 11 666 1
6 6 1150 1
5 5 142 1
5 0 345 13
5 5 345 6
14 14 1230 5
13 13 894 11
17 2 1261 11
17 17 1261 3
14 5 425 12
14 14 425 31
16 16 236 8
0 9 477 7
0 0 477 16
2 18 497 9
2 2 497 3
2 17 58 1
2 2 58 3
6 8 1033 4
6 6 1033 12
5 19 746 6
5 5 746 3
12 10 168 7
12 12 168 6
8 8 604 16
15 16 800 3
15 15 800 6
14 9 344 7
14 14 344 7
0 1 945 7
0 0 945 3
19 19 143 18
2 8 534 11
2 2 534 2
4 4 985 1
1 1 989 3
17 7 831 3
17 17 831 17
10 10 1155 18
12 10 739 3
12 12 739 2
14 14 150 1
13 13 1345 5
2 5 1149 4
2 2 1149 2
1 1 227 45
2 10 275 8
2 2 275 3
2 16 860 13
2 2 860 8
5 8 1232 13
5 5 1232 6
17 16 910 12
17 17 910 10
5 17 305 11
5 5 305 4
5 12 908 7
5 5 908 8
11 5 1212 11
11 11 1212 2
12 2 882 14
12 12 882 13
17 8 920 14
17 17 920 12
17 4 483 4
17 17 483 10
19 19 800 16
5 11 1121 13
5 5 1121 11
5 0 247 6
5 5 247 1
15 14 19 12
15 15 19 9
11 11 103 2
16 16 1232 21
15 15 1208 8
0 13 468 7
0 0 468 1
19 19 474 12
2 11 638 13
2 2 638 1
4 4 817 7
5 16 723 1
5 5 723 7
17 13 965 4
17 17 965 9
9 9 93 5
7 11 702 12
7 7 702 4
9 3 1195 2
9 9 1195 9
12 15 254 7
12 12 254 2
12 12 523 2
17 4 887 12
17 17 887 3
18 16 1239 14
18 18 1239 14
2 7 529 3
2 2 529 2
19 19 243 11
7 11 437 9
7 7 437 2
10 10 491 13
16 6 1065 11
16 16 1065 7
11 11 1132 2
16 16 776 27
2 13 1140 7
2 2 1140 1
1 3 1298 1
1 1 1298 8
4 4 538 4
8 8 1395 5
2 16 203 1
2 2 203 5
6 10 887 1
6 6 887 1
6 15 440 14
6 6 440 8
7 7 1372 17
10 10 1276 1
15 2 442 3
15 15 442 1
18 18 490 1
0 0 865 3
2 2 157 6
1 1 1155 1
5 5 331 1
6 6 331 3
9 7 1347 3
9 9 1347 1
13 13 677 8
13 4 880 7
13 13 880 14
12 11 1016 3
12 12 1016 3
17 8 117 8
17 17 117 8
1 1 872 8
19 19 473 1
0 14 1349 2
0 0 1349 2
0 7 1162 6
0 0 1162 9
1 5 1084 7
1 1 1084 4
4 4 824 12
3 2 816 14
3 3 816 1
5 3 732 3
5 5 732 5
10 10 515 10
9 9 537 3
14 14 1099 6
12 3 514 2
12 12 514 7
18 12 183 10
18 18 183 7
14 14 298 19
9 7 532 1
9 9 532 5
4 4 44 3
5 8 621 13
5 5 621 6
12 11 657 9
12 12 657 11
16 16 442 32
16 16 724 4
2 8 229 13
2 2 229 2
2 12 814 5
2 2 814 1
8 8 1402 8
8 8 708 15
5 5 1022 5
8 8 832 1
7 16 202 6
7 7 202 4
12 12 1197 2
18 18 485 5
1 8 110 6
1 1 110 8
0 14 1042 1
0 0 1042 3
1 1 1156 5
6 9 1123 8
6 6 1123 4
5 2 249 6
5 5 249 1
5 19 692 12
5 5 692 12
6 6 322 3
9 15 1348 14
9 9 1348 4
8 8 941 96
15 3 1166 4
15 15 1166 4
12 8 1340 2
12 12 1340 2
19 1 1227 12
19 19 1227 21
0 6 791 14
0 0 791 5
0 1 1153 2
0 0 1153 9
18 18 1319 20
3 3 1164 6
4 4 1030 29
17 8 1310 14
17 17 1310 1
14 4 248 10
14 14 248 17
16 16 247 5
13 12 1307 11
13 13 1307 1
19 19 162 30
4 4 633 38
3 13 499 7
3 3 499 16
5 18 411 2
5 5 411 2
7 7 427 1
11 11 537 1
0 0 192 7
0 14 565 3
0 0 565 2
5 16 300 12
5 5 300 5
9 19 725 9
9 9 725 9
10 10 1039 2
14 14 1388 15
9 9 572 1
19 19 981 27
16 16 1253 3
4 4 671 32
4 4 212 10
7 7 834 4
6 6 240 7
5 1 776 11
5 5 776 8
7 7 532 1
17 10 1225 5
17 17 1225 2
5 0 718 4
5 5 718 5
7 1 222 5
7 7 222 26
9 15 1246 4
9 9 1246 7
17 17 858 2
14 14 1199 31
13 13 1300 6
1 10 350 10
1 1 350 18
18 18 1300 4
5 12 1187 10
5 5 1187 4
6 15 18 10
6 6 18 8
10 10 843 6
12 5 378 4
12 12 378 1
13 13 68 4
0 0 199 4
18 18 730 16
18 9 1191 2
18 18 1191 9
4 4 409 20
6 16 429 10
6 6 429 1
11 11 50 18
17 17 991 7
12 9 457 13
12 12 457 12
12 15 1187 10
12 12 1187 2
13 13 1067 11
2 15 1415 8
2 2 1415 2
5 14 1093 12
5 5 1093 2
3 3 1133 1
17 16 1254 12
17 17 1254 6
17 6 1407 1
17 17 1407 1
15 12 1180 7
15 15 1180 3
17 17 533 8
0 3 432 6
0 0 432 1
2 19 428 1
2 2 428 1
2 2 25 10
6 16 561 2
6 6 561 1
8 8 464 7
7 4 215 8
7 7 215 7
16 19 1189 9
16 16 1189 4
7 7 1129 15
11 11 272 15
12 12 559 2
15 13 781 5
15 15 781 10
17 14 233 4
17 17 233 4
3 3 1291 5
10 3 1284 13
10 10 1284 6
7 1 409 12
7 7 409 3
10 10 399 18
17 5 890 12
17 17 890 3
13 9 946 13
13 13 946 15
10 10 300 9
1 1 192 13
19 19 289 30
1 1 1406 1
3 14 187 9
3 3 187 1
6 17 1221 2
6 6 1221 2
5 19 286 2
5 5 286 14
5 12 1001 3
5 5 1001 11
10 11 286 3
10 10 286 4
10 10 1073 26
13 17 462 10
13 13 462 4
17 17 472 8
9 6 1305 1
9 9 1305 1
9 12 343 11
9 9 343 8
5 8 212 12
5 5 212 2
9 3 459 8
9 9 459 5
2 2 977 2
17 10 1292 3
17 17 1292 1
15 15 771 10
12 5 599 8
12 12 599 4
12 15 924 9
12 12 924 17
15 15 592 12
15 0 15 7
15 15 15 4
18 19 810 6
18 18 810 11
2 13 423 8
2 2 423 5
2 3 16 2
2 2 16 9
13 13 1295 5
3 14 1251 11
3 3 1251 5
8 14 471 2
8 8 471 11
9 11 98 7
9 9 98 2
10 10 112 5
10 10 1222 8
12 5 153 8
12 12 153 2
14 14 497 6
12 6 1139 5
12 12 1139 9
16 16 220 11
14 12 891 13
14 14 891 20
0 5 38 3
0 0 38 8
2 2 342 1
3 6 19 7
3 3 19 3
5 7 502 8
5 5 502 4
9 5 1011 11
9 9 1011 34
16 10 371 13
16 16 371 4
10 10 1193 13
16 16 422 17
13 13 849 8
6 6 1212 1
4 4 399 10
3 3 1409 2
9 9 137 3
9 9 1303 2
14 14 1345 5
6 0 962 14
6 6 962 4
12 1 1361 7
12 12 1361 13
10 2 201 7
10 10 201 2
0 5 836 10
0 0 836 1
18 18 1064 2
3 10 305 4
3 3 305 2
6 14 1103 10
6 6 1103 7
6 0 656 1
6 6 656 3
7 17 415 8
7 7 415 3
17 16 1385 4
17 17 1385 1
15 15 1250 15
3 3 15 3
14 1 979 13
14 14 979 10
0 19 398 3
0 0 398 8
18 18 805 5
16 1 1186 5
16 16 1186 3
6 18 547 1
6 6 547 5
6 17 116 9
6 6 116 1
9 10 464 7
9 9 464 5
15 4 1165 11
15 15 1165 1
9 9 574 8
0 11 231 10
0 0 231 4
12 7 144 10
12 12 144 4
6 6 935 7
14 14 265 18
18 10 235 11
18 18 235 12
18 18 1281 2
2 5 922 4
2 2 922 1
8 8 1057 5
0 11 1425 11
0 0 1425 2
6 6 1385 1
1 15 1285 11
1 1 1285 1
9 17 1090 10
9 9 1090 1
10 10 1104 9
17 17 289 2
5 5 1071 14
3 3 1414 1
12 14 502 1
12 12 502 1
17 16 1060 12
17 17 1060 3
6 15 888 11
6 6 888 2
15 15 492 4
18 18 448 7
3 6 310 11
3 3 310 10
8 8 1130 11
6 6 289 11
12 6 581 9
12 12 581 1
0 0 970 2
19 12 86 1
19 19 86 2
2 18 994 1
2 2 994 3
6 6 1223 5
5 8 546 2
5 5 546 6
7 9 375 13
7 7 375 9
17 1 670 7
17 17 670 3
12 9 143 10
12 12 143 1
12 14 1121 3
12 12 1121 5
13 19 1336 8
13 13 1336 4
1 1 759 4
18 1 687 12
18 18 687 43
3 8 939 2
3 3 939 5
5 10 947 12
5 5 947 6
12 12 1155 4
17 6 1420 4
17 17 1420 1
9 0 853 12
9 9 853 2
0 8 163 11
0 0 163 4
0 17 744 11
0 0 744 1
18 18 978 4
0 0 1299 5
6 1 1198 8
6 6 1198 7
5 8 265 5
5 5 265 1
18 18 1148 11
10 10 766 17
11 11 651 1
11 11 94 3
14 14 1363 9
12 12 826 5
12 2 1424 6
12 12 1424 5
0 16 493 10
0 0 493 2
0 0 1228 6
6 11 379 4
6 6 379 5
11 11 175 26
10 10 878 5
17 5 1198 11
17 17 1198 4
11 11 1266 13
16 12 519 6
16 16 519 1
0 0 1334 5
13 17 240 12
13 13 240 1
4 4 777 34
4 4 1256 7
13 13 581 8
12 19 1048 3
12 12 1048 1
14 14 283 3
19 19 204 18
4 4 920 13
2 19 99 14
2 2 99 5
1 1 801 2
7 10 840 9
7 7 840 1
12 12 277 6
14 16 81 9
14 14 81 19
17 7 275 1
17 17 275 1
0 0 373 1
19 19 752 48
5 12 1041 4
5 5 1041 2
4 4 47 2
3 13 1057 10
3 3 1057 19
6 8 831 2
6 6 831 5
6 19 384 2
6 6 384 1
12 5 95 7
12 12 95 2
12 3 1406 1
12 12 1406 2
13 13 1096 10
2 13 1378 14
2 2 1378 2
6 13 1072 13
6 6 1072 4
5 13 862 11
5 5 862 2
9 0 13 2
9 9 13 5
7 7 1077 5
17 5 1372 13
17 17 1372 3
17 9 1191 1
17 17 1191 3
0 0 1293 2
19 19 539 3
19 19 974 7
6 15 532 3
6 6 532 10
2 16 1366 2
2 2 1366 12
10 10 1274 2
17 17 816 1
17 11 379 14
17 17 379 1
5 11 1161 14
5 5 1161 9
3 3 450 11
3 16 1388 3
3 3 1388 15
9 9 1141 1
17 15 1150 11
17 17 1150 4
17 11 520 5
17 17 520 4
17 17 276 7
5 0 379 6
5 5 379 3
5 19 822 12
5 5 822 1
10 10 317 34
13 17 491 8
13 13 491 6
12 12 1397 2
9 1 28 1
9 9 28 3
17 11 283 6
17 17 283 3
17 7 1401 5
17 17 1401 3
18 10 262 1
18 18 262 5
3 16 1207 13
3 3 1207 3
10 10 140 1
7 4 1074 3
7 7 1074 3
10 10 1298 6
18 19 1219 2
18 18 1219 2
2 10 1260 14
2 2 1260 4
2 8 386 8
2 2 386 1
8 8 29 8
7 7 354 2
9 9 602 8
9 17 1261 3
9 9 1261 6
10 10 1253 11
12 12 1038 7
17 18 380 2
17 17 380 4
2 9 1183 1
2 2 1183 2
1 9 141 10
1 1 141 1
1 9 1339 7
1 1 1339 20
5 10 1266 2
5 5 1266 2
5 19 467 7
5 5 467 25
9 12 784 3
9 9 784 2
14 14 234 3
11 13 443 3
11 11 443 3
12 6 848 7
12 12 848 2
16 16 505 2
2 6 1038 14
2 2 1038 5
0 0 765 7
0 0 1058 5
5 3 1027 1
5 5 1027 12
3 17 600 3
3 3 600 8
10 10 292 8
9 5 1332 2
9 9 1332 12
13 13 857 1
15 15 1118 13
17 17 587 8
13 13 1146 1
0 4 807 10
0 0 807 1
2 9 640 1
2 2 640 2
4 12 855 12
4 4 855 15
4 4 1411 3
1 1 447 8
15 15 1296 16
0 9 97 3
0 0 97 2
2 19 413 5
2 2 413 6
2 15 966 6
2 2 966 6
5 18 1317 2
5 5 1317 2
2 2 144 5
6 0 75 10
6 6 75 4
17 17 1054 2
11 11 1026 2
11 11 924 15
12 4 1350 13
12 12 1350 11
9 9 113 4
0 2 16 9
0 0 16 6
0 19 1418 5
0 0 1418 2
5 12 1275 7
5 5 1275 9
8 8 1361 24
4 4 450 23
6 1 913 8
6 6 913 1
17 0 809 6
17 17 809 3
13 13 961 8
5 5 771 5
15 16 344 6
15 15 344 10
1 1 921 4
18 18 546 2
1 1 1197 7
17 17 857 1
8 8 1312 12
6 6 373 1
7 10 121 7
7 7 121 12
11 11 695 6
11 11 122 4
13 13 285 2
15 15 457 6
1 12 509 14
1 1 509 9
16 11 972 2
16 16 972 15
1 9 1246 11
1 1 1246 6
6 5 1061 9
6 6 1061 1
5 16 35 8
5 5 35 5
8 8 174 3
7 2 142 10
7 7 142 12
11 11 203 21
12 12 219 2
12 12 941 10
9 8 1102 1
9 9 1102 3
1 1 699 1
0 9 941 8
0 0 941 4
2 9 509 13
2 2 509 2
2 2 961 5
17 18 791 14
17 17 791 4
4 4 314 5
3 3 1330 3
5 4 527 11
5 5 527 7
9 17 1055 8
9 9 1055 1
14 14 130 14
18 18 193 6
0 4 604 13
0 0 604 5
6 6 477 1
7 15 481 11
7 7 481 22
14 14 1415 3
17 17 1121 6
16 16 503 2
14 14 1160 31
18 18 391 12
5 11 342 3
5 5 342 3
15 15 1265 31
14 14 1277 14
3 3 1228 23
6 4 883 14
6 6 883 4
17 4 392 6
17 17 392 3
2 2 1350 6
18 11 995 3
18 18 995 7
0 0 1199 1
19 19 893 23
6 6 1052 9
8 8 1116 14
9 2 41 1
9 9 41 3
9 7 764 11
9 9 764 5
10 10 1295 3
6 9 571 3
6 6 571 1
1 1 700 6
18 18 882 6
2 2 984 5
2 5 517 10
2 2 517 1
6 4 69 4
6 6 69 6
9 3 954 12
9 9 954 1
10 18 8 4
10 10 8 2
19 13 966 13
19 19 966 2
17 17 796 10
14 3 332 12
14 14 332 10
16 17 745 3
16 16 745 7
1 1 144 7
1 1 1294 4
15 15 70 2
6 7 1269 10
6 6 1269 8
0 0 243 1
5 7 921 11
5 5 921 2
7 16 478 14
7 7 478 3
17 17 1114 7
9 7 862 3
9 9 862 2
14 1 617 2
14 14 617 8
1 13 1003 12
1 1 1003 32
2 2 1051 4
2 3 177 11
2 2 177 4
17 13 1298 2
17 17 1298 2
8 8 867 1
5 5 351 1
7 7 570 1
17 17 385 7
19 19 1198 23
12 4 509 8
12 12 509 5
5 11 1423 6
5 5 1423 6
4 4 1059 18
9 13 415 10
9 9 415 3
12 7 534 11
12 12 534 4
17 15 1156 4
17 17 1156 18
14 14 342 2
2 16 1264 3
2 2 1264 5
2 2 358 1
2 4 979 10
2 2 979 5
9 6 630 8
9 9 630 6
12 12 741 7
17 17 789 2
17 17 163 4
5 6 1238 9
5 5 1238 1
6 9 890 7
6 6 890 23
12 8 1388 12
12 12 1388 1
14 14 63 1
10 1 585 12
10 10 585 16
19 19 106 7
14 18 1052 14
14 14 1052 12
17 14 414 3
17 17 414 9
6 6 1151 11
3 6 1035 10
3 3 1035 1
5 10 787 2
5 5 787 9
9 11 202 1
9 9 202 4
9 4 669 2
9 9 669 2
11 11 97 6
13 13 690 39
18 7 1009 7
18 18 1009 40
17 17 1260 1
12 12 1296 1
0 7 1213 2
0 0 1213 9
2 13 612 11
2 2 612 6
8 8 270 3
9 15 384 14
9 9 384 4
7 3 1039 3
7 7 1039 3
12 15 192 7
12 12 192 1
12 12 525 9
17 7 558 1
17 17 558 4
17 9 704 13
17 17 704 7
17 3 11 11
17 17 11 3
1 10 654 13
1 1 654 18
2 14 938 2
2 2 938 1
3 3 415 3
6 15 994 13
6 6 994 1
5 13 634 11
5 5 634 8
9 9 273 3
11 11 1070 7
10 14 1152 8
10 10 1152 3
10 10 418 5
14 17 151 12
14 14 151 3
0 4 252 9
0 0 252 1
19 19 690 5
6 6 454 5
10 10 807 8
1 1 519 4
1 1 1161 16
6 1 699 1
6 6 699 3
6 18 780 3
6 6 780 13
5 0 796 1
5 5 796 7
17 12 262 1
17 17 262 2
14 4 1291 10
14 14 1291 6
17 15 1253 12
17 17 1253 1
16 16 107 14
15 10 45 12
15 15 45 18
0 2 469 12
0 0 469 1
2 2 457 6
2 2 639 1
13 13 170 47
5 14 7 4
5 5 7 2
9 0 1194 5
9 9 1194 1
17 19 886 7
17 17 886 1
0 16 68 6
0 0 68 1
6 3 430 13
6 6 430 2
4 4 961 24
0 2 1107 7
0 0 1107 7
2 3 1255 9
2 2 1255 1
13 13 439 7
13 8 1198 7
13 13 1198 3
1 10 560 4
1 1 560 37
18 18 1211 8
2 13 852 5
2 2 852 6
6 10 1246 7
6 6 1246 1
4 4 429 21
5 5 1012 10
9 13 830 9
9 9 830 2
14 14 237 11
13 13 425 6
6 11 830 9
6 6 830 1
18 18 491 15
9 14 568 9
9 9 568 1
6 12 328 1
6 6 328 3
7 7 545 10
9 9 1346 1
6 13 518 10
6 6 518 1
16 16 567 20
2 3 1322 11
2 2 1322 2
2 8 630 12
2 2 630 1
17 17 1284 2
19 19 887 6
6 19 150 11
6 6 150 1
9 9 434 19
11 11 857 2
10 10 1315 4
17 17 1316 8
12 17 1429 5
12 12 1429 5
2 1 1245 14
2 2 1245 1
2 5 956 11
2 2 956 4
3 3 397 5
4 4 261 53
9 9 1046 1
6 6 33 19
7 7 429 6
9 9 617 13
5 5 406 1
13 13 1191 7
2 2 1100 13
19 19 704 5
6 6 1306 22
6 11 432 9
6 6 432 2
9 9 807 7
11 11 624 20
17 5 1094 1
17 17 1094 2
17 17 905 5
0 17 308 11
0 0 308 12
1 2 109 14
1 1 109 1
2 15 149 13
2 2 149 3
5 17 1106 8
5 5 1106 2
5 19 248 6
5 5 248 1
7 7 83 1
13 13 733 7
15 15 1161 4
0 6 1373 12
0 0 1373 3
2 2 625 5
5 7 9 4
5 5 9 7
6 10 137 7
6 6 137 1
18 18 270 18
9 9 1236 5
14 14 156 22
13 13 558 2
17 17 864 1
14 14 1198 1
13 3 1306 1
13 13 1306 1
5 5 1209 2
9 19 260 5
9 9 260 7
7 7 1163 5
16 9 1048 4
16 16 1048 4
8 8 571 2
14 11 733 1
14 14 733 28
19 19 274 12
3 3 76 2
3 3 515 1
5 7 998 7
5 5 998 3
10 10 720 11
13 7 784 12
13 13 784 2
13 13 475 4
12 12 1189 1
18 18 477 8
0 13 677 8
0 0 677 31
2 2 465 6
5 19 1115 14
5 5 1115 2
6 16 684 10
6 6 684 10
9 1 697 9
9 9 697 11
10 10 1346 20
14 14 1195 3
16 16 1222 10
12 12 1007 9
2 16 1340 8
2 2 1340 10
1 1 300 22
19 19 61 13
3 3 362 4
8 1 298 2
8 8 298 5
9 9 522 6
13 13 551 5
12 12 561 2
16 16 282 1
19 19 1344 2
0 7 926 11
0 0 926 1
3 16 846 6
3 3 846 2
6 6 974 4
8 8 1302 5
12 12 379 4
16 16 894 13
2 7 1118 11
2 2 1118 3
15 15 79 11
8 8 1385 10
6 13 1300 8
6 6 1300 6
4 4 1324 39
10 13 731 2
10 10 731 2
9 14 140 10
9 9 140 1
12 1 791 10
12 12 791 24
2 3 1412 3
2 2 1412 3
0 5 887 10
0 0 887 4
16 16 922 8
6 3 1162 12
6 6 1162 21
6 6 679 4
5 11 677 13
5 5 677 9
5 18 880 8
5 5 880 2
11 11 130 4
0 0 868 1
17 7 1406 12
17 17 1406 1
15 15 1183 14
12 12 1331 9
17 11 673 9
17 17 673 8
0 9 433 1
0 0 433 2
2 7 429 12
2 2 429 6
6 2 566 14
6 6 566 3
9 16 421 1
9 9 421 2
13 4 538 4
13 13 538 13
7 7 669 11
15 15 182 17
4 4 933 4
10 10 883 5
9 14 1111 1
9 9 1111 3
0 14 362 12
0 0 362 10
2 3 1113 8
2 2 1113 1
0 19 516 7
0 0 516 1
19 19 288 1
6 19 1210 12
6 6 1210 2
7 17 41 5
7 7 41 1
1 1 706 30
13 0 770 2
13 13 770 4
1 1 397 24
19 19 401 17
2 2 683 2
9 17 1344 12
9 9 1344 2
5 17 686 1
5 5 686 6
9 14 306 11
9 9 306 2
16 16 1391 4
0 0 830 5
14 14 404 11
1 16 1055 5
1 1 1055 25
3 3 344 7
17 2 162 7
17 17 162 1
6 6 553 5
15 15 1154 6
16 2 1397 12
16 16 1397 11
11 11 837 2
17 2 1280 11
17 17 1280 4
15 19 704 5
15 15 704 5
14 14 882 5
2 19 1185 13
2 2 1185 1
2 15 343 11
2 2 343 12
19 19 623 5
3 3 18 1
8 8 1245 50
9 6 1010 4
9 9 1010 1
12 12 1224 11
7 4 838 6
7 7 838 2
15 15 954 13
14 14 318 3
3 3 163 5
6 6 1213 7
6 3 412 3
6 6 412 4
9 16 136 9
9 9 136 1
7 7 1005 11
13 13 827 3
15 14 486 11
15 15 486 2
0 17 837 12
0 0 837 3
18 15 359 8
18 18 359 2
6 6 460 7
5 5 220 3
15 15 1057 1
17 1 878 2
17 17 878 5
19 19 1258 18
7 3 514 1
7 7 514 18
1 1 1401 5
11 11 1390 9
12 3 916 8
12 12 916 3
14 14 415 2
2 15 447 10
2 2 447 6
2 12 597 6
2 2 597 15
8 8 1141 15
6 12 117 13
6 6 117 12
7 0 196 7
7 7 196 3
9 17 573 14
9 9 573 1
10 10 1230 16
13 13 594 15
15 15 132 18
19 19 193 4
19 19 628 40
6 17 795 1
6 6 795 3
8 8 1220 25
11 11 516 9
17 17 1189 2
12 12 352 2
15 15 899 10
14 14 697 11
13 19 563 4
13 13 563 12
2 1 1067 13
2 2 1067 3
8 8 14 15
3 3 168 11
1 1 995 1
10 10 756 10
8 8 767 4
10 10 555 9
12 9 503 4
12 12 503 6
14 14 503 1
17 13 433 6
17 17 433 16
19 8 1150 13
19 19 1150 3
14 13 1403 1
14 14 1403 12
5 5 656 8
3 3 895 1
10 10 144 1
12 7 582 11
12 12 582 1
12 12 915 1
15 15 28 17
18 18 336 13
15 2 1087 11
15 15 1087 11
6 6 66 3
9 4 915 4
9 9 915 5
10 10 99 13
7 19 1111 6
7 7 1111 1
18 18 924 14
17 15 648 11
17 17 648 7
17 19 211 11
17 17 211 9
15 16 249 4
15 15 249 12
2 16 914 7
2 2 914 5
4 4 914 5
7 7 1201 10
5 5 946 1
12 11 1134 5
12 12 1134 5
11 11 960 14
12 11 287 13
12 12 287 3
13 13 103 3
0 13 745 8
0 0 745 11
18 16 1160 7
18 18 1160 4
19 19 746 2
2 11 298 9
2 2 298 9
6 6 837 12
17 1 795 4
17 17 795 1
12 12 494 7
17 0 1052 6
17 17 1052 2
2 19 75 8
2 2 75 4
1 18 1265 7
1 1 1265 19
6 17 1086 10
6 6 1086 5
5 14 665 10
5 5 665 9
9 12 734 7
9 9 734 8
9 17 1169 5
9 9 1169 15
11 11 174 1
12 11 48 2
12 12 48 6
17 17 59 4
12 6 327 4
12 12 327 2
19 19 968 6
10 10 1264 4
0 0 772 3
12 16 1049 4
12 12 1049 1
5 5 653 3
9 12 997 10
9 9 997 3
17 2 1412 3
17 17 1412 4
12 16 1326 12
12 12 1326 1
17 13 274 9
17 17 274 1
0 7 374 10
0 0 374 7
0 19 187 10
0 0 187 3
1 1 1369 15
8 8 833 2
6 6 385 1
7 7 13 4
17 5 399 7
17 17 399 3
12 14 818 4
12 12 818 1
16 10 1344 2
16 16 1344 4
17 14 292 6
17 17 292 8
19 19 429 18
2 11 655 2
2 2 655 6
6 7 634 11
6 6 634 4
5 17 642 13
5 5 642 11
18 18 1093 34
9 3 12 3
9 9 12 1
10 1 130 14
10 10 130 10
12 9 628 13
12 12 628 2
15 15 98 24
2 18 1298 6
2 2 1298 12
18 18 783 2
2 7 574 11
2 2 574 6
9 9 1184 3
5 5 1325 4
7 7 356 15
0 0 179 8
13 16 256 11
13 13 256 6
12 12 193 9
18 18 670 14
2 9 868 3
2 2 868 1
13 13 974 5
13 13 409 16
15 10 341 10
15 15 341 3
2 13 1076 2
2 2 1076 7
0 0 743 1
2 15 170 12
2 2 170 2
3 3 159 3
6 0 738 5
6 6 738 7
9 9 1330 2
12 12 87 2
12 7 1192 9
12 12 1192 5
17 15 1038 6
17 17 1038 4
14 14 456 1
16 6 999 3
16 16 999 27
2 5 1402 1
2 2 1402 7
0 12 801 14
0 0 801 6
19 19 873 9
8 8 1410 5
10 10 141 3
12 12 627 1
17 19 1183 14
17 17 1183 2
14 14 940 4
0 0 976 26
2 14 387 6
2 2 387 4
1 1 1417 2
2 13 569 6
2 2 569 5
8 8 934 7
10 10 950 9
9 4 902 9
9 9 902 12
9 6 601 11
9 9 601 1
7 0 1090 14
7 7 1090 5
1 10 1177 3
1 1 1177 14
13 17 1314 11
13 13 1314 2
17 19 308 11
17 17 308 8
4 4 911 3
9 9 1149 4
16 16 847 1
2 3 165 3
2 2 165 4
14 6 857 5
14 14 857 2
1 1 468 30
6 2 814 1
6 6 814 1
5 7 830 11
5 5 830 7
9 12 864 11
9 9 864 5
11 11 68 26
16 16 1279 11
15 8 1113 3
15 15 1113 5
12 2 1389 3
12 12 1389 1
16 16 990 4
2 12 491 3
2 2 491 6
0 2 1234 12
0 0 1234 1
4 15 173 8
4 4 173 11
11 11 1403 4
12 13 221 3
12 12 221 19
0 1 821 5
0 0 821 4
12 12 951 4
17 17 46 13
19 19 117 1
19 19 552 15
2 10 560 10
2 2 560 6
3 3 418 3
6 6 282 7
5 7 74 10
5 5 74 11
8 8 482 1
9 9 500 7
17 11 1237 5
17 17 1237 12
9 9 1045 1
13 13 623 22
12 1 761 14
12 12 761 15
17 0 372 1
17 17 372 7
18 19 199 5
18 18 199 5
2 16 886 8
2 2 886 5
4 6 569 7
4 4 569 48
2 2 273 2
3 10 1373 5
3 3 1373 11
9 3 325 8
9 9 325 3
17 14 946 1
17 17 946 4
0 5 128 14
0 0 128 1
2 17 188 2
2 2 188 15
12 19 578 13
12 12 578 3
15 18 1340 8
15 15 1340 16
19 19 819 15
17 18 1272 7
17 17 1272 7
17 2 579 12
17 17 579 4
2 18 1356 14
2 2 1356 10
12 19 266 8
12 12 266 11
2 1 664 8
2 2 664 19
6 7 176 1
6 6 176 2
9 8 762 5
9 9 762 2
12 2 609 9
12 12 609 10
14 14 325 7
17 9 39 7
17 17 39 3
19 19 1296 15
18 18 888 8
2 3 405 13
2 2 405 1
3 6 427 7
3 3 427 2
3 3 1333 3
11 11 1082 7
7 15 1200 6
7 7 1200 1
2 16 881 6
2 2 881 4
3 3 568 4
9 5 769 2
9 9 769 4
11 11 424 17
12 18 314 8
12 12 314 3
12 12 839 9
13 13 556 2
18 18 538 8
8 8 893 8
1 11 996 10
1 1 996 7
9 11 223 12
9 9 223 2
1 11 1088 1
1 1 1088 10
12 7 1379 10
12 12 1379 9
14 14 534 7
0 18 1403 6
0 0 1403 1
17 17 252 5
3 3 1197 10
9 4 405 4
9 9 405 10
13 13 528 10
13 9 129 14
13 13 129 2
17 19 1154 6
17 17 1154 2
9 1 1229 8
9 9 1229 7
17 17 24 5
2 2 42 7
9 19 486 14
9 9 486 3
0 12 300 6
0 0 300 6
5 5 837 8
13 8 609 12
13 13 609 2
12 13 1076 11
12 12 1076 1
13 13 1154 37
1 1 151 3
14 17 846 11
14 14 846 11
8 17 273 2
8 8 273 25
5 2 461 4
5 5 461 2
7 7 932 5
0 13 158 12
0 0 158 5
4 4 1406 5
3 3 251 1
3 3 590 10
8 4 868 2
8 8 868 25
10 10 118 3
12 17 1306 10
12 12 1306 1
17 17 384 1
1 9 795 12
1 1 795 4
2 16 500 2
2 2 500 1
0 10 1191 2
0 0 1191 3
2 2 618 2
3 3 735 54
3 3 1170 4
10 10 987 18
9 1 81 9
9 9 81 5
7 13 586 3
7 7 586 7
12 10 202 2
12 12 202 5
16 16 312 20
17 17 718 30
17 17 17 7
2 18 359 10
2 2 359 1
2 6 541 12
2 2 541 5
8 8 1037 20
12 15 651 4
12 12 651 6
6 19 61 13
6 6 61 5
7 7 780 12
3 3 1213 6
15 15 842 1
13 14 1350 13
13 13 1350 42
2 11 278 9
2 2 278 1
1 0 1286 7
1 1 1286 8
13 13 144 2
5 6 310 12
5 5 310 4
5 0 897 2
5 5 897 5
7 15 470 7
7 7 470 8
14 14 625 30
0 12 288 7
0 0 288 7
2 0 1043 14
2 2 1043 1
4 4 1301 9
3 16 224 7
3 3 224 14
4 4 242 16
3 3 717 11
17 17 63 3
9 9 1367 4
12 11 1297 9
12 12 1297 9
0 0 756 9
1 2 455 8
1 1 455 13
2 2 463 2
9 2 392 14
9 9 392 5
11 11 810 21
11 11 241 1
13 13 514 14
15 15 1399 1
17 17 711 2
10 19 83 5
10 10 83 8
1 12 368 11
1 1 368 3
2 12 939 12
2 2 939 9
9 1 985 10
9 9 985 1
9 9 1193 1
6 9 995 5
6 6 995 3
6 2 52 9
6 6 52 9
11 11 334 7
15 15 1011 6
15 15 851 30
17 1 336 1
17 17 336 3
3 3 149 3
0 0 253 3
19 19 254 5
2 8 858 9
2 2 858 2
6 6 1252 7
15 15 1409 6
11 11 1214 4
6 4 756 13
6 6 756 3
12 12 295 4
13 13 431 8
16 7 930 1
16 16 930 42
0 17 295 7
0 0 295 3
13 13 905 22
6 13 386 14
6 6 386 3
0 0 1079 10
8 8 679 29
7 1 555 4
7 7 555 4
10 10 1366 1
12 6 438 10
12 12 438 5
17 17 1252 1
0 8 470 12
0 0 470 7
12 15 1130 1
12 12 1130 4
4 4 136 26
5 10 6 4
5 5 6 1
19 19 388 12
9 13 67 5
9 9 67 6
5 5 132 3
16 16 208 2
0 9 69 4
0 0 69 2
5 3 407 11
5 5 407 4
15 18 1394 13
15 15 1394 5
7 3 439 11
7 7 439 2
9 10 940 10
9 9 940 6
3 3 1297 1
0 7 244 10
0 0 244 1
0 13 569 9
0 0 569 33
2 13 232 9
2 2 232 8
5 5 1223 2
4 2 81 8
4 4 81 35
10 10 860 1
10 10 815 8
11 0 1207 3
11 11 1207 5
16 10 1210 12
16 16 1210 10
12 12 875 7
16 16 921 1
6 6 247 17
9 0 1086 7
9 9 1086 4
8 8 525 3
10 16 203 10
10 10 203 1
12 3 429 1
12 12 429 9
18 17 379 6
18 18 379 3
0 12 786 5
0 0 786 5
0 9 1351 8
0 0 1351 3
2 1 631 14
2 2 631 4
10 10 384 15
6 11 578 14
6 6 578 2
6 6 151 6
12 1 748 11
12 12 748 6
11 11 1429 7
15 15 816 11
15 18 90 10
15 15 90 8
0 4 897 7
0 0 897 2
3 3 924 4
5 8 1215 5
5 5 1215 8
5 17 1290 3
5 5 1290 7
7 7 428 1
9 12 616 11
9 9 616 1
9 9 1059 1
17 0 322 14
17 17 322 11
0 0 203 3
4 4 844 11
0 3 1125 8
0 0 1125 14
6 5 1238 11
6 6 1238 4
6 15 876 5
6 6 876 4
9 3 806 10
9 9 806 1
12 17 469 2
12 12 469 10
10 10 351 9
12 17 1199 9
12 12 1199 2
7 7 1095 1
2 16 735 5
2 2 735 2
6 1 1247 5
6 6 1247 1
3 3 1121 12
8 16 234 10
8 8 234 8
15 15 1160 1
12 2 1342 8
12 12 1342 5
1 10 1035 14
1 1 1035 16
12 0 825 5
12 12 825 1
6 6 142 2
7 7 276 2
9 6 362 12
9 9 362 5
17 17 1308 2
0 0 83 2
2 11 948 12
2 2 948 4
5 11 1208 6
5 5 1208 1
8 0 1065 14
8 8 1065 21
19 19 537 2
9 5 1060 11
9 9 1060 4
12 2 1239 4
12 12 1239 3
0 19 567 7
0 0 567 2
5 16 1225 7
5 5 1225 4
6 19 100 13
6 6 100 10
6 17 871 13
6 6 871 5
17 17 1100 4
19 19 1311 3
7 7 1356 13
19 12 1153 2
19 19 1153 7
17 18 1086 4
17 17 1086 1
12 19 1190 1
12 12 1190 1
18 18 474 3
0 0 881 4
19 19 386 2
3 8 659 1
3 3 659 14
19 19 572 2
14 1 1084 14
14 14 1084 3
12 17 419 10
12 12 419 2
18 18 1411 6
0 2 1178 1
0 0 1178 1
17 9 245 2
17 17 245 7
6 12 572 5
6 6 572 4
6 6 129 2
13 5 451 6
13 13 451 11
17 3 1087 3
17 17 1087 2
16 16 1409 12
13 13 241 15
12 15 1151 3
12 12 1151 4
3 3 238 6
0 15 927 6
0 0 927 2
5 5 386 6
7 7 418 2
17 12 818 8
17 17 818 1
13 15 66 6
13 13 66 2
14 14 112 11
17 17 316 3
1 4 205 7
1 1 205 3
0 6 1139 12
0 0 1139 2
2 0 830 12
2 2 830 7
4 4 753 16
5 13 275 12
5 5 275 4
6 7 419 8
6 6 419 10
10 10 277 6
11 11 507 5
13 19 467 6
13 13 467 8
0 9 259 14
0 0 259 1
0 0 840 2
1 0 126 3
1 1 126 15
5 5 1091 2
6 16 233 3
6 6 233 1
8 15 830 12
8 8 830 2
12 12 13 4
17 18 1405 6
17 17 1405 1
17 1 1216 1
17 17 1216 7
9 3 420 1
9 9 420 1
10 10 570 15
12 16 553 14
12 12 553 6
17 17 849 3
16 11 231 11
16 16 231 5
0 14 33 1
0 0 33 5
1 1 341 9
2 15 902 13
2 2 902 12
4 4 617 16
14 4 555 9
14 14 555 13
6 3 1405 9
6 6 1405 3
8 8 620 1
6 0 11 13
6 6 11 7
7 0 870 11
7 7 870 20
4 4 1157 19
14 6 123 6
14 14 123 5
6 4 178 6
6 6 178 5
0 0 517 5
2 13 825 5
2 2 825 5
8 8 1190 1
6 19 849 11
6 6 849 1
7 7 40 1
9 0 857 12
9 9 857 5
18 18 12 30
15 15 408 25
0 17 1273 11
0 0 1273 10
17 16 493 7
17 17 493 6
8 8 821 6
7 7 185 11
11 11 1312 40
13 13 146 3
12 10 1323 8
12 12 1323 3
17 17 87 4
19 19 1248 10
5 15 730 1
5 5 730 2
19 19 74 6
8 8 1103 13
6 7 558 13
6 6 558 2
7 5 206 6
7 7 206 9
12 12 155 3
17 17 1287 3
14 14 211 1
1 0 763 13
1 1 763 5
2 11 897 11
2 2 897 3
17 12 694 6
17 17 694 10
6 14 953 11
6 6 953 9
5 5 591 16
9 1 1412 4
9 9 1412 3
9 18 1119 8
9 9 1119 2
13 19 116 1
13 13 116 3
9 10 855 5
9 9 855 2
17 17 302 4
0 0 1089 4
3 4 162 8
3 3 162 1
8 8 1197 2
3 1 1411 6
3 3 1411 3
9 9 143 8
10 10 263 14
12 10 1097 2
12 12 1097 3
14 14 1351 12
17 2 628 11
17 17 628 16
18 5 455 3
18 18 455 19
18 18 912 10
3 11 307 13
3 3 307 3
6 12 662 10
6 6 662 12
5 19 865 8
5 5 865 9
9 18 723 7
9 9 723 2
9 0 1382 10
9 9 1382 21
17 6 1202 11
17 17 1202 6
1 1 322 5
17 10 72 2
17 17 72 2
19 19 83 3
12 15 402 6
12 12 402 1
3 11 320 14
3 3 320 13
3 3 791 12
9 9 470 11
7 7 199 3
10 4 121 14
10 10 121 7
9 14 1271 6
9 9 1271 1
7 7 796 1
16 16 213 7
19 19 192 1
16 16 668 5
3 9 932 14
3 3 932 7
3 5 1403 4
3 3 1403 4
9 9 295 4
12 13 686 4
12 12 686 3
2 6 1064 7
2 2 1064 3
1 1 208 19
2 2 222 5
2 15 779 12
2 2 779 9
6 5 1205 8
6 6 1205 5
6 0 766 9
6 6 766 14
0 11 505 11
0 0 505 11
9 1 176 8
9 9 176 9
8 8 783 38
10 12 1057 11
10 10 1057 14
17 17 621 7
18 1 318 9
18 18 318 4
18 1 1183 14
18 18 1183 7
18 12 938 3
18 18 938 17
5 7 196 3
5 5 196 7
5 14 874 13
5 5 874 6
10 10 145 11
12 3 583 7
12 12 583 11
17 12 567 9
17 17 567 10
0 19 972 2
0 0 972 1
19 19 88 18
2 2 992 2
2 18 557 6
2 2 557 1
10 10 51 6
5 13 85 7
5 5 85 6
5 3 544 9
5 5 544 2
10 10 471 20
9 4 1272 9
9 9 1272 1
17 17 655 1
1 1 184 6
17 3 1404 11
17 17 1404 1
7 7 390 12
10 10 1113 19
8 8 545 3
17 11 93 1
17 17 93 3
2 6 227 3
2 2 227 2
8 8 37 9
9 9 185 9
7 11 994 1
7 7 994 11
11 5 653 3
11 11 653 4
14 14 511 20
2 2 1385 4
0 11 852 1
0 0 852 5
1 1 90 19
5 9 664 8
5 5 664 1
9 2 1129 12
9 9 1129 2
9 5 10 6
9 9 10 2
12 1 907 11
12 12 907 2
14 14 671 4
2 3 548 10
2 2 548 5
0 17 1114 7
0 0 1114 11
6 14 531 10
6 6 531 1
5 7 553 13
5 5 553 34
18 6 606 2
18 18 606 11
12 1 1050 1
12 12 1050 8
17 9 203 14
17 17 203 8
2 2 1163 16
0 0 336 9
7 8 511 14
7 7 511 3
11 11 1134 5
17 8 893 8
17 17 893 1
11 11 1016 3
16 16 1139 17
12 12 860 2
16 16 397 25
17 14 273 10
17 17 273 1
2 14 208 4
2 2 208 4
1 1 1368 1
5 4 1055 4
5 5 1055 10
6 14 1191 4
6 6 1191 3
9 9 162 5
11 11 1279 6
9 0 1288 11
9 9 1288 6
12 9 89 4
12 12 89 6
12 12 819 2
1 7 805 5
1 1 805 10
1 0 1225 3
1 1 1225 12
4 4 184 20
5 0 54 14
5 5 54 5
5 10 860 1
5 5 860 2
9 9 710 6
12 10 40 11
12 12 40 2
13 13 321 22
15 11 694 7
15 15 694 10
15 10 709 11
15 15 709 15
19 19 1276 9
0 1 1295 11
0 0 1295 4
4 4 986 3
3 19 439 14
3 3 439 4
19 19 816 3
15 9 488 12
15 15 488 1
2 17 869 14
2 2 869 1
4 4 564 4
5 16 1346 5
5 5 1346 10
10 10 424 25
10 10 1099 5
9 9 932 8
12 2 859 10
12 12 859 1
1 7 624 6
1 1 624 10
2 2 788 10
2 12 1153 6
2 2 1153 6
14 14 1262 15
14 15 457 6
14 14 457 16
12 18 668 2
12 12 668 4
7 7 154 7
12 16 30 9
12 12 30 4
13 13 740 5
15 3 1216 12
15 15 1216 1
15 9 1363 4
15 15 1363 7
19 19 1285 5
2 5 384 2
2 2 384 2
1 1 1416 1
2 14 566 9
2 2 566 1
6 19 525 12
6 6 525 1
6 7 1367 2
6 6 1367 5
9 10 600 1
9 9 600 1
18 18 42 10
11 11 300 7
16 16 364 7
17 13 370 7
17 17 370 2
17 11 197 4
17 17 197 6
2 17 1181 2
2 2 1181 2
18 15 662 8
18 18 662 4
2 10 307 10
2 2 307 1
4 4 904 7
3 3 896 11
3 1 1367 2
3 3 1367 6
9 18 323 13
9 9 323 2
12 18 261 9
12 12 261 1
12 11 850 9
12 12 850 3
12 17 1183 6
12 12 1183 4
18 18 403 10
2 9 1036 10
2 2 1036 2
17 9 172 13
17 17 172 1
5 18 354 9
5 5 354 12
9 9 871 7
6 12 815 6
6 6 815 1
13 13 482 9
15 15 535 35
0 8 825 2
0 0 825 3
0 0 1235 5
17 0 1137 14
17 17 1137 9
5 5 846 9
9 11 61 7
9 9 61 6
9 0 752 13
9 9 752 6
9 7 1163 5
9 9 1163 6
19 19 1327 1
17 17 1356 4
14 14 323 2
1 1 672 5
2 2 411 2
3 3 421 6
8 8 483 7
9 9 507 15
11 11 1028 25
7 7 751 24
14 14 1043 4
13 13 57 9
17 17 190 7
0 15 1420 9
0 0 1420 3
5 19 1273 12
5 5 1273 2
6 17 1346 10
6 6 1346 6
8 8 573 31
2 2 1272 12
7 9 1227 14
7 7 1227 11
16 16 498 2
17 17 260 2
0 0 129 2
1 10 53 4
1 1 53 29
15 15 670 7
6 16 363 1
6 6 363 3
13 13 645 32
12 6 403 6
12 12 403 16
13 13 283 2
0 17 1194 8
0 0 1194 5
19 19 886 1
6 8 1051 11
6 6 1051 1
5 15 764 7
5 5 764 3
17 17 1071 1
7 13 136 10
7 7 136 2
2 7 402 10
2 2 402 3
6 11 1023 3
6 6 1023 5
0 19 283 6
0 0 283 3
10 10 1173 7
9 12 955 11
9 9 955 1
12 12 1086 6
2 8 1135 6
2 2 1135 1
17 19 92 14
17 17 92 1
2 2 261 12
4 4 126 9
3 3 1090 11
8 8 548 23
5 5 926 8
9 18 1134 14
9 9 1134 2
13 7 1016 13
13 13 1016 29
17 5 1127 5
17 17 1127 10
18 19 389 11
18 18 389 2
13 2 611 9
13 13 611 2
16 17 987 4
16 16 987 3
2 0 737 2
2 2 737 9
5 9 153 9
5 5 153 8
5 14 340 11
5 5 340 2
5 10 815 8
5 5 815 7
10 10 667 43
11 11 1307 5
7 7 1418 3
16 16 1262 4
17 17 1264 5
13 1 1130 14
13 13 1130 16
16 16 803 44
0 1 1404 2
0 0 1404 13
1 1 1237 2
5 10 1412 8
5 5 1412 11
5 18 741 5
5 5 741 4
19 19 1129 9
11 15 831 12
11 11 831 6
17 5 1342 14
17 17 1342 6
0 5 934 12
0 0 934 3
2 3 365 1
2 2 365 10
2 0 515 2
2 2 515 2
6 6 1014 7
7 19 331 4
7 7 331 21
11 11 908 16
10 10 1180 13
12 12 163 5
12 5 1077 11
12 12 1077 2
17 0 168 11
17 17 168 4
2 17 284 5
2 2 284 14
2 0 841 3
2 2 841 8
12 8 594 10
12 12 594 5
6 10 1259 5
6 6 1259 3
9 3 374 13
9 9 374 2
19 19 1221 1
12 12 306 8
12 15 895 14
12 12 895 3
17 1 515 3
17 17 515 5
0 2 298 10
0 0 298 2
0 0 708 10
4 4 703 24
3 3 1028 7
9 15 199 12
9 9 199 3
11 11 1296 3
14 14 212 3
12 11 1307 5
12 12 1307 5
2 14 501 3
2 2 501 8
6 16 1045 14
6 6 1045 6
5 5 750 14
7 7 254 6
7 17 581 2
7 7 581 4
6 13 580 14
6 6 580 10
14 3 227 11
14 14 227 7
15 15 659 11
0 0 957 1
2 12 356 10
2 2 356 2
19 19 574 17
16 14 618 7
16 16 618 16
4 4 989 12
3 19 1314 14
3 3 1314 14
11 11 1067 3
12 12 1068 4
14 14 824 14
2 3 1121 13
2 2 1121 12
2 18 279 9
2 2 279 1
19 19 687 3
3 3 553 5
6 6 1335 9
5 1 309 13
5 5 309 1
9 14 818 4
9 9 818 8
10 10 1046 3
17 14 1105 6
17 17 1105 4
17 17 932 11
15 5 433 4
15 15 433 2
1 1 597 1
1 1 1206 11
7 11 1123 9
7 7 1123 6
6 3 348 10
6 6 348 1
2 19 1218 5
2 2 1218 16
9 15 1366 4
9 9 1366 1
12 16 115 6
12 12 115 2
13 11 262 10
13 13 262 21
1 1 787 8
0 10 1354 13
0 0 1354 19
2 13 57 9
2 2 57 1
9 10 89 2
9 9 89 4
7 7 1033 6
14 9 1148 1
14 14 1148 12
17 17 883 1
14 14 351 9
0 13 948 13
0 0 948 1
2 13 383 8
2 2 383 1
7 7 441 29
9 9 1072 14
16 16 1077 18
16 16 39 4
7 7 571 10
0 10 547 5
0 0 547 1
5 14 1138 10
5 5 1138 4
4 4 542 1
3 3 558 10
8 8 1156 7
5 17 318 3
5 5 318 13
9 2 352 6
9 9 352 10
11 11 1201 6
10 14 1041 6
10 10 1041 5
13 13 995 20
15 15 1044 11
17 19 480 6
17 17 480 1
18 0 955 2
18 18 955 23
0 0 722 2
19 19 366 2
2 3 714 14
2 2 714 18
15 13 228 4
15 15 228 21
17 1 681 14
17 17 681 6
5 3 335 6
5 5 335 5
6 12 343 9
6 6 343 1
10 10 1367 11
12 4 106 14
12 12 106 9
12 5 1289 11
12 12 1289 2
0 1 796 7
0 0 796 1
0 7 1345 11
0 0 1345 4
1 1 1080 4
6 1 157 2
6 6 157 19
9 9 1192 1
3 3 1101 2
17 17 884 2
16 18 252 7
16 16 252 1
14 14 923 17
1 1 645 9
3 3 390 7
3 3 1296 1
10 10 861 17
2 2 1141 8
16 16 492 6
12 10 1058 13
12 12 1058 1
0 6 245 2
0 0 245 4
4 4 517 21
6 6 1244 2
8 8 1163 27
7 18 1369 5
7 7 1369 3
12 5 479 13
12 12 479 1
12 7 1201 10
12 12 1201 23
13 13 1085 2
7 7 1158 5
0 11 1054 13
0 0 1054 3
4 4 225 17
6 4 334 9
6 6 334 9
7 7 84 2
11 11 714 20
1 1 619 5
12 12 97 2
11 11 446 1
12 19 1019 2
12 12 1019 5
19 19 1223 4
10 10 91 4
11 11 859 49
12 12 240 14
14 14 866 1
0 8 93 1
0 0 93 1
5 13 1289 6
5 5 1289 1
6 6 978 7
5 19 618 4
5 5 618 2
7 2 890 12
7 7 890 16
11 11 383 10
16 16 1059 1
2 12 546 13
2 2 546 2
17 17 321 1
13 13 1392 5
2 19 1098 14
2 2 1098 2
18 18 1200 11
1 1 1384 17
4 4 1363 14
17 7 620 1
17 17 620 1
12 4 867 12
12 12 867 4
15 18 977 1
15 15 977 30
13 13 1078 7
1 1 677 1
0 0 891 1
0 19 672 3
0 0 672 5
0 0 1045 1
2 11 732 2
2 2 732 1
8 8 1342 19
6 11 683 12
6 6 683 1
6 6 321 1
1 1 880 12
16 16 283 1
12 7 421 8
12 12 421 8
0 5 1401 2
0 0 1401 2
0 3 1002 7
0 0 1002 23
18 18 1417 21
2 2 591 4
4 12 383 4
4 4 383 15
16 13 284 4
16 16 284 28
14 14 1105 6
12 7 564 6
12 12 564 3
18 18 841 28
15 5 162 9
15 15 162 13
2 6 1234 8
2 2 1234 9
18 18 1304 15
5 14 1191 7
5 5 1191 1
6 6 1408 1
7 7 420 7
9 3 989 9
9 9 989 8
11 19 538 14
11 11 538 29
9 17 1067 4
9 9 1067 5
13 13 72 13
14 14 675 7
15 15 211 5
0 2 1149 14
0 0 1149 2
2 2 804 4
3 3 78 6
6 3 868 6
6 6 868 3
9 4 814 10
9 9 814 4
16 8 1193 7
16 16 1193 17
12 14 1191 8
12 12 1191 1
11 11 1285 1
3 9 658 3
3 3 658 1
6 15 674 3
6 6 674 5
4 1 1145 11
4 4 1145 12
16 17 1395 11
16 16 1395 1
18 18 1002 7
17 6 1230 1
17 17 1230 7
0 0 1179 12
3 3 803 13
9 7 418 10
9 9 418 2
9 11 117 9
9 9 117 6
9 9 31 6
14 14 1112 1
12 12 563 1
14 9 198 10
14 14 198 13
12 6 1413 11
12 12 1413 1
16 16 694 30
19 19 1346 12
18 14 838 3
18 18 838 3
18 19 1299 12
18 18 1299 1
5 5 1403 4
3 7 944 2
3 3 944 22
7 7 413 1
7 18 1335 7
7 7 1335 15
14 15 682 9
14 14 682 6
15 2 216 11
15 15 216 10
15 15 354 8
0 17 527 6
0 0 527 5
11 11 567 23
3 9 1428 4
6 10 416 7
6 6 416 3
6 3 1328 2
6 6 1328 7
13 18 466 11
13 13 466 1
12 2 1374 11
12 12 1374 5
15 6 402 3
15 15 402 2
0 14 260 5
0 0 260 4
0 2 1251 4
0 0 1251 1
1 4 1259 4
1 1 1259 3
4 4 222 1
3 3 1134 30
5 8 675 4
5 5 675 2
5 1 894 12
5 5 894 3
0 3 385 5
0 0 385 2
9 9 672 5
9 16 1403 6
9 9 1403 9
12 12 603 3
17 17 1223 2
14 14 964 1
0 16 435 7
0 0 435 16
2 2 445 2
3 3 341 3
15 15 1370 8
6 8 564 9
6 6 564 2
17 0 865 3
17 17 865 9
17 11 1293 6
17 17 1293 5
17 16 848 1
17 17 848 1
6 6 862 2
14 14 887 4
2 2 1188 24
18 11 1290 6
18 18 1290 7
6 15 1394 5
6 6 1394 1
8 8 621 13
18 18 259 3
9 7 308 1
9 9 308 15
7 7 865 4
11 11 1242 11
16 16 887 7
18 18 442 6
3 6 372 1
3 3 372 1
2 2 406 5
3 3 188 16
3 3 966 32
5 2 982 2
5 5 982 8
9 7 133 5
9 9 133 3
11 11 665 1
12 12 776 1
19 19 1138 2
1 1 387 10
1 1 118 8
18 18 303 15
3 3 1111 10
15 15 1323 3
17 17 1208 8
16 6 64 2
16 16 64 10
2 3 1292 4
2 2 1292 5
1 1 1053 2
17 5 612 8
17 17 612 1
8 8 901 26
9 8 428 10
9 9 428 6
7 2 660 1
7 7 660 5
11 11 839 14
12 3 148 4
12 12 148 5
17 3 1286 5
17 17 1286 1
15 15 791 9
17 14 668 7
17 17 668 2
17 0 231 12
17 17 231 2
0 4 622 11
0 0 622 33
16 7 1156 2
16 16 1156 10
5 0 1170 9
5 5 1170 5
5 9 590 12
5 5 590 1
10 10 888 30
0 18 48 11
0 0 48 7
5 7 401 12
5 5 401 5
17 13 986 9
17 17 986 5
14 12 692 12
14 14 692 5
0 19 355 2
0 0 355 3
2 9 1070 2
2 2 1070 6
0 7 541 4
0 0 541 6
18 18 1172 11
19 19 734 12
5 5 260 5
9 3 142 7
9 9 142 1
11 11 670 12
17 9 1056 4
17 17 1056 4
4 4 887 10
4 4 204 8
5 0 864 1
5 5 864 1
7 7 177 1
9 9 722 1
9 11 1381 9
9 9 1381 1
16 16 1368 21
18 18 652 8
2 9 1287 9
2 2 1287 4
0 6 1339 6
0 0 1339 6
2 2 998 10
2 2 595 2
4 4 339 4
9 9 469 1
9 16 104 1
9 9 104 1
9 6 547 14
9 9 547 16
7 7 1112 10
14 16 1069 8
14 14 1069 15
17 16 661 7
17 17 661 7
13 9 1340 7
13 13 1340 5
1 1 755 4
0 3 1399 8
0 0 1399 2
3 12 29 7
3 3 29 47
11 11 1139 36
5
0 14 254
11 4 149
5 9 461
8 4 325
1 15 562
