20 4762
15 6 909 10
15 15 909 6
17 17 294 1
2 2 1065 2
1 15 215 2
1 1 215 3
2 18 223 5
2 2 223 6
1 18 1357 1
1 1 1357 6
8 8 1280 12
5 5 269 14
11 10 481 13
11 11 481 1
14 12 1359 9
14 14 1359 21
13 13 509 32
16 9 47 7
16 16 47 1
15 15 376 17
0 18 643 14
0 0 643 13
0 0 1224 10
19 13 852 6
19 19 852 5
7 7 629 8
10 13 1380 7
10 10 1380 4
13 13 760 24
13 13 131 34
17 5 1194 12
17 17 1194 16
14 14 985 25
0 0 532 4
2 7 993 4
2 2 993 6
4 4 781 10
10 10 468 15
9 9 548 1
2 1 776 8
2 2 776 7
15 12 1000 6
15 15 1000 1
15 15 720 7
15 4 143 4
15 15 143 2
19 15 1374 3
19 19 1374 3
3 3 609 10
7 7 844 13
16 11 860 1
16 16 860 6
1 1 613 5
19 2 748 1
19 19 748 1
5 1 187 14
5 5 187 10
19 15 1070 2
19 19 1070 9
8 8 1200 1
10 6 310 3
10 10 310 15
13 13 502 7
12 12 1346 22
13 13 1100 12
1 1 803 20
5 6 528 12
5 5 528 14
18 18 1328 3
17 12 1294 11
17 17 1294 2
6 6 641 22
8 8 352 11
8 8 181 22
11 15 797 4
11 11 797 2
16 16 1366 14
18 18 786 23
16 19 1173 8
16 16 1173 1
3 12 1243 12
3 3 1243 2
15 9 148 13
15 15 148 7
19 13 1383 3
19 19 1383 2
2 18 875 11
2 2 875 1
7 3 510 4
7 7 510 19
15 11 915 14
15 15 915 1
15 11 334 7
15 15 334 1
0 9 328 3
0 0 328 6
0 13 1111 3
0 0 1111 4
9 9 161 66
7 7 986 11
10 10 696 3
12 12 812 19
12 4 1401 8
15 4 511 14
15 15 511 7
19 4 431 13
19 19 431 2
3 4 764 10
3 3 764 7
8 8 978 19
7 7 538 7
9 9 50 4
11 11 1359 14
16 10 1357 11
16 16 1357 3
12 12 630 7
15 15 1274 26
15 3 689 5
15 15 689 5
15 1 108 14
15 15 108 2
19 12 1279 11
19 19 1279 1
0 0 1400 9
3 10 112 11
3 3 112 10
3 5 1361 1
3 3 1361 11
9 9 1004 7
16 13 1131 8
16 16 1131 16
10 6 342 6
10 10 342 23
14 14 95 33
0 18 761 12
0 0 761 2
19 8 327 8
19 19 327 7
2 1 789 14
2 2 789 4
4 9 17 13
4 4 17 7
5 5 376 1
13 3 658 12
13 13 658 17
13 13 861 20
15 3 1106 1
15 15 1106 5
17 17 599 5
15 17 452 12
15 15 452 19
4 4 160 14
19 10 1265 3
19 19 1265 6
11 11 222 4
15 16 1300 13
15 15 1300 5
15 13 1219 10
15 15 1219 6
14 14 377 1
8 8 936 24
11 11 303 8
15 16 1413 11
15 15 1413 5
2 2 1178 2
2 9 304 4
2 2 304 11
19 9 658 8
19 19 658 1
5 16 1354 6
5 5 1354 8
8 8 567 3
10 10 775 20
11 11 1001 11
12 12 262 42
16 16 508 8
11 11 745 1
1 17 51 3
1 1 51 3
4 16 24 6
4 4 24 19
3 19 1040 14
3 3 1040 3
17 10 515 14
17 17 515 7
3 3 757 7
8 9 640 4
8 8 640 27
8 9 960 4
8 8 960 1
10 10 178 3
19 13 800 13
19 19 800 3
15 15 114 6
1 12 362 10
1 1 362 3
19 19 119 9
5 5 1314 3
10 10 456 12
11 11 913 16
17 6 654 9
17 17 654 3
0 0 19 10
19 8 228 14
19 19 228 3
19 19 667 3
16 16 658 8
9 9 331 2
2 5 186 14
2 2 186 2
19 19 659 3
3 0 143 2
3 3 143 2
5 5 805 11
9 9 879 41
7 2 1420 13
12 12 396 3
17 17 1278 10
18 1 1150 1
18 18 1150 16
17 7 404 2
17 17 404 1
2 9 1354 11
2 2 1354 9
1 5 498 6
1 1 498 1
3 4 723 7
3 3 723 2
8 8 967 11
11 4 825 6
11 11 825 6
12 12 611 19
14 19 621 14
14 14 621 3
15 14 123 7
15 15 123 3
18 18 886 33
19 6 998 11
19 19 998 2
9 9 1052 5
15 15 838 3
18 18 50 23
2 2 258 7
2 16 847 7
2 2 847 15
3 3 103 4
3 3 570 3
4 4 1374 26
7 7 1396 19
7 7 1219 8
17 1 1126 11
17 17 1126 4
2 11 181 11
2 2 181 5
3 19 244 9
3 3 244 3
8 17 895 1
8 8 895 5
5 5 339 1
7 7 115 6
1 15 768 6
1 1 768 1
19 17 20 5
19 19 20 1
19 10 459 9
19 19 459 2
2 2 657 1
18 18 112 6
13 13 217 16
17 17 715 1
16 16 605 4
1 4 689 3
1 1 689 1
4 14 300 1
4 4 300 10
5 5 442 3
13 13 927 12
18 18 773 6
19 1 964 2
19 19 964 2
4 4 1277 24
1 16 1283 4
1 1 1283 6
18 11 1189 10
18 18 1189 1
3 10 1357 6
3 3 1357 4
5 5 902 25
16 3 481 12
16 16 481 6
17 3 501 13
17 17 501 14
16 6 680 1
16 16 680 2
19 19 355 4
2 1 761 8
2 2 761 3
3 16 253 14
3 3 253 3
6 6 716 23
8 8 240 2
11 11 1299 6
0 19 783 9
0 0 783 1
3 6 705 11
3 3 705 2
4 4 1070 8
10 10 530 4
16 0 314 14
16 16 314 2
17 3 716 14
17 17 716 3
1 1 381 3
19 4 577 14
19 19 577 2
8 8 203 35
6 6 346 2
3 3 1327 10
15 18 259 14
15 15 259 5
13 13 1348 6
0 9 248 10
0 0 248 13
3 2 85 1
3 3 85 4
3 15 552 4
3 3 552 3
6 6 1115 28
7 7 1386 2
16 12 1102 4
16 16 1102 7
13 13 436 3
17 17 923 8
15 16 1209 12
15 15 1209 7
1 1 31 18
15 11 1379 1
15 15 1379 11
9 9 1365 3
17 17 1249 3
15 6 618 10
15 15 618 13
19 8 1354 4
19 19 1354 8
0 16 1355 11
0 0 1355 23
5 0 27 9
5 5 27 7
10 13 1340 14
10 10 1340 3
17 17 1327 3
16 16 587 8
2 0 1222 2
2 2 1222 12
19 10 582 13
19 19 582 9
2 2 530 7
3 5 384 3
3 3 384 10
3 8 855 6
3 3 855 2
5 1 428 8
5 5 428 6
4 15 1188 10
4 4 1188 22
7 9 440 8
7 7 440 8
15 4 861 6
15 15 861 6
15 15 264 15
14 4 1023 9
14 14 1023 5
4 19 543 5
4 4 543 48
3 19 529 3
3 3 529 4
13 13 994 27
1 7 429 4
1 1 429 3
3 6 235 5
3 3 235 2
5 5 334 5
18 18 1103 3
11 11 724 7
11 11 155 14
16 0 1295 2
16 16 1295 3
17 17 1242 7
12 12 1290 15
17 17 112 5
7 18 585 11
7 7 585 8
1 1 478 5
19 11 478 9
19 19 478 3
19 5 917 10
19 19 917 5
4 5 829 1
4 4 829 2
8 8 1088 18
10 10 81 3
15 17 657 3
15 15 657 3
15 0 821 10
15 15 821 6
14 14 295 6
19 18 591 12
19 19 591 3
4 6 972 4
4 4 972 5
3 16 1299 14
3 3 1299 6
4 13 1187 7
4 4 1187 1
9 9 287 10
7 7 892 8
3 16 972 3
3 3 972 5
1 1 248 5
15 19 694 14
15 15 694 5
8 8 1164 5
11 11 636 6
12 12 869 7
19 8 1113 10
19 19 1113 9
4 4 1140 8
19 16 1156 14
19 19 1156 9
17 14 1235 12
17 17 1235 1
15 6 754 5
15 15 754 1
19 17 1222 13
19 19 1222 6
18 18 962 9
19 19 922 11
17 10 79 2
17 17 79 4
17 5 396 1
17 17 396 8
15 15 818 3
2 4 1240 8
2 2 1240 12
15 6 481 12
15 15 481 5
9 9 1368 11
4 8 971 7
4 4 971 1
9 18 1057 13
9 9 1057 29
16 7 446 6
16 16 446 14
15 7 213 3
15 15 213 1
18 18 1201 19
16 16 1266 2
4 4 525 11
11 9 1198 4
11 11 1198 1
13 13 788 21
16 16 914 20
0 2 892 12
0 0 892 2
2 17 733 11
2 2 733 2
3 3 684 8
9 9 693 19
15 15 841 2
16 18 1405 8
16 16 1405 19
17 11 1236 9
17 17 1236 6
3 13 829 1
3 3 829 3
3 3 1264 1
6 6 140 26
9 9 440 1
9 9 1241 19
10 5 1321 1
10 10 1321 19
15 5 827 6
15 15 827 1
13 5 1303 14
13 13 1303 31
19 1 1340 6
19 19 1340 2
5 16 1424 11
5 5 1424 8
2 15 946 9
2 2 946 1
3 4 32 11
3 3 32 8
10 10 409 4
13 13 956 38
12 12 644 41
17 4 1296 5
17 17 1296 6
2 17 1090 2
2 2 1090 12
0 16 1150 12
0 0 1150 20
6 6 1262 1
6 9 1231 10
6 6 1231 12
17 13 128 3
17 17 128 2
8 8 4 6
11 11 618 6
10 10 1035 24
15 8 985 12
15 15 985 2
1 19 432 1
1 1 432 1
2 2 107 6
2 17 724 13
2 2 724 2
3 3 661 9
6 6 313 33
15 17 1316 4
15 15 1316 6
3 3 181 3
0 19 994 14
0 0 994 13
2 2 465 18
4 4 1033 3
7 7 673 10
9 9 1218 23
16 0 285 7
16 16 285 5
17 17 673 5
15 17 170 13
15 15 170 1
2 9 1194 12
2 2 1194 10
19 19 175 1
2 6 909 3
2 2 909 9
2 0 209 10
2 2 209 14
6 14 22 2
6 6 22 1
19 0 1292 2
19 19 1292 7
7 7 1334 9
9 16 1107 10
9 9 1107 28
14 14 683 4
0 0 219 12
1 8 195 8
1 1 195 5
3 16 960 13
3 3 960 6
19 14 367 10
19 19 367 1
1 15 1098 14
1 1 1098 3
15 6 550 4
15 15 550 4
0 0 261 4
1 0 4 5
1 1 4 3
0 3 1252 12
0 0 1252 1
3 3 199 5
3 12 1105 6
3 3 1105 2
10 10 681 2
10 10 226 15
1 1 1202 11
15 3 1325 2
15 15 1325 18
16 6 74 1
16 16 74 7
16 9 543 6
16 16 543 26
19 5 1245 4
19 19 1245 4
19 19 71 2
19 13 945 11
19 19 945 1
17 17 1292 2
16 16 217 16
17 17 662 11
1 11 736 1
1 1 736 6
2 11 347 7
2 2 347 5
19 19 619 5
3 3 46 9
3 7 485 4
3 3 485 2
8 8 419 6
13 13 495 7
9 9 238 20
17 6 606 8
17 17 606 10
16 16 419 27
16 11 872 7
16 16 872 1
1 1 942 9
1 7 1394 2
1 1 1394 5
5 5 1081 28
17 18 759 14
17 17 759 5
11 11 47 22
11 14 498 5
11 11 498 5
9 9 983 21
17 8 1070 12
17 17 1070 11
15 9 410 3
15 15 410 10
1 1 991 17
18 18 919 16
3 3 204 11
5 5 208 3
17 18 1081 5
17 17 1081 8
9 9 1379 4
15 18 1322 6
15 15 1322 3
15 14 1249 7
15 15 1249 1
15 16 604 1
15 15 604 3
17 17 85 2
3 9 349 4
3 3 349 2
3 7 784 11
3 3 784 17
7 7 381 5
16 16 267 5
18 18 236 17
2 14 338 12
2 2 338 8
19 18 624 4
19 19 624 10
3 3 23 4
11 11 1149 17
15 7 903 7
15 15 903 6
17 8 300 8
17 17 300 2
1 7 618 11
1 1 618 5
19 19 298 5
2 16 229 4
2 2 229 6
6 6 1032 13
8 8 57 33
1 1 1387 7
11 7 36 8
11 11 36 4
16 16 1183 19
15 10 1145 14
15 15 1145 16
15 18 564 5
15 15 564 14
8 8 268 18
18 18 603 8
19 17 411 5
19 19 411 10
2 10 673 10
2 2 673 1
8 0 830 8
8 8 830 21
9 9 30 20
17 17 751 8
0 10 1015 4
0 0 1015 19
2 5 442 11
2 2 442 7
2 2 999 6
2 4 592 3
2 2 592 4
8 8 450 9
9 9 1269 13
16 16 500 8
17 17 660 2
2 4 1207 3
2 2 1207 5
15 12 420 4
15 15 420 8
2 12 918 12
2 2 918 3
4 4 918 12
8 8 1223 11
9 15 1016 10
9 9 1016 8
16 2 316 14
16 16 316 3
17 19 293 5
17 17 293 1
18 18 118 18
16 16 1174 9
12 12 831 14
19 19 579 3
16 16 1360 6
17 17 764 17
16 17 516 14
16 16 516 8
2 6 1311 1
2 2 1311 6
19 8 529 1
19 19 529 2
3 3 471 4
3 3 331 2
7 19 830 14
7 7 830 2
10 17 1268 10
10 10 1268 19
17 6 1023 9
17 17 1023 2
14 14 163 21
19 1 1377 10
19 19 1377 1
2 5 292 7
2 2 292 6
1 1 1346 8
7 7 776 13
16 0 1316 13
16 16 1316 9
18 18 420 12
6 6 1186 13
8 8 861 34
6 6 824 41
0 0 481 11
2 7 691 9
2 2 691 6
4 1 870 10
4 4 870 1
6 6 1085 30
5 3 203 1
5 5 203 4
13 13 187 3
17 17 1186 6
18 18 326 4
1 14 262 9
1 1 262 9
1 9 1127 8
1 1 1127 2
15 15 877 2
17 9 877 2
17 17 877 10
5 19 1164 6
5 5 1164 6
16 11 628 4
16 16 628 17
3 3 1387 12
7 7 836 6
10 0 1102 6
10 10 1102 4
15 15 327 7
19 17 1056 1
19 19 1056 3
14 14 687 2
19 9 53 9
19 19 53 7
4 4 43 6
8 4 46 4
8 8 46 8
17 0 1034 10
17 17 1034 23
16 16 30 17
15 6 510 3
15 15 510 1
18 18 302 5
0 0 1223 1
19 19 1262 1
2 0 1297 8
2 2 1297 2
19 17 978 11
19 19 978 3
4 19 1020 3
4 4 1020 4
8 0 930 10
8 8 930 6
8 8 503 24
9 6 463 7
9 9 463 9
9 9 597 3
19 5 217 5
19 19 217 1
8 8 561 6
2 18 1274 11
2 2 1274 2
19 14 1299 11
19 19 1299 10
15 5 434 8
15 15 434 6
2 4 786 5
2 2 786 1
17 11 1310 3
17 17 1310 10
9 9 479 8
2 11 989 12
2 2 989 4
16 16 290 9
14 14 301 8
1 1 828 8
9 9 549 17
18 18 1032 33
3 18 740 10
3 3 740 17
3 11 1211 11
3 3 1211 6
7 10 148 4
7 7 148 7
17 11 1180 6
17 17 1180 3
0 16 979 1
0 0 979 15
19 19 548 14
1 4 1137 3
1 1 1137 3
4 4 1242 6
9 9 496 13
0 8 29 12
0 0 29 7
18 18 660 19
1 1 1343 3
0 11 327 13
0 0 327 1
2 12 749 1
2 2 749 2
19 11 201 13
19 19 201 9
3 13 1043 11
3 3 1043 10
16 16 1325 32
14 14 1320 6
14 14 763 9
0 11 827 4
0 0 827 4
0 6 1237 6
0 0 1237 15
3 10 278 9
3 3 278 23
8 8 961 6
10 11 614 4
10 10 614 13
6 6 865 28
11 11 214 8
15 5 1227 8
15 15 1227 1
1 2 678 3
1 1 678 9
2 10 527 3
2 2 527 3
12 12 756 2
15 7 888 12
15 15 888 3
16 16 767 15
19 14 231 12
19 19 231 2
4 4 113 1
15 15 1252 2
11 11 993 8
13 13 1021 14
3 11 1351 8
3 3 1351 6
13 13 1054 11
19 6 1079 5
19 19 1079 5
2 2 1029 3
0 12 1085 9
0 0 1085 22
6 6 804 20
11 11 683 26
12 12 64 12
16 9 968 2
16 16 968 5
1 16 497 11
1 1 497 1
2 2 42 4
13 13 174 12
4 4 151 9
6 6 183 57
19 15 510 8
19 19 510 3
7 2 593 14
7 7 593 6
9 9 1202 4
17 17 736 1
17 19 36 13
17 17 36 18
1 8 703 7
1 1 703 2
19 19 562 5
5 5 1322 8
4 4 294 6
7 15 332 3
7 7 332 2
7 7 795 1
10 10 13 9
15 18 1418 5
8 8 1248 7
15 14 316 11
15 15 316 3
2 3 1133 4
2 2 1133 2
19 9 236 2
19 19 236 7
1 11 1289 1
1 1 1289 14
3 7 573 3
3 3 573 11
8 8 1169 17
5 8 449 1
5 5 449 4
11 11 595 1
1 13 918 9
1 1 918 2
18 18 76 15
2 13 178 9
2 2 178 1
3 12 247 13
3 3 247 4
4 18 15 14
4 4 15 2
7 17 114 5
7 7 114 1
13 13 700 55
16 16 975 5
0 14 777 4
0 0 777 6
2 14 622 5
2 2 622 11
15 7 1378 5
15 15 1378 1
13 13 355 6
15 2 660 4
15 15 660 5
2 8 363 6
2 2 363 2
1 6 1425 9
1 1 1425 3
3 14 405 2
3 3 405 4
8 0 1033 1
8 8 1033 7
5 5 441 1
9 9 1028 8
11 11 341 1
13 13 1354 32
16 10 106 13
16 16 106 5
2 8 839 12
2 2 839 1
4 1 103 11
4 4 103 10
4 4 444 25
7 7 1388 2
15 2 1023 9
15 15 1023 3
13 13 1040 14
19 19 1093 4
0 0 145 38
4 6 246 1
4 4 246 29
6 6 790 12
18 18 202 8
16 7 1298 11
16 16 1298 15
15 1 1201 1
15 15 1201 3
16 4 113 14
16 16 113 11
1 7 792 4
1 1 792 3
18 18 982 28
13 13 1128 11
1 0 1068 4
1 1 1068 29
7 2 583 14
7 7 583 2
1 16 458 11
1 1 458 10
17 17 22 3
19 6 818 6
19 19 818 1
4 4 1214 1
14 14 772 9
14 18 144 5
14 14 144 15
17 17 348 3
1 14 237 7
1 1 237 2
2 7 862 3
2 2 862 11
3 1 555 13
3 3 555 12
8 19 724 6
8 8 724 35
4 1 1357 13
4 4 1357 17
9 10 381 5
9 9 381 25
19 15 697 14
19 19 697 4
17 17 1111 6
16 16 942 1
19 19 1098 15
19 19 363 4
3 8 1039 14
3 3 1039 1
5 6 799 5
5 5 799 6
16 16 104 2
19 3 37 9
19 19 37 2
18 18 1127 10
8 8 1021 6
7 7 700 8
19 6 732 7
19 19 732 2
4 4 686 6
12 1 521 7
12 12 521 11
4 11 966 14
4 4 966 5
8 8 1079 2
8 8 588 52
11 15 1058 14
11 11 1058 13
11 11 323 1
1 1 1121 6
15 8 860 1
15 15 860 1
2 2 1142 4
0 8 549 12
0 0 549 19
4 4 536 3
6 6 1243 19
7 7 1378 5
15 1 440 7
15 15 440 7
18 17 492 5
18 18 492 4
0 0 1322 6
19 7 368 13
19 19 368 9
3 18 605 6
3 3 605 4
7 14 1109 9
7 7 1109 11
12 12 433 14
16 16 111 2
17 17 119 3
18 18 383 24
2 2 453 1
19 17 481 12
19 19 481 3
19 8 916 1
19 19 916 1
9 9 539 9
14 14 243 1
16 14 579 6
16 16 579 8
19 13 1329 6
19 19 1329 3
18 12 859 7
18 18 859 1
16 16 1019 1
2 17 929 4
2 2 929 11
5 5 1203 3
8 8 1396 22
8 11 1086 13
8 8 1086 2
3 11 1298 1
3 3 1298 1
4 9 275 12
4 4 275 12
17 8 1019 2
17 17 1019 2
13 13 1194 35
15 6 1050 3
15 15 1050 14
19 19 264 16
4 4 425 19
11 16 2 2
11 11 2 23
17 13 1089 11
17 17 1089 3
14 14 13 1
0 0 305 11
19 19 377 9
1 12 1158 4
1 1 1158 44
5 5 1109 55
16 16 1287 8
11 11 1099 5
14 10 444 12
14 14 444 25
2 2 1318 1
19 9 486 1
19 19 486 8
3 6 352 1
3 3 352 5
3 1 823 5
3 3 823 6
4 4 1028 4
11 11 861 18
13 12 252 10
13 13 252 7
16 17 698 5
16 16 698 2
3 16 58 10
3 3 58 3
6 6 976 18
11 11 1104 2
19 14 680 10
19 19 680 3
15 18 930 11
15 15 930 8
19 19 708 1
8 8 1347 4
4 4 91 5
3 4 981 6
3 3 981 3
9 9 144 17
12 12 916 14
17 4 909 9
17 17 909 14
17 19 464 6
17 17 464 10
18 18 628 23
3 1 216 2
3 3 216 8
6 6 681 28
4 4 1148 30
10 10 241 46
11 11 709 15
15 2 1173 5
15 15 1173 6
16 2 93 14
16 16 93 6
15 19 63 8
15 15 63 8
16 1 850 7
16 16 850 4
2 19 0 4
2 2 0 16
4 4 377 4
8 8 914 3
7 12 683 5
7 7 683 1
10 15 1238 14
10 10 1238 19
2 15 248 2
2 2 248 1
19 9 1343 13
19 19 1343 11
2 16 326 11
2 2 326 1
2 3 947 9
2 2 947 9
3 3 502 3
5 5 390 7
7 8 1159 5
7 7 1159 5
14 14 673 1
1 1 201 6
2 5 249 7
2 2 249 9
4 4 66 14
6 6 1297 9
3 10 1425 4
3 3 1425 5
15 15 1350 8
17 8 902 12
17 17 902 7
16 16 906 3
0 0 884 8
1 1 122 11
3 11 1131 4
3 3 1131 5
17 12 535 9
17 17 535 3
2 13 27 4
2 2 27 4
7 7 213 3
14 14 1118 14
17 18 861 2
17 17 861 16
13 0 1295 2
13 13 1295 8
2 5 321 13
2 2 321 3
3 16 40 12
3 3 40 4
6 6 23 1
7 12 415 13
7 7 415 14
9 9 964 6
11 6 984 10
11 11 984 1
16 10 711 3
16 16 711 23
1 7 543 2
1 1 543 6
1 1 1400 6
4 4 764 7
8 2 1186 1
8 8 1186 14
7 7 435 5
7 7 44 28
7 1 1350 4
7 7 1350 5
12 12 1368 12
0 17 1253 5
0 0 1253 41
3 3 198 1
12 12 994 2
17 17 83 2
2 2 425 10
2 10 18 4
2 2 18 2
2 2 607 3
3 19 1249 13
3 3 1249 1
7 11 263 8
7 7 263 22
15 15 711 9
0 0 36 4
18 18 703 5
11 11 1186 2
16 7 1034 7
16 16 1034 14
16 12 873 3
16 16 873 4
0 0 366 1
1 9 528 11
1 1 528 5
1 10 219 7
1 1 219 14
19 17 180 5
19 19 180 18
3 15 968 14
3 3 968 4
6 6 409 2
7 16 37 11
7 7 37 7
11 11 667 14
13 13 830 20
15 10 558 1
15 15 558 6
0 8 285 14
0 0 285 7
0 7 834 2
0 0 834 4
2 8 122 6
2 2 122 5
4 4 1129 11
17 17 111 1
15 12 607 4
15 15 607 11
1 1 306 3
2 19 1005 14
2 2 1005 18
4 17 793 4
4 4 793 8
3 3 977 4
19 14 1276 9
19 19 1276 3
11 11 268 3
15 0 785 9
15 15 785 5
16 11 209 13
16 16 209 7
14 0 892 2
14 14 892 2
19 4 1362 12
19 19 1362 8
2 4 924 6
2 2 924 5
4 4 595 5
5 16 1387 6
5 5 1387 18
4 15 485 7
4 4 485 31
3 18 1399 14
3 3 1399 21
7 10 397 12
7 7 397 3
8 8 851 10
10 13 1106 6
10 10 1106 7
13 13 113 16
16 18 411 9
16 16 411 8
2 13 783 5
2 2 783 1
3 12 167 6
3 3 167 7
6 6 762 7
4 19 335 11
4 4 335 4
10 3 1061 14
10 10 1061 25
3 0 1217 6
3 3 1217 23
13 13 1112 2
0 19 276 6
0 0 276 6
0 0 1188 2
9 9 29 1
11 11 737 1
19 16 1064 3
19 19 1064 6
15 19 676 1
15 15 676 9
15 17 19 2
15 15 19 7
0 5 387 3
0 0 387 11
0 19 968 3
0 0 968 11
3 3 325 2
7 3 192 7
7 7 192 5
9 9 1268 1
15 15 798 3
18 18 228 8
2 1 298 4
2 2 298 1
17 14 822 14
17 17 822 14
19 11 1005 7
19 19 1005 3
1 1 959 4
2 13 1063 2
2 2 1063 2
0 0 1115 7
15 15 1184 1
14 14 1357 2
5 5 397 26
0 0 848 2
2 18 697 6
2 2 697 1
4 19 1119 6
4 4 1119 10
1 0 783 1
1 1 783 1
5 3 197 1
5 5 197 2
16 15 1202 3
16 16 1202 8
12 16 578 9
12 12 578 33
17 6 1192 7
17 17 1192 2
15 15 685 4
16 16 799 13
2 18 1023 9
2 2 1023 6
19 3 967 10
19 19 967 4
5 5 557 17
11 11 314 5
1 17 714 1
1 1 714 5
1 16 1323 2
1 1 1323 10
3 1 475 3
3 3 475 10
10 18 1092 11
10 10 1092 10
15 15 916 13
15 3 323 2
15 15 323 3
19 19 1050 2
0 12 749 9
0 0 749 12
10 10 308 2
13 13 809 4
2 17 71 14
2 2 71 15
4 0 871 11
4 4 871 20
4 15 371 5
4 4 371 6
19 10 860 9
19 19 860 5
11 11 799 15
13 13 186 1
14 14 934 26
3 3 435 8
3 17 1245 4
3 3 1245 1
15 18 778 8
15 15 778 1
9 9 920 26
10 10 22 34
15 16 876 1
15 15 876 1
15 11 731 14
15 15 731 7
19 8 1385 2
19 19 1385 1
2 10 873 4
2 2 873 2
5 14 1350 9
5 5 1350 4
17 8 719 3
17 17 719 12
19 17 763 1
19 19 763 3
11 11 384 10
13 13 1266 6
19 2 1059 6
19 19 1059 1
17 17 493 4
11 11 74 6
18 19 1010 14
18 18 1010 22
15 4 1111 8
15 15 1111 1
17 3 604 5
17 17 604 2
0 0 505 10
19 19 433 4
19 10 868 13
19 19 868 18
7 7 158 34
11 12 1345 1
11 11 1345 14
6 6 1184 2
17 6 749 13
17 17 749 2
15 11 110 5
15 15 110 4
2 11 1262 5
2 2 1262 10
18 6 779 11
18 18 779 7
2 2 388 17
1 16 1151 2
1 1 1151 7
5 5 1342 8
14 14 1028 32
4 4 1301 56
5 5 1268 15
3 14 457 12
3 3 457 14
6 6 493 20
7 7 497 13
11 11 1176 4
17 8 964 3
17 17 964 7
15 5 337 3
15 15 337 8
1 11 898 3
1 1 898 12
0 16 763 4
0 0 763 3
2 15 787 11
2 2 787 1
7 3 973 11
7 7 973 13
16 4 347 3
16 16 347 8
12 12 408 11
17 17 597 2
16 13 987 7
16 16 987 2
2 11 492 11
2 2 492 1
2 0 642 1
2 2 642 1
3 7 1210 9
3 3 1210 1
4 6 1409 7
4 4 1409 2
15 10 1229 8
15 15 1229 16
0 0 1305 17
3 3 417 10
3 15 884 7
3 3 884 11
7 13 804 5
7 7 804 26
19 12 672 13
19 19 672 5
17 16 375 5
17 17 375 5
19 13 225 8
19 19 225 3
1 8 1342 5
1 1 1342 1
4 4 127 20
4 11 907 6
4 4 907 7
5 5 478 2
2 12 55 9
2 2 55 2
7 0 494 11
7 7 494 3
9 9 795 65
13 13 858 3
12 12 845 21
14 14 665 4
18 18 91 3
1 8 49 8
1 1 49 2
2 12 161 12
2 2 161 1
6 6 802 2
6 6 375 1
15 15 528 10
1 19 511 8
1 1 511 17
11 4 592 8
11 11 592 3
2 17 669 12
2 2 669 1
6 6 616 12
5 5 843 19
7 3 140 5
7 7 140 2
13 13 165 9
15 7 1226 1
15 15 1226 1
16 16 609 19
1 1 1097 1
10 10 957 25
18 19 186 13
18 18 186 9
10 19 1257 14
10 10 1257 11
15 15 891 1
1 7 726 11
1 1 726 10
0 5 602 2
0 0 602 2
2 8 265 3
2 2 265 6
4 18 114 4
4 4 114 13
8 8 117 3
17 17 950 14
1 17 924 7
1 1 924 6
2 2 741 3
4 16 692 8
4 4 692 38
19 19 346 9
6 6 366 9
16 16 4 2
19 1 17 4
19 19 17 2
2 5 660 7
2 2 660 4
3 3 725 5
8 8 286 13
17 17 852 1
11 5 206 2
11 11 206 6
13 13 361 49
15 11 654 13
15 15 654 3
0 19 1303 6
0 0 1303 2
12 12 494 1
19 12 1000 4
19 19 1000 5
8 14 1027 1
8 8 1027 6
3 18 1337 8
3 3 1337 10
8 12 493 1
8 8 493 10
3 13 854 7
3 3 854 1
7 7 737 19
15 11 319 5
15 15 319 4
15 10 234 7
15 15 234 5
16 16 1001 1
3 9 1011 13
3 3 1011 20
6 6 470 14
11 17 25 7
11 11 25 4
15 15 428 5
1 9 917 3
1 1 917 1
2 2 179 2
2 4 764 10
2 2 764 11
3 11 589 6
3 3 589 16
8 7 694 2
8 8 694 16
6 6 353 13
7 7 1415 5
13 13 699 1
15 5 477 3
15 15 477 4
19 19 461 9
1 7 1066 13
1 1 1066 2
4 15 834 4
4 4 834 11
3 3 730 2
3 3 1169 14
8 8 261 7
2 2 1349 1
1 12 1337 8
1 1 1337 1
12 15 532 8
12 12 532 12
19 0 1309 13
19 19 1309 1
4 4 977 2
5 5 627 38
0 15 240 5
0 0 240 8
11 11 340 1
16 6 1082 3
16 16 1082 19
16 16 340 5
14 14 820 16
19 1 244 2
19 19 244 2
19 7 683 2
19 19 683 14
3 13 110 3
3 3 110 2
4 3 96 7
4 4 96 7
17 4 1117 12
17 17 1117 9
14 14 1166 31
17 16 296 13
17 17 296 4
0 15 711 9
0 0 711 30
19 19 792 8
12 12 637 7
8 8 242 16
14 5 1225 10
14 14 1225 22
19 16 933 1
19 19 933 1
12 12 969 25
1 10 450 1
1 1 450 5
2 7 614 10
2 2 614 8
3 1 707 12
3 3 707 9
8 17 1015 10
8 8 1015 5
6 6 166 13
15 15 801 2
17 6 21 2
17 17 21 1
18 18 1331 14
2 16 940 3
2 2 940 4
2 13 537 4
2 2 537 1
3 19 413 13
3 3 413 2
4 4 1215 25
10 19 483 1
10 10 483 11
9 9 1036 16
16 15 136 10
16 16 136 21
18 18 44 4
19 19 253 11
1 5 1306 4
1 1 1306 15
12 12 881 35
15 16 967 13
15 15 967 7
16 16 943 10
0 0 292 13
18 0 520 7
18 18 520 4
2 12 133 12
2 2 133 1
3 3 228 7
15 18 1358 14
15 15 1358 2
6 6 709 7
5 7 798 2
5 5 798 1
11 11 1290 9
14 14 1285 3
13 13 259 29
1 1 784 5
2 15 52 4
2 2 52 3
19 19 910 5
3 10 1183 5
3 3 1183 3
5 12 724 11
5 5 724 12
10 18 539 9
10 10 539 12
10 9 84 9
10 10 84 11
11 10 814 4
11 11 814 11
15 13 1395 6
15 15 1395 3
12 12 1111 2
15 9 741 14
15 15 741 1
19 19 1323 1
19 19 1023 1
3 18 857 3
3 3 857 1
3 1 1324 13
3 3 1324 3
7 5 769 12
7 7 769 7
9 19 610 9
9 9 610 20
16 12 322 1
16 16 322 15
15 7 193 8
15 15 193 18
3 3 505 9
11 4 1106 10
11 11 1106 10
1 1 719 7
16 16 934 8
3 17 237 3
3 3 237 2
4 4 229 1
6 6 769 21
19 19 1181 6
19 19 709 1
15 9 847 13
15 15 847 2
12 5 101 7
12 12 101 20
13 13 881 46
0 17 426 3
0 0 426 7
4 12 831 14
4 4 831 3
8 8 997 18
7 7 290 6
10 3 95 8
10 10 95 13
16 16 1424 11
12 11 513 6
12 12 513 8
15 2 738 3
15 15 738 3
16 18 1163 3
16 16 1163 4
1 13 666 9
1 1 666 5
8 8 1418 2
1 16 874 4
1 1 874 5
2 3 838 5
2 2 838 1
9 9 1086 5
16 16 782 2
17 4 144 7
17 17 144 24
2 14 1102 14
2 2 1102 3
18 18 747 3
0 1 1122 7
0 0 1122 1
6 10 434 2
6 6 434 3
7 7 448 4
14 7 1380 6
14 14 1380 10
18 18 945 12
1 1 111 3
2 13 151 14
2 2 151 3
8 8 797 19
19 10 1255 13
19 19 1255 7
17 14 975 10
17 17 975 9
15 6 634 7
15 15 634 4
14 14 1014 6
2 14 1319 1
2 2 1319 1
3 2 822 1
3 3 822 1
19 9 959 5
19 19 959 5
16 18 189 13
16 16 189 4
7 7 685 9
19 1 955 4
19 19 955 4
15 11 828 13
15 15 828 7
2 17 1238 4
2 2 1238 1
19 13 163 11
19 19 163 4
19 10 598 14
19 19 598 12
3 1 61 11
3 3 61 2
3 3 1306 2
17 3 1365 7
17 17 1365 14
15 16 280 4
15 15 280 3
13 13 813 13
6 7 437 11
6 6 437 33
7 7 900 10
15 15 1127 11
15 4 393 6
15 15 393 7
0 0 265 8
0 0 894 3
18 18 1086 14
0 0 1034 10
8 8 238 2
12 12 27 27
14 14 1310 9
17 1 1226 11
17 17 1226 6
1 1 302 4
19 16 494 14
19 19 494 4
2 9 586 11
2 2 586 6
4 13 1036 4
4 4 1036 13
10 10 1019 7
3 4 1031 2
3 3 1031 8
12 5 567 14
12 12 567 11
4 17 624 7
4 4 624 22
19 11 1342 1
19 19 1342 1
2 18 327 3
2 2 327 3
2 17 944 6
2 2 944 1
5 7 1407 8
5 5 1407 1
10 19 935 9
10 10 935 4
10 18 1190 11
10 10 1190 10
15 11 938 9
15 15 938 9
17 17 462 2
17 9 130 14
17 17 130 5
1 1 200 1
18 18 1190 11
19 11 716 8
19 19 716 14
15 16 987 14
15 15 987 4
1 16 963 5
1 1 963 3
13 13 1252 14
19 4 1403 9
19 19 1403 1
12 12 996 8
14 14 960 4
0 0 447 17
19 4 64 2
19 19 64 3
17 1 97 14
17 17 97 14
10 10 994 18
11 2 1415 5
17 13 542 10
17 17 542 4
4 18 1178 12
4 4 1178 1
11 4 366 2
11 11 366 12
15 6 947 2
15 15 947 8
17 1 304 2
17 17 304 3
3 3 184 14
4 12 391 5
4 4 391 2
1 1 892 4
11 4 40 3
11 11 40 3
1 1 114 8
3 3 1107 20
8 8 327 8
12 10 9 4
12 12 9 14
13 13 288 4
19 17 73 10
19 19 73 1
19 9 508 4
19 19 508 2
19 11 947 13
19 19 947 4
4 19 360 3
4 4 360 8
17 17 1134 22
9 15 566 12
9 9 566 31
11 15 278 5
11 11 278 25
15 17 779 2
15 15 779 6
15 12 189 4
15 15 189 4
1 12 742 14
1 1 742 6
0 0 1294 3
3 18 487 9
3 3 487 4
5 5 181 6
7 7 1268 41
17 17 998 21
15 6 375 10
15 15 375 1
0 5 367 1
0 0 367 6
1 1 218 1
2 0 200 1
2 2 200 8
2 15 821 14
2 2 821 2
4 3 49 6
4 4 49 1
6 6 533 7
15 3 1138 4
15 15 1138 2
17 17 631 4
19 19 1143 6
1 1 384 4
8 8 825 5
8 8 131 50
11 11 190 2
16 14 1380 10
16 16 1380 6
15 13 1251 1
15 15 1251 1
17 17 75 4
19 10 952 5
19 19 952 3
3 19 351 4
3 3 351 1
4 4 1273 4
11 11 271 6
13 13 31 6
17 17 657 3
16 3 679 4
16 16 679 1
5 2 1183 5
5 5 1183 3
5 5 587 17
9 19 1091 2
9 9 1091 9
17 17 991 7
18 11 432 13
18 18 432 60
1 3 211 4
1 1 211 4
6 6 1206 10
16 8 1 3
16 16 1 3
17 11 616 2
17 17 616 15
15 7 493 4
15 15 493 2
0 0 858 24
6 6 20 2
2 3 703 13
2 2 703 2
3 3 311 10
5 14 199 4
5 5 199 1
5 17 877 10
5 5 877 25
11 3 1373 7
11 11 1373 7
17 9 1379 4
17 17 1379 5
16 2 186 13
16 16 186 3
2 2 440 2
12 12 424 4
15 8 254 7
15 15 254 1
6 6 549 5
4 4 1248 5
2 16 1150 2
2 2 1150 12
15 5 793 12
15 15 793 5
17 16 650 8
17 17 650 4
14 14 836 19
19 19 1370 4
1 13 187 3
1 1 187 8
2 8 299 10
2 2 299 5
19 19 635 23
5 5 1363 6
14 14 291 4
17 9 1421 5
5 5 1235 14
19 16 309 10
19 19 309 7
2 2 775 1
11 11 1380 4
3 5 1420 3
3 3 1420 5
9 19 1282 10
9 9 1282 49
10 0 1424 7
10 10 1424 5
11 11 482 5
15 19 490 8
15 15 490 2
2 0 1386 1
2 2 1386 1
19 6 857 8
19 19 857 3
5 5 667 19
12 12 54 6
2 2 1309 2
2 9 435 6
2 2 435 5
19 15 531 7
19 19 531 1
2 7 553 4
2 2 553 6
3 0 333 13
3 3 333 6
6 6 540 9
8 8 459 28
10 10 902 33
10 19 108 11
10 10 108 11
13 13 582 76
17 18 643 8
17 17 643 7
19 15 325 2
19 19 325 2
3 3 1380 7
8 8 90 27
7 14 386 6
7 7 386 11
1 13 697 2
1 1 697 6
11 11 394 2
15 4 965 12
15 15 965 2
17 16 206 11
17 17 206 23
13 4 1272 1
13 13 1272 23
1 12 951 7
1 1 951 8
0 11 1107 10
0 0 1107 1
3 3 619 12
8 8 41 5
10 0 760 6
10 10 760 15
8 3 1255 10
8 8 1255 25
16 16 25 5
17 17 429 32
6 6 376 9
7 7 1108 1
10 10 132 1
9 9 1172 19
16 5 168 13
16 16 168 1
1 19 260 4
1 1 260 2
7 18 1099 7
7 7 1099 2
15 1 879 4
15 15 879 5
15 14 145 14
15 15 145 1
1 12 706 9
1 1 706 8
2 16 317 5
2 2 317 4
3 17 12 13
3 3 12 2
16 16 854 4
2 2 1078 12
0 5 741 2
0 0 741 8
17 8 420 5
17 17 420 9
2 7 793 8
2 2 793 19
3 18 1063 2
3 3 1063 2
8 8 667 5
11 11 1267 1
18 3 300 11
18 18 300 2
2 16 95 9
2 2 95 5
17 17 183 2
12 12 958 11
15 3 105 2
15 15 105 3
19 8 1280 12
19 19 1280 12
3 3 443 7
5 17 542 4
5 5 542 7
11 16 1034 14
11 11 1034 24
3 2 1206 12
3 3 1206 3
15 14 884 10
15 15 884 4
16 1 1389 11
16 16 1389 4
14 14 857 35
2 6 1182 4
2 2 1182 5
5 5 943 30
10 10 795 6
15 8 1070 11
15 15 1070 2
16 16 784 15
0 0 183 18
2 9 784 7
2 2 784 2
5 18 816 4
5 5 816 5
8 13 1020 1
8 8 1020 1
14 14 1319 1
17 17 1025 9
15 3 522 1
15 15 522 6
0 0 1387 5
2 2 86 1
2 3 643 13
2 2 643 3
5 5 833 10
7 7 605 19
7 7 1064 15
15 15 1228 1
15 18 699 9
15 15 699 12
18 18 182 4
2 3 562 8
2 2 562 24
3 3 416 1
6 6 513 20
19 4 1060 10
19 19 1060 4
7 7 344 3
15 4 296 14
15 15 296 19
17 17 185 21
2 0 271 2
2 2 271 8
19 8 663 4
19 19 663 4
3 3 122 5
3 3 900 2
6 6 912 7
7 7 489 5
16 0 1125 1
16 16 1125 6
15 8 345 3
15 15 345 5
2 2 1032 11
12 12 1243 12
5 3 825 9
5 5 825 5
1 1 643 23
16 9 1268 1
16 16 1268 13
15 2 1188 2
15 15 1188 10
0 0 1378 9
17 9 283 14
17 17 283 5
17 5 1304 10
17 17 1304 6
3 11 1186 12
3 3 1186 8
10 10 612 2
9 9 756 12
17 10 853 2
17 17 853 8
10 14 1287 1
10 10 1287 12
19 5 966 7
19 19 966 1
16 16 157 11
17 2 33 9
17 17 33 3
0 0 940 14
0 0 1297 6
19 9 994 10
19 19 994 2
8 8 1053 25
8 8 487 6
8 8 1078 1
9 9 946 18
2 2 1187 1
10 11 1174 2
10 10 1174 14
12 12 758 3
16 16 812 2
19 19 233 3
8 14 10 3
8 8 10 4
3 14 909 8
3 3 909 19
10 7 851 6
10 10 851 4
11 11 438 7
15 5 1003 10
15 15 1003 4
1 1 915 2
4 4 930 3
3 16 240 7
3 3 240 3
12 12 399 9
15 2 471 12
15 15 471 6
2 1 40 14
2 2 40 2
19 19 890 12
2 2 1272 2
1 1 352 10
3 3 430 5
4 4 288 6
7 7 334 10
7 0 789 5
7 7 789 4
17 17 797 8
15 15 245 5
19 19 677 3
9 9 369 12
11 9 1166 6
11 11 1166 10
15 9 1029 7
15 15 1029 8
17 17 497 4
0 7 343 1
0 0 343 3
13 13 1229 23
2 10 176 5
2 2 176 2
12 12 121 24
16 16 124 12
5 5 222 32
0 4 1392 8
0 0 1392 8
5 5 1408 4
1 1 863 11
19 19 730 2
17 6 1330 10
17 17 1330 27
12 12 930 28
17 1 19 12
17 17 19 2
0 0 954 14
2 2 361 2
2 6 543 6
2 2 543 2
10 10 1012 7
5 3 423 7
5 5 423 5
12 18 740 7
12 12 740 10
18 18 552 17
2 13 280 8
2 2 280 4
3 19 548 14
3 3 548 4
0 0 113 32
7 7 1390 6
15 15 1026 2
14 14 627 38
2 2 1045 3
2 19 756 10
2 2 756 5
9 9 1361 4
15 4 1204 11
15 15 1204 1
2 9 58 4
2 2 58 9
7 0 250 11
7 7 250 2
16 16 52 6
12 12 1113 25
15 5 74 11
15 15 74 4
0 0 76 30
2 1 352 13
2 2 352 9
19 4 1017 11
19 19 1017 2
10 10 855 14
11 8 1071 7
11 11 1071 28
15 7 849 8
15 15 849 11
16 13 742 14
16 16 742 4
1 1 568 7
7 7 1383 3
17 6 1109 6
17 17 1109 2
2 2 719 5
4 4 674 12
3 3 1137 5
1 19 1321 8
1 1 1321 2
15 0 844 14
15 15 844 3
13 14 684 5
13 13 684 15
15 19 631 3
15 15 631 3
19 18 39 11
19 19 39 3
3 14 372 6
3 3 372 2
8 8 308 1
9 9 93 51
15 8 1394 2
15 15 1394 1
17 17 887 9
17 0 698 4
17 17 698 5
2 15 1221 7
2 2 1221 1
5 5 1283 27
8 8 1081 1
6 6 996 1
7 4 768 13
7 7 768 1
16 16 1065 2
18 17 971 13
18 18 971 11
15 15 358 4
5 5 1013 68
10 6 801 1
10 10 801 17
17 16 1213 4
17 17 1213 13
11 11 632 4
14 14 8 5
0 17 316 14
0 0 316 2
1 1 21 10
2 4 157 3
2 2 157 4
4 4 230 16
3 3 1142 2
10 10 1363 5
17 17 546 26
17 12 117 4
17 17 117 2
19 19 1218 4
0 0 784 3
2 7 633 4
2 2 633 7
19 16 1052 3
19 19 1052 2
7 14 285 10
7 7 285 1
16 11 299 12
16 16 299 2
15 15 88 2
18 18 140 9
19 10 157 12
19 19 157 6
2 18 959 3
2 2 959 7
3 3 55 1
3 19 394 11
3 3 394 11
3 3 833 1
11 11 1117 18
7 17 708 8
7 7 708 29
19 3 752 5
19 19 752 8
11 11 378 6
16 11 480 2
16 16 480 1
0 0 201 18
1 9 253 7
1 1 253 3
0 15 1123 4
0 0 1123 2
19 11 705 4
19 19 705 3
8 8 25 16
7 7 910 5
3 3 1372 4
1 1 1008 21
18 10 1220 10
18 18 1220 40
2 2 705 14
8 1 339 6
8 8 339 9
10 13 699 1
10 10 699 15
14 18 1300 12
14 14 1300 10
17 12 1232 11
17 17 1232 3
1 1 468 4
15 3 407 2
15 15 407 3
5 2 10 6
5 5 10 17
7 5 684 2
7 7 684 1
11 11 226 7
10 4 325 10
10 10 325 2
13 13 250 2
12 12 1094 12
16 16 247 9
16 0 700 7
16 16 700 2
2 15 1239 11
2 2 1239 1
2 5 333 6
2 2 333 4
3 18 1309 6
3 3 1309 1
10 10 413 23
12 12 323 49
15 15 283 13
15 4 214 7
15 15 214 3
1 1 246 2
19 8 710 5
19 19 710 2
8 8 715 7
7 7 433 2
17 3 899 1
17 17 899 3
2 2 1420 8
19 3 823 10
19 19 823 21
6 6 240 7
19 1 865 14
19 19 865 3
16 16 1221 31
12 12 1006 69
15 13 578 4
15 15 578 26
18 18 656 1
17 15 1262 12
17 17 1262 16
18 18 1413 10
3 9 363 6
3 3 363 2
13 13 552 30
15 15 755 5
17 17 240 16
0 18 40 4
0 0 40 1
2 3 324 7
2 2 324 2
2 0 945 9
2 2 945 1
6 6 1412 4
5 3 607 12
5 5 607 13
7 0 879 5
7 7 879 1
1 5 207 11
1 1 207 1
19 14 280 11
19 19 280 2
7 14 1355 2
7 7 1355 23
19 17 1128 6
19 19 1128 8
4 4 646 28
14 7 1197 6
14 14 1197 28
17 4 746 6
17 17 746 3
17 6 88 12
17 17 88 9
1 19 883 7
1 1 883 9
19 11 67 2
19 19 67 4
16 16 848 2
10 10 572 23
14 14 1116 2
17 10 1288 11
17 17 1288 4
16 16 272 12
15 14 760 3
15 15 760 3
15 13 183 3
15 15 183 5
1 1 748 9
0 19 916 6
0 0 916 16
19 2 176 3
19 19 176 3
2 2 904 1
3 14 1291 9
3 3 1291 1
4 17 1179 7
4 4 1179 3
9 9 970 13
19 10 1024 11
19 19 1024 3
2 0 1112 14
2 2 1112 7
0 7 515 14
0 0 515 12
1 5 1406 2
1 1 1406 19
15 4 78 13
15 15 78 7
3 6 526 7
3 3 526 3
18 6 1260 2
18 18 1260 25
8 16 14 11
8 8 14 11
11 11 43 4
15 19 1140 3
15 15 1140 2
19 12 1137 1
19 19 1137 6
1 9 398 8
1 1 398 2
19 19 398 7
14 14 407 3
15 6 15 10
15 15 15 4
2 2 16 1
19 14 946 14
19 19 946 1
3 17 345 3
3 3 345 4
3 3 1251 13
10 10 551 8
19 10 42 14
19 19 42 7
12 12 1139 23
15 1 188 12
15 15 188 1
5 15 502 4
5 5 502 2
7 7 406 9
9 14 1011 9
9 9 1011 5
15 12 991 3
15 15 991 8
13 2 939 1
13 13 939 17
15 15 955 10
14 14 689 1
19 11 294 9
19 19 294 4
1 4 1399 12
1 1 1399 1
3 11 631 5
3 3 631 25
4 6 399 5
4 4 399 17
9 9 860 19
11 11 503 10
19 19 1008 2
1 6 988 8
1 1 988 3
8 8 335 4
9 9 305 3
11 8 746 13
11 11 746 13
11 11 177 13
15 15 1250 1
16 16 68 6
0 14 398 12
0 0 398 28
2 9 596 1
2 2 596 1
5 3 110 12
5 5 110 31
7 14 197 11
7 7 197 4
10 10 123 9
12 12 733 2
19 0 1397 3
19 19 1397 6
2 13 337 6
2 2 337 1
4 4 148 3
17 2 990 9
17 17 990 1
16 15 866 11
16 16 866 6
1 5 623 4
1 1 623 20
19 12 303 1
19 19 303 6
3 3 1075 2
5 5 256 6
7 9 28 1
7 7 28 9
10 2 1059 4
10 10 1059 2
16 16 1170 3
15 15 492 1
3 13 310 4
3 3 310 1
0 13 1343 5
0 0 1343 4
19 4 525 14
19 19 525 4
2 8 559 8
2 2 559 3
3 4 327 6
3 3 327 4
11 11 880 21
15 15 727 4
19 19 199 2
19 19 634 1
15 16 121 3
15 15 121 2
5 5 1362 1
5 5 504 6
8 8 1146 3
7 7 1310 20
11 13 404 6
11 11 404 23
13 13 1035 5
6 6 949 27
3 0 174 9
3 3 174 7
7 3 21 2
7 7 21 7
11 11 651 16
2 1 1387 12
2 2 1387 20
0 0 850 8
1 1 68 4
19 3 421 14
19 19 421 5
1 1 1266 4
5 16 207 10
5 5 207 1
18 4 136 12
18 18 136 4
13 13 756 4
15 4 1264 13
15 15 1264 5
15 13 26 11
15 15 26 18
18 7 330 4
18 18 330 32
3 1 771 1
3 3 771 7
7 18 646 14
7 7 646 5
7 16 1101 8
7 7 1101 7
16 16 380 13
16 4 193 9
16 16 193 16
0 17 11 11
0 0 11 7
1 12 179 13
1 1 179 8
2 11 876 4
2 2 876 16
4 9 469 10
4 4 469 13
9 9 1100 7
18 14 686 1
18 18 686 17
0 19 373 4
0 0 373 14
18 18 569 6
0 0 1108 3
1 1 1370 2
5 5 973 3
16 13 345 10
16 16 345 2
16 16 1152 1
15 12 135 13
15 15 135 8
19 8 1165 4
19 19 1165 5
19 19 426 5
2 19 654 13
2 2 654 1
5 5 200 3
5 1 862 1
5 5 862 15
10 10 133 19
13 13 323 20
16 6 169 10
16 16 169 17
14 18 932 3
14 14 932 2
19 19 1274 2
19 0 100 13
19 19 100 3
2 2 545 8
4 4 1008 12
4 4 333 2
17 2 1021 8
17 17 1021 2
12 12 189 3
14 12 855 14
14 14 855 2
1 6 705 4
1 1 705 1
3 3 450 7
19 19 470 2
15 11 1179 1
15 15 1179 5
9 9 54 8
1 12 1063 12
1 1 1063 3
13 13 410 26
14 14 88 7
17 7 276 14
17 17 276 7
1 1 1363 7
9 9 1331 25
14 16 1256 10
14 14 1256 29
16 6 17 7
16 16 17 8
15 9 507 2
15 15 507 3
19 19 1170 3
1 12 483 12
1 1 483 14
3 1 301 10
3 3 301 2
4 4 1103 13
10 12 627 3
10 10 627 15
19 19 944 1
14 14 378 14
17 17 54 19
0 16 106 5
0 0 106 6
19 6 983 14
19 19 983 11
8 2 1040 5
8 8 1040 13
7 13 354 7
7 7 354 15
7 7 756 10
7 11 1091 13
7 7 1091 8
6 6 554 25
17 11 380 4
17 17 380 16
19 3 218 10
19 19 218 3
15 2 1398 9
15 15 1398 7
11 15 545 10
11 11 545 44
7 0 1232 2
7 7 1232 30
12 12 1181 60
1 0 896 10
1 1 896 2
18 18 94 18
19 6 766 3
19 19 766 9
19 18 1318 13
19 19 1318 5
11 11 69 5
15 19 448 13
15 15 448 4
19 19 1179 2
2 15 87 3
2 2 87 8
2 10 640 2
2 2 640 2
4 7 1078 9
4 4 1078 25
4 4 1411 1
7 7 145 2
10 18 183 12
10 10 183 17
1 1 447 3
2 2 966 23
18 18 172 3
5 5 1317 3
6 6 75 25
7 1 347 1
7 7 347 7
19 17 449 13
19 19 449 8
15 3 892 5
15 15 892 9
2 12 1174 7
2 2 1174 4
18 18 1372 39
19 4 662 12
19 19 662 1
0 0 492 3
14 0 42 2
14 14 42 27
0 0 346 9
1 9 55 12
1 1 55 13
2 13 744 11
2 2 744 1
7 7 121 19
13 16 850 8
13 13 850 8
15 15 538 2
14 14 469 8
16 10 980 7
16 16 980 7
2 12 46 14
2 2 46 6
19 15 1378 12
19 19 1378 5
6 6 179 4
7 19 142 11
7 7 142 3
15 11 1305 10
15 15 1305 11
17 17 32 1
19 17 997 1
19 19 997 1
3 10 895 7
3 3 895 2
19 2 443 6
19 19 443 6
14 14 130 14
15 13 239 11
15 15 239 1
19 9 339 13
19 19 339 7
0 14 604 2
0 0 604 2
0 15 1409 2
0 0 1409 2
1 1 1333 4
3 9 1347 14
3 3 1347 4
19 8 1136 13
19 19 1136 1
10 17 327 3
10 10 327 8
16 16 1117 4
15 15 1087 17
14 14 1160 6
0 0 1072 1
3 7 243 4
3 3 243 1
3 11 1053 5
3 3 1053 3
11 11 1012 22
11 6 1305 1
11 11 1305 8
11 11 115 37
16 4 6 2
16 16 6 11
16 5 1259 9
16 16 1259 3
0 0 536 9
1 11 502 11
1 1 502 9
19 12 19 8
19 19 19 1
2 17 658 4
2 2 658 1
3 5 256 6
3 3 256 22
3 5 1194 9
3 3 1194 12
5 5 743 8
9 9 406 7
11 11 192 14
14 14 1132 28
15 8 1245 3
15 15 1245 4
17 5 25 9
17 17 25 7
0 0 932 2
19 2 128 6
19 19 128 25
19 18 567 8
19 19 567 10
2 18 517 8
2 2 517 10
5 3 445 5
5 5 445 4
9 9 487 9
10 10 511 8
9 9 1024 4
12 12 750 6
18 18 1358 14
3 6 107 5
3 3 107 3
6 8 1269 11
6 6 1269 15
10 10 718 42
11 11 596 2
12 12 304 19
15 4 1028 4
15 15 1028 1
12 12 1162 19
19 7 902 13
19 19 902 8
6 6 1053 31
15 15 1205 4
12 12 1305 26
16 2 962 4
16 16 962 6
1 1 772 11
0 9 1190 1
0 0 1190 23
5 5 1423 1
3 5 732 4
3 3 732 8
6 7 600 5
6 6 600 14
5 5 736 7
6 6 1084 1
7 18 252 1
7 7 252 11
9 9 741 14
17 9 1156 7
17 17 1156 1
1 1 345 3
1 1 693 4
19 15 1011 5
19 19 1011 6
4 4 979 8
10 10 1418 6
9 1 630 13
9 9 630 14
11 2 342 5
11 11 342 12
15 14 843 14
15 15 843 1
1 8 233 7
1 1 233 4
19 12 246 13
19 19 246 7
19 19 405 3
11 17 589 8
11 11 589 3
13 13 439 15
15 15 1016 7
14 14 624 3
16 11 989 4
16 16 989 1
3 4 225 5
3 3 225 3
3 2 692 13
3 3 692 2
5 5 141 3
7 7 100 14
17 10 787 8
17 17 787 8
16 10 569 3
16 16 569 10
2 3 462 9
2 2 462 3
0 8 1213 10
0 0 1213 10
4 4 1066 4
7 7 576 7
8 8 363 6
12 12 192 1
15 15 803 2
15 10 670 11
15 15 670 2
15 18 85 6
15 15 85 2
3 4 415 10
3 3 415 1
6 6 994 2
15 15 250 2
2 9 1146 9
2 2 1146 4
0 0 545 4
3 8 89 1
3 3 89 14
6 17 893 4
6 6 893 19
11 8 1215 7
11 11 1215 7
16 1 66 2
16 16 66 2
18 18 496 24
1 15 424 4
1 1 424 5
19 17 803 2
19 19 803 8
3 3 701 4
3 0 1136 3
3 3 1136 1
5 15 796 7
5 5 796 2
10 13 335 14
10 10 335 7
15 11 45 2
15 15 45 7
2 19 1363 7
2 2 1363 11
0 0 794 2
15 4 1001 7
15 15 1001 2
3 5 375 1
3 3 375 7
8 8 309 18
7 5 697 10
7 7 697 3
15 0 1405 6
15 15 1405 6
16 7 309 5
16 16 309 5
15 17 743 8
15 15 743 11
14 14 917 15
2 2 1218 3
18 18 863 23
2 2 376 11
8 8 1082 4
6 6 997 12
11 11 324 16
17 17 330 18
13 13 1401 6
0 17 568 4
0 0 568 34
0 3 1133 11
0 0 1133 6
4 4 539 4
3 0 533 3
3 3 533 7
3 7 1000 5
3 3 1000 11
15 18 974 8
15 15 974 8
4 4 591 1
1 2 417 8
1 1 417 6
2 6 154 12
2 2 154 3
3 12 239 7
3 3 239 1
7 7 545 12
12 12 428 5
13 13 314 9
2 7 1322 12
2 2 1322 18
19 14 153 10
19 19 153 4
4 4 825 4
3 13 819 7
3 3 819 3
7 16 694 9
7 7 694 2
11 13 236 12
11 11 236 32
12 12 246 13
15 14 817 3
15 15 817 1
15 7 91 9
15 15 91 7
18 18 1315 13
2 12 956 13
2 2 956 3
17 8 229 9
17 17 229 11
3 4 832 13
3 3 832 1
5 14 620 4
5 5 620 7
7 11 429 9
7 7 429 2
11 19 1116 8
11 11 1116 1
6 6 1306 6
11 12 624 13
11 11 624 8
17 17 697 1
3 3 493 5
3 0 683 9
3 3 683 1
3 0 928 4
3 3 928 4
15 3 1161 8
15 15 1161 12
17 18 538 14
17 17 538 4
2 19 1317 6
2 2 1317 1
3 15 357 12
3 3 357 2
4 18 381 2
4 4 381 10
2 17 1374 10
2 2 1374 12
16 8 1281 12
16 16 1281 6
19 19 1339 1
1 1 324 21
2 2 330 3
3 3 63 2
3 8 498 5
3 3 498 4
3 2 1308 1
3 3 1308 1
8 8 434 16
9 9 260 7
16 16 1048 7
13 13 74 39
13 13 1387 14
5 5 299 35
10 0 365 1
10 10 365 21
19 9 701 11
19 19 701 4
17 17 984 5
13 8 784 13
13 13 784 4
18 18 820 26
14 3 27 13
14 14 27 15
19 0 1122 3
19 19 1122 2
1 0 435 12
1 1 435 1
19 18 62 14
19 19 62 2
3 3 656 5
3 14 1127 5
3 3 1127 4
7 12 72 7
7 7 72 2
9 9 1356 5
16 16 1393 10
15 15 56 7
2 12 1340 4
2 2 1340 9
0 16 1007 13
0 0 1007 7
2 11 31 12
2 2 31 2
3 12 801 11
3 3 801 5
8 8 917 13
1 1 1354 3
10 10 1237 1
17 11 1302 13
17 17 1302 2
14 16 309 13
14 14 309 6
0 8 41 13
0 0 41 3
5 5 1186 17
5 18 1405 6
5 5 1405 2
5 5 387 3
10 10 1188 2
16 16 1055 10
16 3 707 14
16 16 707 4
8 8 1387 9
4 4 752 10
3 15 520 8
3 3 520 2
19 16 775 9
19 19 775 7
17 16 635 10
17 17 635 8
15 12 400 8
15 15 400 7
2 19 1412 11
2 2 1412 8
1 1 436 11
19 6 610 6
19 19 610 9
17 2 1406 4
17 17 1406 15
12 1 1331 7
12 12 1331 13
0 13 433 6
0 0 433 14
3 8 339 13
3 3 339 6
3 19 806 13
3 3 806 13
3 5 1277 6
3 3 1277 10
4 4 1269 4
0 0 44 13
14 14 203 5
15 7 763 3
15 15 763 11
2 2 1190 1
19 7 179 13
19 19 179 1
2 15 905 11
2 2 905 4
4 8 933 3
4 4 933 33
19 19 1149 7
10 18 396 11
10 10 396 13
7 13 1330 10
7 7 1330 4
16 5 1167 3
16 16 1167 3
16 4 885 6
16 16 885 2
19 13 1027 8
19 19 1027 19
5 5 285 14
8 8 1234 6
10 10 287 21
0 14 1 7
0 0 1 8
10 8 1086 2
10 10 1086 6
17 2 1065 2
17 17 1065 5
14 14 606 15
1 10 986 8
1 1 986 2
18 18 1070 16
1 11 1262 6
1 1 1262 3
19 15 210 14
19 19 210 7
3 3 670 6
5 7 211 2
5 5 211 7
5 5 686 21
11 11 1313 2
17 17 1210 3
19 3 1249 2
19 19 1249 6
2 6 17 3
2 2 17 1
3 4 1250 3
3 3 1250 1
11 1 985 6
11 11 985 8
1 10 549 2
1 1 549 19
14 14 1060 55
3 3 956 3
8 8 530 31
9 9 319 12
15 15 369 6
1 16 930 12
1 1 930 12
1 0 533 12
1 1 533 5
2 2 819 2
5 11 262 6
5 5 262 7
8 8 54 3
7 7 1005 36
13 13 454 41
15 15 555 1
15 0 486 6
15 15 486 4
12 12 1138 1
18 18 1065 3
2 2 674 7
9 9 1383 43
11 19 176 3
11 11 176 1
17 17 1384 12
13 13 343 6
17 12 73 3
17 17 73 2
5 5 1249 16
1 1 311 13
19 0 1406 13
19 19 1406 11
19 19 519 2
2 2 597 10
3 15 321 5
3 3 321 4
10 10 559 13
10 10 1230 7
12 12 145 3
3 3 27 5
5 19 510 3
5 5 510 18
10 10 869 8
1 9 1372 7
1 1 1372 15
12 12 685 3
17 17 989 1
17 17 288 5
2 5 1067 14
2 2 1067 11
18 18 708 15
3 8 1074 5
3 3 1074 1
19 17 1097 14
19 19 1097 1
11 11 1230 15
6 6 748 11
11 0 495 4
11 11 495 3
14 14 503 82
15 3 495 10
15 15 495 5
1 1 980 6
3 9 1091 9
3 3 1091 5
11 6 738 10
11 11 738 7
11 18 169 3
11 11 169 4
15 15 1343 3
19 2 1263 9
19 19 1263 2
0 0 1328 1
1 1 1129 8
4 2 771 4
4 4 771 3
5 16 86 14
5 5 86 22
1 1 966 14
9 9 472 7
16 16 1023 11
13 13 1335 5
19 10 198 2
19 19 198 1
4 5 914 13
4 4 914 4
9 9 297 8
11 11 1142 7
2 19 1204 14
2 2 1204 3
11 11 960 20
16 14 1147 13
16 16 1147 5
16 16 858 2
19 4 1046 3
19 19 1046 4
18 18 575 16
3 3 145 22
6 6 1199 7
3 1 1083 14
3 3 1083 8
8 15 816 2
8 8 816 9
16 16 1162 1
12 12 1344 1
15 10 500 11
15 15 500 6
1 10 400 13
1 1 400 7
1 7 1265 3
1 1 1265 1
4 4 891 16
17 12 177 12
17 17 177 6
3 2 1096 9
3 3 1096 9
5 2 665 9
5 5 665 2
7 7 624 5
7 7 1087 4
13 13 755 1
13 13 190 27
8 8 1123 1
11 11 319 4
2 5 1162 8
2 2 1162 12
18 18 679 6
5 10 1370 14
5 5 1370 17
5 5 480 9
4 4 1400 9
11 11 1135 1
18 18 26 3
11 19 396 2
11 11 396 8
5 5 453 25
19 8 316 11
19 19 316 2
8 8 1292 1
3 4 1056 10
3 3 1056 3
6 6 385 19
14 14 1254 2
16 16 1153 9
15 15 518 4
18 18 307 19
2 14 655 10
2 2 655 2
17 5 1177 9
17 17 1177 3
10 10 1384 34
15 17 98 14
15 15 98 7
19 17 103 8
19 19 103 16
1 4 1147 1
1 1 1147 4
5 1 1330 13
5 5 1330 12
3 14 1246 8
3 3 1246 3
7 7 766 2
12 12 715 18
11 11 1199 16
19 19 1386 11
2 1 315 9
2 2 315 2
3 8 14 11
3 3 14 9
5 3 489 13
5 5 489 13
7 7 832 4
12 12 1255 35
15 14 665 8
15 15 665 5
1 12 910 6
1 1 910 5
2 3 170 14
2 2 170 6
19 14 760 12
19 19 760 3
4 4 730 13
3 0 1065 8
3 3 1065 9
5 0 821 2
5 5 821 4
11 11 1269 21
15 5 1104 5
15 15 1104 2
15 15 506 1
19 6 1173 11
19 19 1173 6
2 17 646 11
2 2 646 1
17 6 256 5
17 17 256 5
5 9 48 2
5 5 48 23
6 6 267 42
7 13 155 10
7 7 155 3
9 9 712 29
9 9 1155 8
10 10 1299 22
17 15 1183 1
17 17 1183 3
2 11 387 9
2 2 387 1
15 11 179 11
15 15 179 4
10 10 451 5
2 14 1189 8
2 2 1189 1
9 9 1260 8
16 16 645 8
2 4 1180 2
2 2 1180 2
1 7 140 5
1 1 140 13
19 11 221 5
19 19 221 4
1 5 1338 4
1 1 1338 4
5 11 1265 4
5 5 1265 3
3 3 897 3
9 9 791 4
19 16 951 2
19 19 951 1
12 12 260 2
15 16 1064 1
15 15 1064 6
15 10 999 13
15 15 999 1
0 0 766 11
5 5 830 3
16 12 990 6
16 16 990 11
0 13 499 10
0 0 499 6
19 19 4 7
0 0 1234 3
6 6 628 13
2 1 1350 13
2 2 1350 4
9 9 62 5
13 13 1139 55
19 9 1084 2
19 19 1084 9
17 15 1357 3
17 17 1357 8
17 0 1168 2
17 17 1168 5
17 16 731 3
17 17 731 5
2 13 1252 14
2 2 1252 10
1 11 1141 8
1 1 1141 6
8 7 120 1
8 8 120 1
7 7 801 3
12 12 761 33
14 14 184 19
1 6 133 7
1 1 133 7
0 0 1419 12
3 1 902 13
3 3 902 7
4 4 50 11
11 6 173 10
11 11 173 3
12 12 259 1
17 17 261 15
1 0 920 12
1 1 920 4
14 14 690 73
1 1 54 1
2 7 188 13
2 2 188 11
2 16 745 1
2 2 745 4
13 13 129 2
4 0 5 14
4 4 5 3
16 16 1313 3
12 7 1380 10
12 12 1380 21
19 8 1187 13
19 19 1187 13
0 0 831 3
2 15 664 6
2 2 664 5
3 3 721 2
5 5 34 14
6 6 261 6
1 1 857 6
2 2 823 15
4 8 762 2
4 4 762 2
18 8 175 6
18 18 175 7
1 1 365 16
2 6 405 11
2 2 405 20
19 14 996 14
19 19 996 1
3 9 427 13
3 3 427 3
9 9 509 3
15 0 836 14
15 15 836 2
16 0 814 8
16 16 814 34
18 18 651 5
19 17 670 3
19 19 670 2
15 13 71 3
15 15 71 3
15 19 240 3
15 15 240 5
5 5 927 16
9 9 1135 20
15 19 1086 12
15 15 1086 1
15 14 1013 1
15 15 1013 3
0 0 1073 12
14 14 477 26
0 7 822 10
0 0 822 1
19 19 457 2
2 16 659 7
2 2 659 1
4 4 147 1
6 6 614 2
9 9 1206 12
17 8 583 5
17 17 583 14
15 19 1377 9
15 15 1377 1
2 2 33 7
0 15 112 2
0 0 112 1
2 4 514 2
2 2 514 3
6 6 1009 23
12 12 76 3
16 16 746 4
2 17 287 7
2 2 287 5
2 15 840 1
2 2 840 1
0 0 1347 8
10 10 818 33
7 14 932 2
7 7 932 41
0 0 9 2
16 16 1109 8
2 9 1048 4
2 2 1048 14
0 0 707 4
3 13 251 1
3 3 251 2
8 1 1327 6
8 8 1327 20
10 11 222 11
10 10 222 4
16 9 1252 8
16 16 1252 7
17 17 1258 4
1 11 795 4
1 1 795 1
2 15 493 13
2 2 493 21
18 6 1137 6
18 18 1137 13
4 0 845 3
4 4 845 11
5 5 751 20
10 10 987 7
7 7 1041 23
15 15 1390 4
15 2 805 14
15 15 805 8
19 2 1310 10
19 19 1310 3
19 16 1010 13
19 19 1010 1
3 3 409 4
8 8 578 10
13 13 37 37
12 15 1075 12
12 12 1075 19
17 2 351 10
17 17 351 24
15 13 252 7
15 15 252 2
17 5 1396 9
17 17 1396 7
8 8 1351 7
17 17 933 17
9 9 755 1
2 15 1043 1
2 2 1043 2
18 7 524 14
18 18 524 1
2 2 137 10
3 19 224 9
3 3 224 1
8 3 672 11
8 8 672 14
16 19 393 12
16 16 393 18
12 12 447 47
1 18 796 13
1 1 796 6
1 19 455 2
1 1 455 3
8 8 759 5
12 12 193 53
16 16 319 3
14 14 350 16
19 1 1019 10
19 19 1019 4
4 4 987 21
3 17 1320 7
3 3 1320 4
4 4 1210 4
10 13 494 8
10 10 494 1
15 16 1011 8
15 15 1011 2
17 17 781 6
18 18 1345 11
8 8 1358 12
9 9 353 16
12 12 876 5
15 13 447 7
15 15 447 1
2 8 128 3
2 2 128 5
6 6 1143 41
14 14 585 21
19 8 789 8
19 19 789 3
14 14 1288 12
17 7 1252 10
17 17 1252 6
18 18 860 3
15 3 44 12
15 15 44 1
1 9 789 6
1 1 789 3
1 0 472 9
1 1 472 6
2 8 454 5
2 2 454 8
19 18 915 4
19 19 915 1
3 2 374 2
3 3 374 1
9 9 67 26
7 7 696 1
15 7 790 11
15 15 790 3
1 5 433 8
1 1 433 1
12 12 1106 5
15 5 742 9
15 15 742 1
19 13 1404 3
19 19 1404 2
19 14 1324 2
19 19 1324 5
0 0 906 10
5 5 1206 29
3 3 858 21
4 4 287 1
2 2 1212 4
16 16 1067 15
14 14 159 4
15 4 279 8
15 15 279 1
2 12 1138 1
2 2 1138 4
4 4 516 9
6 6 1312 28
7 7 452 37
7 7 915 17
17 4 795 13
17 17 795 2
16 4 1210 4
16 16 1210 7
14 14 14 10
17 5 474 4
17 17 474 19
0 9 318 1
0 0 318 9
19 2 811 1
19 19 811 7
3 3 1144 25
8 10 686 10
8 8 686 8
10 3 673 11
10 10 673 8
13 13 675 9
15 12 638 6
15 15 638 6
14 14 1010 4
18 18 379 4
2 2 449 4
19 16 485 2
19 19 485 1
4 4 1049 17
18 18 273 27
7 18 234 2
7 7 234 13
7 7 857 8
14 0 247 1
14 14 247 24
15 15 90 1
1 15 671 14
1 1 671 7
0 5 897 5
0 0 897 9
18 18 1312 3
19 9 594 6
19 19 594 4
6 6 1416 18
9 9 258 2
8 5 570 4
8 8 570 8
18 18 29 15
0 0 1125 1
2 2 812 7
8 17 1201 9
8 8 1201 21
8 8 710 5
10 4 1026 6
10 10 1026 9
12 12 866 3
15 15 982 3
3 19 65 9
3 3 65 20
0 0 1044 28
2 9 735 6
2 2 735 6
3 3 215 1
5 5 781 15
10 10 1368 12
16 6 1403 9
16 16 1403 1
4 18 801 8
4 4 801 7
4 9 1024 4
4 4 1024 4
9 9 512 27
13 13 248 2
16 16 233 14
16 19 702 7
16 16 702 1
4 4 1032 1
6 6 1411 1
3 14 1311 8
3 3 1311 9
6 6 25 50
9 15 267 12
9 9 267 20
7 19 880 6
7 7 880 12
7 8 1343 8
7 7 1343 7
10 10 529 1
14 14 674 9
13 13 1386 1
19 10 712 6
19 19 712 4
3 3 514 6
11 11 616 2
14 14 24 3
19 19 1125 3
1 13 434 2
1 1 434 1
19 11 386 8
19 19 386 9
2 12 726 7
2 2 726 7
8 17 348 3
8 8 348 4
7 14 75 13
7 7 75 25
12 12 419 5
16 15 81 9
16 16 81 12
14 14 1020 3
18 18 1411 2
18 12 1100 13
18 18 1100 3
19 18 934 11
19 19 934 10
3 6 365 1
3 3 365 7
8 8 299 9
7 7 216 18
14 1 1115 6
14 14 1115 1
15 15 774 4
1 1 348 4
19 3 173 8
19 19 173 2
4 4 1182 5
10 12 386 13
10 10 386 10
5 0 254 11
5 5 254 2
12 12 372 24
15 15 217 7
1 2 538 7
1 1 538 5
19 19 282 9
14 14 1326 31
6 6 1216 15
13 13 1065 35
2 5 100 10
2 2 100 6
4 16 221 12
4 4 221 8
10 10 683 13
11 7 766 10
11 11 766 31
13 17 292 8
13 13 292 22
19 8 11 3
19 19 11 1
1 1 1029 17
4 4 791 2
10 10 119 4
15 5 1360 3
15 15 1360 17
16 18 99 13
16 16 99 1
2 2 1191 3
18 9 1356 12
18 18 1356 2
3 18 44 4
3 3 44 2
8 9 417 1
8 8 417 2
17 14 307 8
17 17 307 23
18 3 723 2
18 18 723 24
19 18 291 11
19 19 291 3
15 8 1142 4
15 15 1142 3
16 16 48 4
0 4 282 6
0 0 282 3
0 0 692 10
2 5 127 14
2 2 127 1
6 11 309 5
6 6 309 4
11 4 759 5
11 11 759 7
13 13 349 6
17 15 87 1
17 17 87 1
19 19 74 26
19 19 513 6
15 2 134 3
15 15 134 1
8 16 900 14
8 8 900 14
5 5 574 7
7 7 1120 39
12 12 544 23
14 14 327 23
1 5 763 8
1 1 763 1
4 16 592 3
4 4 592 3
3 8 959 2
3 3 959 1
15 19 1037 13
15 15 1037 7
7 6 400 9
7 7 400 6
10 10 436 8
15 2 901 8
15 15 901 2
16 16 877 1
2 2 1105 7
5 5 549 8
2 2 199 1
19 1 735 13
19 19 735 13
4 15 743 12
4 4 743 7
4 1 393 1
4 4 393 6
5 4 976 3
5 5 976 37
10 10 714 4
11 11 1224 6
16 10 301 7
16 16 301 8
13 13 826 4
17 17 1057 8
15 5 554 3
15 15 554 1
16 16 1020 3
0 0 273 3
0 0 838 10
1 0 72 4
1 1 72 12
19 19 844 8
19 8 359 4
19 19 359 4
8 8 369 28
7 7 637 9
1 13 310 13
1 1 310 1
0 2 1338 11
0 0 1338 5
6 6 24 1
5 5 108 2
7 7 796 4
12 12 735 5
16 6 256 11
16 16 256 11
14 14 271 20
16 16 666 13
1 10 764 11
1 1 764 4
4 11 607 9
4 4 607 17
3 1 932 10
3 3 932 24
11 2 1136 10
11 11 1136 6
11 11 519 12
7 7 1262 2
14 14 69 19
17 9 295 10
17 17 295 1
1 18 208 2
1 1 208 3
18 18 1166 23
4 12 750 11
4 4 750 2
3 2 1077 1
3 3 1077 6
6 6 404 5
7 7 997 8
18 18 596 7
2 7 113 2
2 2 113 9
2 13 698 1
2 2 698 5
4 4 202 19
4 4 1116 3
15 1 1269 1
15 15 1269 5
15 4 672 14
15 15 672 4
1 2 836 5
1 1 836 21
1 16 271 1
1 1 271 19
0 0 1329 9
17 14 122 6
17 17 122 6
8 8 1149 15
5 5 85 1
7 7 369 12
7 3 651 10
7 7 651 22
15 5 929 14
15 15 929 1
17 5 836 7
17 17 836 16
13 19 1334 5
13 13 1334 1
1 9 757 11
1 1 757 6
18 17 685 12
18 18 685 1
7 7 1309 1
3 0 1376 2
3 3 1376 4
10 10 877 4
10 7 1113 7
10 10 1113 46
15 15 326 1
19 13 749 11
19 19 749 3
11 11 1222 2
11 11 80 35
11 11 487 8
12 12 495 18
12 12 1345 1
16 1 1002 6
16 16 1002 17
0 9 495 1
0 0 495 4
1 3 407 9
1 1 407 10
18 11 591 5
18 18 591 5
17 0 302 3
17 17 302 2
0 19 1170 9
0 0 1170 18
10 10 152 17
2 18 1062 6
2 2 1062 1
14 14 366 11
19 19 1271 3
1 15 256 8
1 1 256 4
19 19 532 14
19 19 971 7
8 8 1124 22
3 4 1240 2
3 3 1240 3
6 6 100 12
9 9 448 15
15 13 867 14
15 15 867 9
18 18 219 9
5 4 1369 5
5 5 1369 1
7 17 842 10
7 7 842 2
19 7 981 5
19 19 981 2
15 15 335 2
19 19 1054 2
2 13 208 9
2 2 208 1
8 8 1293 34
3 14 1059 1
3 3 1059 4
5 6 368 7
5 5 368 8
11 4 642 4
11 11 642 9
16 9 750 6
16 16 750 17
0 2 656 1
0 0 656 36
2 2 67 4
4 4 867 3
7 7 1079 8
16 19 909 1
16 16 909 5
17 17 744 2
2 3 1299 7
2 2 1299 10
16 19 653 14
16 16 653 5
3 16 778 4
3 3 778 6
5 17 71 4
5 5 71 14
4 4 8 7
11 11 311 3
16 1 373 11
16 16 373 7
15 15 146 2
18 18 210 9
17 17 805 17
8 8 527 3
0 16 334 6
0 0 334 9
19 9 324 9
19 19 324 1
2 0 788 8
2 2 788 1
6 6 739 9
5 1 377 4
5 5 377 10
11 11 1268 1
0 11 70 10
0 0 70 6
1 14 84 11
1 1 84 15
19 12 437 10
19 19 437 6
2 18 647 9
2 2 647 7
3 6 303 6
3 3 303 3
3 8 1209 13
3 3 1209 1
10 10 881 21
15 15 1216 3
17 17 737 7
1 9 687 6
1 1 687 2
19 9 546 2
19 19 546 2
4 4 310 23
4 4 1240 2
9 9 600 10
1 19 575 4
1 1 575 3
15 15 155 15
2 5 892 10
2 2 892 11
11 11 1180 6
11 11 445 8
16 13 1121 7
16 16 1121 4
16 1 887 5
16 16 887 19
2 19 162 13
2 2 162 8
2 7 751 5
2 2 751 5
12 12 79 22
16 1 1264 2
16 16 1264 2
15 15 1112 15
1 12 823 8
1 1 823 5
2 14 670 4
2 2 670 3
4 14 174 10
4 4 174 28
11 11 1343 2
7 16 147 10
7 7 147 1
10 10 181 2
9 9 1163 9
11 11 212 2
13 13 541 11
15 8 1225 9
15 15 1225 1
15 11 644 7
15 15 644 6
5 5 707 8
1 2 1140 2
1 1 1140 1
18 18 407 13
7 7 800 1
12 12 173 16
15 15 1411 2
16 15 355 3
16 16 355 18
8 8 764 33
15 15 224 10
0 11 18 11
0 0 18 1
18 18 657 3
12 12 1004 2
3 18 127 13
3 3 127 16
6 6 919 30
7 7 1227 5
15 15 1072 14
15 0 1007 7
15 15 1007 4
14 7 669 4
14 14 669 4
1 5 578 9
1 1 578 35
15 0 1346 1
15 15 1346 4
5 11 144 11
5 5 144 37
11 1 681 12
11 11 681 2
18 14 957 7
18 18 957 5
15 0 1185 3
15 15 1185 3
15 15 540 10
17 8 405 14
17 17 405 11
1 16 499 1
1 1 499 3
2 2 483 9
5 0 1320 8
5 5 1320 2
19 19 886 4
4 3 856 2
4 4 856 11
3 11 720 11
3 3 720 1
10 17 982 9
10 10 982 5
7 7 599 6
18 16 846 2
18 18 846 13
15 10 120 13
15 15 120 1
2 6 1276 8
2 2 1276 21
16 16 953 9
1 0 1101 14
1 1 1101 13
5 2 434 6
5 5 434 7
7 16 793 6
7 7 793 2
7 7 1203 16
14 14 128 2
14 8 814 11
14 14 814 6
2 19 1135 14
2 2 1135 3
0 16 606 3
0 0 606 37
0 0 1411 8
8 7 1370 8
8 8 1370 17
8 10 121 11
8 8 121 7
9 9 333 19
9 9 768 23
11 8 427 7
11 11 427 11
19 17 782 13
19 19 782 7
3 3 584 5
5 5 340 28
2 2 1407 3
15 15 835 1
16 9 1262 6
16 16 1262 2
15 15 1198 3
16 16 973 2
1 1 769 3
0 0 823 4
19 2 21 12
19 19 21 4
1 1 1237 25
5 8 1412 8
5 5 1412 11
8 5 258 11
8 8 258 3
7 7 314 18
11 7 1384 4
11 11 1384 31
11 11 831 10
15 19 650 9
15 15 650 4
1 3 690 11
1 1 690 3
0 9 934 12
0 0 934 6
2 6 365 11
2 2 365 6
19 11 1212 12
19 19 1212 2
16 6 337 9
16 16 337 3
15 18 315 11
15 15 315 1
17 11 168 9
17 17 168 9
19 10 1417 1
19 19 1417 6
2 5 284 1
2 2 284 3
2 7 841 3
2 2 841 6
6 6 1340 71
11 7 598 1
11 11 598 18
11 11 29 7
17 17 931 2
18 11 73 1
18 18 73 3
1 14 7 7
1 1 7 14
1 6 1213 3
1 1 1213 24
19 18 25 1
19 19 25 10
10 10 642 31
9 9 666 27
17 9 971 12
17 17 971 4
19 12 12 11
19 19 12 5
17 17 572 11
19 6 1200 6
19 19 1200 12
6 1 1045 1
6 6 1045 8
9 9 413 5
1 7 1053 11
1 1 1053 10
16 16 595 10
19 19 1313 5
1 5 1428 4
2 5 538 11
2 2 538 5
5 5 1310 4
3 12 879 2
3 3 879 5
10 6 939 10
10 10 939 18
11 11 901 12
10 10 1159 15
15 2 255 3
15 15 255 4
0 8 231 11
0 0 231 9
1 6 239 13
1 1 239 7
2 16 279 11
2 2 279 1
8 8 722 2
6 6 759 3
16 4 1101 2
16 16 1101 1
16 16 487 13
15 7 433 2
15 15 433 1
18 18 525 23
2 2 134 3
3 3 694 7
6 6 348 5
7 7 557 19
17 17 897 2
0 1 464 4
0 0 464 17
19 0 35 6
19 19 35 2
2 3 57 6
2 2 57 1
2 1 610 3
2 2 610 4
7 10 296 14
7 7 296 18
7 17 247 14
7 7 247 3
10 10 169 9
9 9 1191 11
10 15 1343 7
10 10 1343 20
18 18 935 6
17 17 1320 7
15 4 813 12
15 15 813 4
15 15 87 1
11 11 879 1
10 10 495 16
10 10 56 25
4 3 416 1
4 4 416 9
1 16 802 10
1 1 802 1
9 9 352 1
15 15 1044 6
17 18 678 1
17 17 678 3
9 9 644 22
11 7 152 6
11 11 152 3
1 1 1270 13
19 15 1214 2
19 19 1214 4
0 0 796 26
17 2 711 8
17 17 711 4
3 3 716 4
10 8 519 8
10 10 519 10
11 11 233 3
17 17 703 8
2 9 1216 2
2 2 1216 2
2 4 374 3
2 2 374 2
16 16 734 8
7 4 1264 5
7 7 1264 4
11 11 947 13
17 17 530 5
18 18 750 23
1 7 1303 7
1 1 1303 3
2 1 235 13
2 2 235 13
12 12 688 27
16 16 469 11
15 13 126 3
15 15 126 8
1 12 423 10
1 1 423 1
19 14 60 9
19 19 60 2
4 18 80 14
4 4 80 11
3 14 676 7
3 3 676 7
5 5 771 10
10 10 200 22
10 17 534 4
10 10 534 5
14 14 1247 7
16 16 100 4
15 12 52 2
15 15 52 4
2 9 1320 11
2 2 1320 2
0 12 787 7
0 0 787 7
19 19 49 4
19 19 484 1
3 2 382 6
3 3 382 2
4 4 368 3
6 3 579 5
6 6 579 21
17 11 1130 12
17 17 1130 4
7 4 286 8
7 7 286 4
14 14 244 3
19 15 1332 11
19 19 1332 7
15 18 350 12
15 15 350 8
3 3 56 2
3 3 834 9
3 19 1305 8
3 3 1305 1
8 8 397 20
7 3 431 12
7 7 431 2
17 14 1157 9
17 17 1157 11
7 16 1164 10
7 7 1164 39
10 2 1200 12
10 10 1200 30
12 12 1241 2
14 14 781 33
18 18 548 4
0 0 1126 7
3 11 540 5
3 3 540 8
19 6 334 12
19 19 334 5
4 4 350 10
16 6 467 3
16 16 467 2
17 17 1092 17
16 9 460 12
16 16 460 7
18 18 941 4
1 4 99 14
1 1 99 12
2 10 147 5
2 2 147 4
19 19 819 4
6 6 252 9
9 4 227 2
9 9 227 11
16 8 1404 14
16 16 1404 1
16 16 1217 4
1 8 1114 10
1 1 1114 7
19 11 1228 2
19 19 1228 17
18 18 1106 21
3 7 359 10
3 3 359 4
3 3 1265 12
9 9 441 7
17 17 681 16
16 16 703 4
2 4 1234 6
2 2 1234 4
19 10 167 11
19 19 167 6
18 18 48 2
3 3 843 11
3 2 1310 8
3 3 1310 1
11 11 929 18
15 11 211 1
15 15 211 2
3 3 984 16
11 2 1188 3
11 11 1188 10
11 2 453 12
11 11 453 28
12 12 794 18
17 17 896 1
19 19 1124 1
0 0 882 2
2 8 106 11
2 2 106 1
6 6 247 5
7 15 74 13
7 7 74 1
7 7 529 9
6 6 663 18
12 12 23 4
17 6 1403 8
17 17 1403 1
14 14 392 15
18 18 362 17
1 3 290 13
1 1 290 12
19 19 498 10
5 15 715 12
5 5 715 9
9 9 418 22
11 11 841 20
16 16 284 1
14 14 315 12
15 18 171 11
15 15 171 8
18 18 253 20
18 18 149 23
3 17 1287 5
3 3 1287 4
5 5 604 3
1 1 879 1
11 11 531 14
19 14 472 5
19 19 472 6
16 7 880 12
16 16 880 5
0 0 527 5
16 11 682 1
16 16 682 16
6 19 1263 11
6 6 1263 6
3 0 522 10
3 3 522 1
17 14 135 9
17 17 135 9
6 6 416 18
11 11 1245 22
2 18 1119 8
2 2 1119 14
16 4 58 3
16 16 58 8
2 2 1410 2
1 1 394 4
0 0 702 5
16 11 524 7
16 16 524 19
0 0 1139 11
8 7 1106 2
8 8 1106 17
16 3 1386 1
16 16 1386 3
17 4 1404 5
17 17 1404 2
0 0 1014 1
17 4 522 14
17 17 522 8
14 14 964 21
1 1 880 3
2 3 20 7
2 2 20 7
3 3 523 3
11 17 277 11
11 11 277 1
13 13 233 15
16 18 216 3
16 16 216 1
2 2 1188 1
2 1 346 6
2 2 346 1
2 16 903 3
2 2 903 1
8 12 1240 1
8 8 1240 8
3 6 1292 5
3 3 1292 6
5 5 581 6
9 9 308 11
7 7 865 14
11 11 354 12
15 14 362 4
15 15 362 7
17 16 1173 10
17 17 1173 4
3 1 966 14
3 3 966 2
5 8 283 3
5 5 283 2
6 12 411 8
6 6 411 5
15 15 556 2
18 18 611 17
18 18 1068 2
2 2 681 10
8 8 128 3
10 17 595 4
10 10 595 17
11 11 1315 28
19 11 318 1
19 19 318 6
15 1 1254 11
15 15 1254 10
14 14 410 34
18 18 809 11
17 0 461 3
17 17 461 1
2 11 371 7
2 2 371 3
6 6 112 28
7 7 201 12
12 12 148 25
14 14 208 35
14 14 894 23
0 2 57 10
0 0 57 13
18 18 1285 27
5 5 1170 13
3 13 491 4
3 3 491 2
19 6 395 14
19 19 395 3
8 8 425 9
11 11 513 6
11 11 980 4
6 8 484 3
6 6 484 9
16 16 878 2
0 2 355 10
0 0 355 11
17 16 416 3
17 17 416 4
19 17 734 2
19 19 734 1
11 11 731 6
4 4 61 5
6 6 1284 13
19 19 243 1
4 4 600 7
13 13 1114 14
2 3 1428 2
2 2 1428 5
1 8 388 9
1 1 388 6
19 9 408 5
19 19 408 3
3 18 306 1
3 3 306 4
5 5 218 4
8 8 1222 1
18 18 195 7
12 12 60 4
1 15 153 2
1 1 153 26
1 11 309 14
1 1 309 1
19 2 521 9
19 19 521 4
1 1 1046 7
4 4 774 7
4 13 339 4
4 4 339 11
4 4 1253 16
4 4 808 17
13 13 1340 8
2 17 921 2
2 2 921 3
3 8 567 11
3 3 567 3
4 10 482 13
4 4 482 3
10 2 444 9
10 10 444 7
5
17 7 591
4 8 465
2 8 409
14 15 607
3 4 237
