20 5450
11 11 400 1
12 12 687 19
16 1 72 12
16 16 72 1
9 9 708 6
18 18 121 16
19 19 743 26
5 5 269 3
10 11 754 13
10 10 754 21
11 11 663 18
11 11 90 29
10 13 1070 6
10 10 1070 1
13 13 818 30
16 16 47 5
2 6 1391 8
2 2 1391 8
18 0 904 6
18 18 904 14
0 0 643 5
19 19 417 1
7 11 303 8
7 7 303 4
6 0 1306 7
6 6 1306 1
9 9 1390 5
10 2 1380 11
10 10 1380 1
13 4 760 12
13 13 760 8
12 10 576 10
12 12 576 8
16 16 190 1
17 17 64 3
0 0 408 4
0 0 1330 3
8 9 1150 14
8 8 1150 8
18 8 321 7
18 18 321 1
10 6 97 12
10 10 97 13
14 0 1076 5
14 14 1076 16
10 1 354 11
10 10 354 1
14 14 840 19
18 10 572 12
18 18 572 38
2 2 912 19
4 17 1395 7
4 4 1395 23
12 12 1267 7
0 7 369 5
0 0 369 7
0 10 166 4
0 0 166 2
5 5 961 8
10 14 310 12
10 10 310 2
8 19 930 3
8 8 930 4
18 13 1049 14
18 18 1049 5
19 19 1048 14
8 8 1430 3
8 17 1178 9
8 8 1178 6
4 4 1092 23
10 5 153 12
10 10 153 5
10 17 1391 1
10 10 1391 4
16 1 1366 12
16 16 1366 3
17 17 1187 3
8 3 655 3
8 8 655 5
0 18 415 12
0 0 415 14
0 4 1289 14
0 0 1289 12
4 2 321 3
4 4 321 21
9 9 557 5
15 15 729 21
0 7 14 4
0 0 14 2
19 19 644 9
4 15 590 11
4 4 590 16
6 1 1374 12
6 6 1374 11
6 17 500 3
6 6 500 5
10 10 789 5
7 11 837 4
7 7 837 12
7 7 1247 11
16 16 1140 21
15 1 289 7
15 15 289 11
0 18 738 13
0 0 738 3
6 6 745 4
18 0 1054 9
18 18 1054 9
7 5 15 4
7 7 15 3
16 0 1342 7
16 16 1342 6
18 13 669 8
18 18 669 3
17 17 417 26
0 6 487 12
0 0 487 3
3 3 1148 16
18 18 1040 9
4 14 1091 8
4 4 1091 1
11 4 217 6
11 11 217 2
13 13 320 2
10 3 775 1
10 10 775 6
15 15 108 1
1 1 853 7
1 7 280 14
1 1 280 1
0 3 1280 2
0 0 1280 3
1 11 1145 1
1 1 1145 17
5 5 70 2
16 13 110 1
16 16 110 3
17 16 1239 3
17 17 1239 35
13 14 107 7
13 13 107 3
7 16 1095 2
7 7 1095 1
16 3 827 6
16 16 827 6
10 6 158 13
10 10 158 3
19 19 653 3
4 4 898 23
16 17 1413 13
16 16 1413 6
7 4 503 10
7 7 503 12
10 11 425 2
10 10 425 17
11 11 557 24
13 13 407 1
15 15 920 1
19 19 1062 11
18 11 1085 6
18 18 1085 6
8 18 1333 13
8 8 1333 5
10 10 312 2
9 9 1328 9
16 17 1274 2
16 16 1274 7
8 8 726 2
10 3 225 4
10 10 225 12
2 0 1400 8
2 2 1400 4
19 19 436 7
19 19 875 25
6 17 627 7
6 6 627 3
6 10 265 3
6 6 265 2
9 5 59 13
9 9 59 8
11 8 222 2
11 11 222 10
16 19 1348 8
16 16 1348 4
16 4 616 6
16 16 616 7
0 0 109 3
0 0 1287 1
6 1 1211 2
6 6 1211 6
8 8 1043 9
8 6 936 12
8 8 936 3
11 11 22 10
10 10 449 1
14 14 1033 9
13 13 1052 11
16 13 647 1
16 16 647 18
12 12 37 3
6 8 925 2
6 6 925 5
7 11 492 14
7 7 492 2
16 10 1192 14
16 16 1192 6
18 13 884 5
18 18 884 7
16 16 833 4
18 12 400 7
18 18 400 7
2 2 1037 9
0 5 1061 10
0 0 1061 2
19 15 771 1
19 19 771 5
6 8 1174 12
6 6 1174 6
8 1 219 5
8 8 219 2
7 2 125 8
7 7 125 1
11 19 1260 1
11 11 1260 4
9 9 1337 13
11 11 707 9
19 19 1180 12
18 18 1004 2
0 0 1391 17
12 12 450 6
14 14 871 16
3 3 1185 36
6 4 256 4
6 6 256 1
10 4 633 13
10 10 633 15
10 10 178 5
14 14 320 2
16 16 623 8
18 15 895 1
18 18 895 1
15 15 408 10
1 8 1408 10
1 1 1408 21
3 3 420 10
5 5 72 37
10 2 959 3
10 10 959 2
10 2 456 8
10 10 456 3
13 9 621 4
13 13 621 2
16 8 809 10
16 16 809 2
17 17 189 9
1 1 720 1
1 1 155 28
0 15 1421 4
3 15 126 10
3 3 126 2
8 8 1364 3
8 8 1064 6
11 1 437 1
11 11 437 1
12 12 317 20
3 3 1308 2
14 14 41 23
0 12 349 11
0 0 349 1
19 7 341 7
19 19 341 3
19 19 776 17
8 9 1315 13
8 8 1315 1
6 11 360 13
6 6 360 11
7 14 122 14
7 7 122 3
11 13 1253 9
11 11 1253 4
18 16 202 2
18 18 202 24
16 16 1256 18
16 10 1310 10
16 16 1310 1
15 15 543 48
13 13 1136 2
19 19 450 13
7 8 316 12
7 7 316 9
7 7 139 5
16 0 256 13
16 16 256 11
11 11 825 1
13 13 533 8
17 17 1167 2
15 15 123 9
0 14 1301 5
0 0 1301 1
11 2 759 1
11 11 759 8
4 4 1231 6
9 17 483 1
9 9 483 1
13 13 614 2
15 13 1419 4
15 15 1419 4
8 19 1367 13
8 8 1367 12
18 0 60 7
18 18 60 4
3 11 570 11
3 3 570 15
10 19 322 7
10 10 322 2
15 2 418 5
15 15 418 4
1 1 919 5
0 14 153 8
0 0 153 2
16 12 532 4
16 16 532 4
6 5 1152 13
6 6 1152 1
5 5 152 13
6 6 355 1
10 18 664 8
10 10 664 11
8 8 648 6
9 13 770 12
9 9 770 8
16 16 121 2
18 18 277 12
18 5 990 9
18 18 990 14
0 0 1186 2
10 16 148 12
10 10 148 5
6 5 1043 9
6 6 1043 3
6 6 612 1
7 7 309 3
11 11 1387 5
2 2 1056 1
17 17 1152 1
14 14 903 4
2 2 362 2
2 2 983 22
1 1 1093 8
6 8 1015 6
6 6 1015 12
7 6 330 1
7 7 330 3
10 2 55 7
10 10 55 5
9 6 1029 5
9 9 1029 1
16 7 1080 11
16 16 1080 5
12 12 1078 2
0 12 225 11
0 0 225 4
2 2 838 11
6 6 1341 4
7 19 475 14
7 7 475 1
15 8 809 8
15 15 809 18
15 15 1025 9
2 2 1046 4
8 1 870 12
8 8 870 5
6 6 785 2
8 8 240 5
9 9 198 6
18 18 149 5
7 16 1410 11
7 7 1410 13
13 3 694 5
13 13 694 6
16 0 1254 3
16 16 1254 1
13 13 268 10
12 7 1300 12
12 12 1300 2
13 10 1122 5
13 13 1122 9
0 14 474 12
0 0 474 2
18 18 1135 7
6 6 1034 1
1 1 968 1
9 9 412 11
7 7 249 7
10 17 175 14
10 10 175 3
11 18 823 8
11 11 823 2
13 12 519 6
13 13 519 1
12 12 1118 6
7 7 752 3
3 9 411 12
3 3 411 6
7 6 782 11
7 7 782 13
7 15 1184 13
7 7 1184 1
12 12 347 8
13 13 35 11
1 1 1284 13
12 12 1383 15
6 14 889 14
6 6 889 6
7 0 464 8
7 7 464 3
7 4 927 8
7 7 927 2
13 18 1001 5
13 13 1001 22
18 4 500 4
18 18 500 15
0 11 732 11
0 0 732 4
19 19 360 11
4 19 679 14
4 4 679 6
10 10 199 10
5 5 500 19
14 10 429 13
14 14 429 30
2 2 1367 4
0 2 774 11
0 0 774 22
1 1 1062 8
19 19 222 13
7 2 299 10
7 7 299 2
7 12 701 5
7 7 701 5
10 9 1340 10
10 10 1340 6
17 14 1327 7
17 17 1327 5
16 8 134 6
16 16 134 5
0 15 949 12
0 0 949 2
8 16 1078 9
8 8 1078 6
6 6 993 1
5 5 615 9
7 8 440 4
7 7 440 3
11 13 957 6
11 11 957 2
12 12 338 9
16 16 789 6
14 14 768 29
0 1 548 11
0 0 548 8
9 14 359 7
9 9 359 17
10 7 383 13
10 10 383 1
13 13 429 1
16 16 932 5
8 7 788 12
8 8 788 4
18 8 1103 7
18 18 1103 8
3 3 1001 1
12 12 107 15
13 18 883 8
13 13 883 2
12 12 1290 6
19 19 1217 4
0 10 1207 11
0 0 1207 3
19 19 917 14
3 3 376 3
1 1 860 13
7 8 1025 3
7 7 1025 2
11 11 232 8
14 14 1092 7
15 15 1406 6
17 18 875 5
17 17 875 10
16 0 578 13
16 16 578 13
1 1 644 13
4 4 972 8
4 12 281 13
4 4 281 5
9 9 978 8
10 10 1206 2
7 4 676 9
7 7 676 2
18 18 749 2
6 11 1318 8
6 6 1318 2
7 5 591 8
7 7 591 11
7 16 1368 1
7 7 1368 8
10 17 1049 4
10 10 1049 2
16 12 1212 6
16 16 1212 1
13 13 1084 3
7 7 602 1
0 3 869 10
0 0 869 1
15 9 442 12
15 15 442 6
8 8 795 2
16 6 1286 9
16 16 1286 1
12 11 431 3
12 12 431 12
13 13 311 2
0 4 1369 2
0 0 1369 1
2 0 629 8
2 2 629 17
3 3 353 3
13 0 453 5
13 13 453 20
7 17 1150 9
7 7 1150 2
19 19 1192 4
4 4 1194 1
10 0 414 1
10 10 414 4
7 12 1167 3
7 7 1167 8
11 11 382 13
18 12 27 10
18 18 27 1
1 15 241 6
1 1 241 15
19 17 709 10
19 19 709 14
3 3 543 27
8 7 712 9
8 8 712 5
10 6 353 3
10 10 353 1
6 7 680 1
6 6 680 2
6 10 253 8
6 6 253 3
10 19 840 10
10 10 840 1
7 7 539 4
12 12 25 2
14 14 1304 2
5 5 1165 5
18 16 368 9
18 18 368 5
1 1 296 28
19 19 57 7
2 2 588 9
6 4 140 13
6 6 140 16
10 0 1021 2
10 10 1021 4
11 5 1420 6
11 11 1420 15
11 14 851 13
11 11 851 12
10 5 1321 9
10 10 1321 9
15 15 827 12
19 11 166 13
19 19 166 12
17 0 266 7
17 17 266 3
5 5 1393 8
6 6 243 10
10 11 1208 7
10 10 1208 7
18 18 735 12
18 18 1192 11
4 6 96 7
4 4 96 1
4 17 414 3
4 4 414 8
8 8 1177 1
3 13 920 8
3 3 920 6
15 15 1122 28
16 16 452 5
15 15 404 4
18 18 731 4
0 14 883 5
0 0 883 3
0 7 696 12
0 0 696 1
2 2 724 13
5 5 1112 38
11 12 771 6
11 11 771 30
8 8 777 8
19 19 952 11
7 12 528 12
7 7 528 3
17 17 1402 23
16 16 536 12
18 18 363 5
18 2 1409 14
18 18 1409 3
0 15 1180 9
0 0 1180 3
10 6 851 2
10 10 851 17
4 4 1033 8
7 15 271 13
7 7 271 2
7 4 218 1
7 7 218 1
9 13 527 5
9 9 527 3
17 17 673 19
2 2 1194 4
18 19 839 8
18 18 839 1
2 2 320 3
8 8 444 2
10 0 384 10
10 10 384 18
16 18 113 8
16 16 113 4
12 12 643 25
15 15 945 16
16 15 881 3
16 16 881 7
1 16 195 3
1 1 195 10
18 8 1187 2
18 18 1187 4
1 1 1401 7
9 1 131 11
9 9 131 2
3 3 1073 31
11 16 509 3
11 11 509 4
13 13 774 1
17 17 1077 31
13 13 1063 11
9 8 605 11
9 9 605 11
4 4 223 5
8 6 325 8
8 8 325 3
7 7 66 4
7 8 521 3
7 7 521 6
11 11 752 7
14 7 1201 3
14 14 1201 5
13 17 290 9
13 13 290 15
16 16 74 1
0 2 1326 11
0 0 1326 4
0 0 1171 4
8 8 927 3
4 4 1264 12
7 7 260 2
9 13 125 1
9 9 125 6
14 6 218 14
14 14 218 26
16 19 217 5
16 16 217 1
18 18 245 13
8 16 1241 1
8 8 1241 12
6 6 1418 2
11 15 1092 5
11 11 1092 3
11 11 523 9
11 1 357 1
11 11 357 8
16 13 419 5
16 16 419 2
14 14 690 2
2 8 1108 9
2 2 1108 1
5 5 1081 2
4 4 396 3
6 14 855 5
6 6 855 1
7 7 1009 3
12 12 508 17
12 12 777 22
6 6 232 3
1 1 117 19
1 1 1251 13
3 10 643 9
3 3 643 15
6 6 669 7
5 5 242 22
9 13 21 14
9 9 21 12
10 10 237 9
0 0 20 11
11 11 188 4
15 11 1249 8
15 15 1249 3
0 11 395 5
0 0 395 7
0 6 1317 14
0 0 1317 9
6 2 556 4
6 6 556 8
4 0 1279 8
4 4 1279 9
7 3 381 13
7 7 381 3
7 19 200 11
7 7 200 2
7 17 663 10
7 7 663 2
7 7 1122 20
10 10 1218 7
16 9 267 3
16 16 267 2
16 16 208 7
14 10 895 1
14 14 895 8
18 18 236 8
19 19 624 18
9 10 316 9
9 9 316 1
7 7 857 12
18 2 70 11
18 18 70 3
7 4 1267 9
7 7 1267 3
11 1 401 14
11 11 401 1
14 14 64 9
19 19 298 24
4 13 395 4
4 4 395 1
18 7 1121 1
18 18 1121 3
6 3 403 6
6 6 403 13
10 6 712 2
10 10 712 5
10 10 261 7
16 8 1183 4
16 16 1183 1
13 13 451 1
5 5 1218 13
1 4 411 12
1 1 411 4
9 9 386 7
10 12 603 2
10 10 603 4
7 12 639 4
7 7 639 21
10 11 528 4
10 10 528 1
16 16 1369 5
16 14 172 4
16 16 172 1
16 0 525 6
16 16 525 2
0 2 386 10
0 0 386 3
18 9 801 7
18 18 801 2
6 6 551 5
5 5 549 18
9 9 546 10
12 4 140 1
12 12 140 12
0 6 987 6
0 0 987 8
14 14 269 4
0 19 49 8
0 0 49 3
18 16 688 2
18 18 688 7
19 19 105 12
4 4 59 16
19 19 1079 4
9 9 293 3
12 12 355 3
10 0 1028 13
10 10 1028 4
16 4 401 5
16 16 401 5
10 10 161 1
1 0 611 6
1 1 611 8
4 8 37 12
4 4 37 1
0 1 1085 8
0 0 1085 7
18 4 226 8
18 18 226 3
6 11 394 12
6 6 394 1
10 10 268 2
11 0 662 6
11 11 662 1
10 11 1071 12
10 10 1071 6
12 12 831 1
18 18 870 4
16 16 1013 3
0 2 490 11
0 0 490 13
5 5 529 8
4 0 180 5
4 4 180 26
6 6 655 6
11 15 1360 10
11 11 1360 7
11 11 743 1
10 15 1381 7
10 10 1381 2
6 6 714 7
16 8 191 2
16 16 191 7
16 8 516 14
16 16 516 2
10 10 110 3
16 16 377 1
13 13 1332 10
0 0 637 4
8 9 88 12
8 8 88 2
7 9 384 9
7 7 384 5
10 16 420 10
10 10 420 5
13 10 100 10
13 13 100 2
14 14 82 6
16 3 861 2
16 16 861 11
2 2 1057 51
18 7 1191 9
18 18 1191 1
2 1 768 1
2 2 768 11
15 9 157 1
15 15 157 23
6 12 824 8
6 6 824 2
14 15 1250 4
14 14 1250 7
12 12 489 19
15 15 1103 13
17 17 612 22
9 17 689 3
9 9 689 19
18 7 896 8
18 18 896 8
13 3 1135 13
13 13 1135 1
1 1 1270 14
8 8 353 2
13 13 752 8
16 2 635 12
16 16 635 5
2 2 396 2
2 10 134 1
2 2 134 14
10 13 899 10
10 10 899 2
9 11 921 2
9 9 921 10
9 5 556 11
9 9 556 1
15 17 151 6
15 15 151 6
1 3 716 10
1 1 716 2
1 11 183 9
1 1 183 7
15 15 48 2
9 9 1002 27
10 10 1102 3
17 17 972 52
0 0 329 2
10 15 368 5
10 10 368 8
3 1 622 11
3 3 622 18
8 15 836 3
8 8 836 23
5 3 969 8
5 5 969 10
9 4 160 10
9 9 160 5
9 9 891 9
11 17 1358 5
11 11 1358 2
10 7 1412 11
10 10 1412 7
13 13 664 13
17 17 1169 9
16 16 995 1
0 11 813 12
0 0 813 17
19 19 430 6
4 4 877 9
6 12 633 1
6 6 633 6
17 17 1139 9
8 3 189 1
8 8 189 4
7 1 618 11
7 7 618 4
7 19 1073 6
7 7 1073 10
13 13 180 11
17 17 1179 6
16 15 173 9
16 16 173 1
0 19 407 11
0 0 407 1
1 10 908 13
1 1 908 4
10 10 906 5
9 12 597 3
9 9 597 8
11 13 866 1
11 11 866 3
7 7 1200 1
14 14 742 6
14 14 859 1
9 16 514 4
9 9 514 13
1 1 136 5
4 4 472 5
9 19 344 5
9 9 344 14
10 15 342 12
10 10 342 2
11 11 1195 2
12 12 264 2
13 19 406 14
13 13 406 1
16 4 390 9
16 16 390 1
15 15 342 11
8 8 455 24
3 3 128 3
6 9 1180 5
6 6 1180 1
17 17 1276 7
14 8 1313 4
14 14 1313 21
14 10 463 9
14 14 463 16
15 15 455 9
0 17 1385 2
0 0 1385 2
6 11 1071 5
6 6 1071 3
9 9 717 4
9 9 158 2
18 15 184 2
18 18 184 10
0 13 1304 2
0 0 1304 9
5 5 1336 12
6 7 1136 6
6 6 1136 1
5 5 537 12
7 3 350 3
7 7 350 2
10 11 27 5
10 10 27 3
11 11 923 6
15 19 1412 1
15 15 1412 7
13 19 1172 8
13 13 1172 11
16 16 204 4
18 18 660 9
2 2 305 4
6 15 914 7
6 6 914 3
11 12 447 9
11 11 447 11
13 13 399 7
3 3 1043 30
5 5 827 54
9 9 210 2
10 8 288 9
10 10 288 7
12 12 1080 24
17 17 1028 4
0 7 1237 10
0 0 1237 7
14 14 1285 19
6 12 257 7
6 6 257 2
7 7 1063 1
13 3 369 10
13 13 369 11
16 18 608 2
16 16 608 1
0 7 101 9
0 0 101 2
2 2 962 13
8 10 485 10
8 8 485 5
7 19 1204 10
7 7 1204 27
16 2 357 11
16 16 357 2
19 19 1405 8
1 19 154 11
1 1 154 1
6 0 917 7
6 6 917 8
18 2 1124 12
18 18 1124 11
10 19 344 8
10 10 344 2
7 10 1406 13
7 7 1406 4
16 16 1114 12
8 14 170 14
8 8 170 8
12 4 1168 4
12 12 1168 2
0 15 350 12
0 0 350 9
19 19 340 1
8 8 1316 1
6 6 723 7
8 8 654 1
11 11 1252 1
16 11 406 10
16 16 406 9
16 14 3 10
16 16 3 6
16 16 968 2
0 0 1383 2
0 9 1196 13
0 0 1196 1
10 18 1280 8
10 10 1280 1
13 13 532 1
12 12 540 33
18 11 170 9
18 18 170 6
0 8 1302 5
0 0 1302 2
5 5 432 10
6 15 70 9
6 6 70 2
7 14 795 4
7 7 795 2
7 7 1197 3
9 2 809 8
9 9 809 3
15 7 235 6
15 15 235 11
9 11 740 12
9 9 740 5
8 14 1169 10
8 8 1169 4
8 10 123 9
8 8 123 5
10 15 822 5
10 10 822 2
7 7 904 4
10 13 1122 14
10 10 1122 1
10 17 113 12
10 10 113 1
19 19 349 3
6 6 1153 3
8 11 864 8
8 8 864 6
13 12 476 3
13 13 476 13
17 17 299 3
11 15 119 13
11 11 119 5
13 13 700 3
16 16 1248 6
15 15 1192 5
0 6 452 3
0 0 452 2
13 13 1074 2
6 6 613 2
9 16 1211 1
9 9 1211 16
10 13 1291 4
10 10 1291 7
9 9 900 1
16 11 75 4
16 16 75 1
17 17 1159 2
18 5 165 11
18 18 165 2
1 15 1092 11
1 1 1092 1
0 0 1257 8
7 7 325 5
11 11 1076 5
9 9 625 16
17 17 174 15
16 14 106 13
16 16 106 4
8 8 557 13
6 1 456 8
6 6 456 6
10 2 817 3
10 10 817 4
7 11 929 7
7 7 929 2
7 7 1388 16
16 2 1031 6
16 16 1031 7
0 15 1147 14
0 0 1147 2
19 19 793 4
11 17 959 13
11 11 959 14
10 11 221 11
10 10 221 2
10 10 832 4
16 12 1255 12
16 16 1255 1
13 12 267 3
13 13 267 1
17 17 562 5
0 19 1210 7
0 0 1210 7
4 17 840 10
4 4 840 2
6 10 1035 14
6 6 1035 1
8 18 1014 2
8 8 1014 7
7 3 301 10
7 7 301 2
9 9 745 6
10 10 1330 6
14 14 1147 4
13 13 1087 5
6 6 1434 1
8 8 410 5
10 10 937 9
9 6 10 7
9 9 10 8
13 6 34 12
13 13 34 1
11 11 1367 1
0 1 249 8
0 0 249 9
16 8 548 9
16 16 548 16
6 16 1333 2
6 6 1333 4
8 2 724 13
8 8 724 2
6 2 451 5
6 6 451 4
7 14 467 12
7 7 467 6
15 15 964 5
13 13 1033 19
0 0 291 4
1 1 30 9
3 3 229 4
3 3 1039 4
10 8 651 9
10 10 651 1
7 13 559 8
7 7 559 3
13 13 889 12
15 13 629 2
15 15 629 2
0 2 1356 11
0 0 1356 3
8 2 1021 11
8 8 1021 3
8 8 306 1
10 17 961 8
10 10 961 6
7 7 241 8
9 9 530 9
16 15 306 13
16 16 306 5
14 14 349 17
8 8 479 6
0 7 65 1
0 0 65 2
2 2 398 13
1 15 1110 12
1 1 1110 29
6 0 43 3
6 6 43 3
7 16 443 9
7 7 443 1
10 6 493 12
10 10 493 2
7 11 717 10
7 7 717 1
7 17 1176 14
7 7 1176 4
10 9 1164 9
10 10 1164 27
16 12 1079 1
16 16 1079 1
14 9 155 12
14 14 155 6
15 15 267 1
18 18 38 1
8 8 1158 11
6 0 442 9
6 6 442 7
7 3 456 12
7 7 456 3
10 10 380 3
12 12 290 4
17 17 486 17
0 9 879 12
0 0 879 4
0 19 1049 13
0 0 1049 12
4 4 228 1
6 7 703 5
6 6 703 1
8 7 255 5
8 8 255 17
9 9 650 3
11 11 727 5
10 11 1365 3
10 10 1365 4
12 5 100 9
12 12 100 7
13 0 317 8
13 13 317 3
14 14 1006 1
2 12 453 10
2 2 453 3
3 3 379 11
9 2 539 14
9 9 539 7
16 16 297 2
16 15 254 14
16 16 254 1
8 14 1396 5
8 8 1396 1
3 3 863 12
16 16 440 1
0 0 247 2
8 2 1400 13
8 8 1400 2
5 5 293 8
7 7 449 4
7 7 908 6
1 1 946 2
16 9 1213 14
16 16 1213 18
8 8 611 5
17 17 916 3
13 13 1319 4
0 14 870 1
0 0 870 3
3 3 211 1
7 7 86 19
10 1 246 10
10 10 246 2
9 9 1350 3
16 4 1287 3
16 16 1287 4
1 1 505 19
14 14 1009 3
18 18 963 2
0 2 1370 1
0 0 1370 3
0 2 1167 9
0 0 1167 4
8 8 1110 5
6 16 577 1
6 6 577 5
5 5 711 20
9 7 438 11
9 9 438 16
14 14 864 2
2 2 1241 16
17 17 118 1
5 5 1212 6
8 1 1061 9
8 8 1061 1
4 4 1195 36
9 16 986 13
9 9 986 16
16 19 640 13
16 16 640 4
19 19 273 2
1 1 1390 11
4 4 91 5
4 3 400 1
4 4 400 6
10 2 366 12
10 10 366 2
10 4 1025 8
10 10 1025 3
13 13 1076 8
0 12 674 13
0 0 674 4
6 6 1124 4
7 3 79 10
7 7 79 7
7 5 538 11
7 7 538 1
9 5 783 5
9 9 783 3
19 19 444 6
0 13 1361 10
0 0 1361 8
8 8 1117 7
8 17 295 7
8 8 295 2
7 10 273 13
7 7 273 14
9 2 114 14
9 9 114 5
10 10 64 7
7 7 1142 8
1 1 1040 2
4 4 1315 10
4 4 947 14
6 18 971 13
6 6 971 1
7 13 422 2
7 7 422 2
9 9 1065 13
15 15 939 6
13 12 1244 8
13 13 1244 18
0 7 522 9
0 0 522 1
5 5 994 5
9 9 812 6
11 4 48 11
11 11 48 1
10 15 1032 2
10 10 1032 13
12 12 463 2
0 14 271 2
0 0 271 2
1 1 439 25
0 6 697 7
0 0 697 2
1 7 1168 12
1 1 1168 7
7 7 531 3
11 17 257 3
11 11 257 15
16 19 1397 8
16 16 1397 5
12 12 1003 26
16 7 84 2
16 16 84 3
14 14 963 1
0 13 446 5
0 0 446 5
0 9 995 7
0 0 995 1
8 16 302 4
8 8 302 4
7 16 213 6
7 7 213 3
16 5 1412 1
16 16 1412 1
15 11 1364 6
15 15 1364 6
16 16 680 10
13 16 1342 10
13 13 1342 4
8 8 616 2
9 6 964 5
9 9 964 14
14 14 119 5
11 11 1298 28
15 15 218 2
4 4 646 7
4 4 764 2
8 7 1186 11
8 8 1186 1
5 4 272 8
5 5 272 21
9 4 853 10
9 9 853 2
11 10 508 12
11 11 508 1
16 17 1186 11
16 16 1186 6
14 14 486 6
16 10 897 4
16 16 897 4
0 13 262 6
0 0 262 3
6 16 1110 4
6 6 1110 2
3 3 1104 2
7 11 189 6
7 7 189 2
10 11 1353 14
10 10 1353 2
14 14 1206 25
15 12 1179 11
15 15 1179 3
14 14 401 7
6 1 127 9
6 6 127 13
7 7 210 3
7 6 665 4
7 7 665 1
11 9 832 8
11 11 832 9
17 17 1283 5
16 15 218 4
16 16 218 1
0 0 617 17
18 18 1288 15
15 15 1313 2
14 5 1045 11
14 14 1045 21
5 5 392 40
7 19 404 13
7 7 404 10
11 8 1095 5
11 11 1095 4
7 18 1326 11
7 7 1326 12
10 14 1195 11
10 10 1195 11
13 13 120 2
2 2 1109 17
0 3 536 5
0 0 536 5
2 2 203 35
2 2 820 18
3 3 190 5
8 0 1193 4
8 8 1193 15
4 4 1303 2
19 19 1241 17
16 12 854 14
16 16 854 7
17 17 443 6
19 19 1140 32
2 2 122 6
7 17 186 12
7 7 186 3
11 12 744 9
11 11 744 2
17 17 1132 7
17 17 1387 5
14 14 408 12
11 0 1379 12
11 11 1379 8
2 2 1005 27
8 12 1138 2
8 8 1138 12
8 1 903 14
8 8 903 5
6 17 118 11
6 6 118 3
11 14 889 5
11 11 889 16
15 15 1370 7
0 3 986 5
0 0 986 1
3 18 22 14
3 3 22 3
8 3 1217 4
8 8 1217 1
6 10 956 1
6 6 956 1
11 11 1148 3
9 11 1417 2
9 9 1417 8
18 1 435 4
18 18 435 12
0 0 1092 2
8 8 1307 4
6 19 762 14
6 6 762 7
11 7 1229 2
11 11 1229 23
11 2 490 1
11 11 490 7
12 12 1358 25
13 2 1112 14
13 13 1112 10
2 2 117 5
4 16 206 2
4 4 206 13
6 6 661 3
6 6 291 3
11 11 1370 2
15 15 676 27
14 14 980 7
19 19 1258 3
3 3 792 11
7 15 373 10
7 7 373 1
9 9 212 11
18 18 834 5
5 5 949 12
7 11 394 10
7 7 394 2
10 10 442 7
9 9 1093 36
11 11 402 2
16 2 826 12
16 16 826 1
1 1 610 1
4 4 38 1
5 5 176 7
6 9 838 8
6 6 838 7
6 14 395 6
6 6 395 4
9 9 840 6
0 8 4 13
0 0 4 10
10 13 1427 1
10 10 1427 7
16 16 1175 6
0 14 848 11
0 0 848 16
8 8 379 28
9 1 6 14
9 9 6 4
7 0 631 12
7 7 631 2
9 5 1388 5
9 9 1388 2
16 13 1361 10
16 16 1361 5
17 12 1381 2
17 17 1381 3
14 14 991 15
19 19 1267 50
4 8 783 12
4 4 783 16
8 8 140 5
10 10 921 9
16 8 378 1
16 16 378 4
6 6 942 6
6 6 499 1
11 13 395 13
11 11 395 2
12 12 283 7
11 17 1127 5
11 11 1127 17
13 12 1273 1
13 13 1273 22
8 12 1289 13
8 8 1289 8
0 0 361 8
6 6 386 8
11 11 85 2
16 1 1337 5
16 16 1337 5
13 17 809 2
13 13 809 9
16 10 24 6
16 16 24 4
16 19 1005 12
16 16 1005 1
0 0 668 4
0 13 1217 5
0 0 1217 10
6 8 1074 10
6 6 1074 4
17 11 1148 3
17 17 1148 4
10 1 824 2
10 10 824 5
10 19 135 7
10 10 135 2
7 8 1083 1
7 7 1083 4
16 16 1352 9
17 17 1185 2
16 11 183 3
16 16 183 7
3 3 833 3
0 9 966 12
0 0 966 3
6 16 534 2
6 6 534 1
6 19 91 14
6 6 91 3
10 10 896 3
10 7 477 9
10 10 477 4
7 7 1096 2
13 17 11 10
13 13 11 6
16 3 198 14
16 16 198 6
1 1 707 4
19 19 211 1
2 2 873 39
18 18 1275 1
8 8 523 1
12 12 274 9
12 12 1252 7
13 4 560 3
13 13 560 7
1 17 636 5
1 1 636 8
1 1 39 5
5 5 1052 4
9 16 472 5
9 9 472 2
7 16 9 6
7 7 9 3
11 17 1264 10
11 11 1264 10
11 18 647 13
11 11 647 3
16 8 996 8
16 16 996 3
1 1 826 27
18 18 1016 24
9 6 737 12
9 9 737 2
6 18 195 3
6 6 195 6
10 3 1300 11
10 10 1300 11
15 15 1289 24
17 17 1178 1
16 13 174 5
16 16 174 9
0 2 104 10
0 0 104 5
7 7 333 1
7 12 352 3
7 7 352 2
7 17 815 1
7 7 815 6
7 16 1089 11
7 7 1089 2
13 13 659 5
13 13 1317 2
1 1 143 11
3 3 114 5
9 5 680 12
9 9 680 1
0 6 1255 7
0 0 1255 1
8 8 71 12
8 18 1062 5
8 8 1062 2
9 14 786 11
9 9 786 22
7 7 1291 9
10 5 1142 8
10 10 1142 7
16 16 391 1
10 7 196 14
10 10 196 3
18 15 407 1
18 18 407 3
1 1 629 4
19 19 329 1
18 6 74 7
18 18 74 2
3 3 131 26
6 4 1181 13
6 6 1181 18
5 5 358 19
6 13 380 2
6 6 380 6
11 11 1257 3
8 8 819 6
16 16 1335 2
15 15 1116 4
14 19 460 3
14 14 460 3
15 15 454 1
6 12 1068 10
6 6 1068 1
8 8 272 4
10 4 137 8
10 10 137 8
10 4 1311 4
10 10 1311 8
14 17 1180 5
14 14 1180 21
4 4 342 2
15 15 1229 1
17 17 41 3
2 2 1257 3
3 15 417 5
3 3 417 3
4 4 1243 7
10 19 946 2
10 10 946 7
11 14 1024 9
11 11 1024 22
7 18 755 11
7 7 755 3
11 11 922 1
2 2 1176 18
1 1 1342 23
2 2 1130 6
7 0 494 9
7 7 494 9
11 4 1169 3
11 11 1169 6
7 7 1231 4
11 12 407 9
11 11 407 9
17 17 1130 2
19 13 1073 14
19 19 1073 6
0 0 1063 16
4 12 26 14
4 4 26 5
6 5 802 10
6 6 802 3
6 4 375 8
6 6 375 5
11 11 693 6
12 12 407 2
15 15 1189 3
13 13 1141 5
0 0 503 3
2 2 423 23
6 4 262 5
6 6 262 1
10 5 615 9
10 10 615 3
7 1 603 7
7 7 603 3
16 10 609 6
16 16 609 1
18 18 176 4
18 19 893 14
18 18 893 2
19 7 995 9
19 19 995 22
8 2 1052 4
8 8 1052 3
6 16 76 13
6 6 76 5
10 10 957 2
7 5 797 1
7 7 797 3
16 9 811 7
16 16 811 3
5 5 992 2
6 6 1345 6
7 12 487 2
7 7 487 5
16 2 500 12
16 16 500 12
16 14 954 5
16 16 954 1
1 6 924 6
1 1 924 22
14 18 1391 2
14 14 1391 10
2 2 741 9
15 15 81 8
8 8 1317 1
8 4 890 8
8 8 890 11
6 10 805 12
6 6 805 10
7 2 116 1
7 7 116 4
7 10 963 4
7 7 963 1
9 5 1312 13
9 9 1312 16
12 12 987 16
0 0 1197 10
2 2 660 5
6 8 1054 1
6 6 1054 6
6 17 611 1
6 6 611 1
2 2 1423 1
10 6 981 5
10 10 981 1
11 19 1396 9
11 11 1396 10
10 17 1281 2
10 10 1281 3
9 9 901 10
13 13 616 5
0 16 125 14
0 0 125 2
0 16 930 2
0 0 930 1
17 17 226 19
10 1 932 14
10 10 932 5
12 12 748 5
15 15 319 12
1 1 559 8
7 16 476 13
7 7 476 10
10 2 1123 7
10 10 1123 4
1 1 917 2
0 0 155 5
4 4 691 13
3 3 589 13
6 6 796 6
5 5 812 9
16 16 123 9
19 19 1196 11
18 13 276 3
18 18 276 1
0 0 1188 3
6 6 602 6
0 0 451 1
10 8 162 5
10 10 162 8
14 3 1137 1
14 14 1137 10
15 15 1389 17
13 13 354 15
2 2 1266 71
13 13 867 3
3 14 875 12
3 3 875 4
11 4 340 2
11 11 340 4
18 7 448 14
18 18 448 11
18 18 766 11
2 2 283 4
6 6 1262 27
6 9 1331 6
6 6 1331 2
12 12 1218 19
16 16 1097 3
11 11 1288 2
16 13 875 10
16 16 875 3
0 9 711 6
0 0 711 6
4 4 247 13
6 13 706 5
6 6 706 7
9 4 671 5
9 9 671 3
12 12 1302 56
0 10 476 5
0 0 476 9
12 12 256 8
6 18 1032 8
6 6 1032 2
4 18 1064 9
4 4 1064 19
10 10 967 8
10 10 803 4
11 17 1378 6
11 11 1378 1
11 11 809 14
17 7 1332 6
17 17 1332 31
17 17 21 20
1 16 371 11
1 1 371 4
5 5 636 39
10 10 483 10
10 10 60 4
0 10 138 7
0 0 138 9
13 18 1346 13
13 13 1346 6
1 1 236 3
18 18 1346 13
6 9 895 5
6 6 895 3
5 5 909 40
6 6 1069 2
10 19 1045 3
10 10 1045 4
10 6 281 10
10 10 281 5
16 1 943 14
16 16 943 5
0 4 873 13
0 0 873 6
4 4 1257 1
2 2 133 1
4 9 673 10
4 4 673 3
3 1 699 8
3 3 699 27
8 6 879 4
8 8 879 7
6 3 782 10
6 6 782 2
5 5 798 14
10 11 648 5
10 10 648 3
11 11 1290 8
12 12 443 7
2 2 512 16
16 12 105 2
16 16 105 1
17 17 125 4
0 12 467 2
0 0 467 5
19 19 475 14
2 2 609 12
6 19 1027 13
6 6 1027 3
8 8 307 3
7 4 240 1
7 7 240 1
7 11 1034 12
7 7 1034 2
10 2 1338 3
10 10 1338 2
5 5 442 58
8 5 875 6
8 8 875 4
0 2 951 8
0 0 951 4
2 2 378 18
2 2 327 1
4 18 967 14
4 4 967 5
6 14 1426 7
6 6 1426 8
9 1 484 4
9 9 484 3
7 9 716 5
7 7 716 1
3 3 1140 8
11 17 322 14
11 11 322 3
18 1 39 9
18 18 39 20
2 2 854 16
6 16 1240 8
6 6 1240 6
3 3 998 3
11 17 911 5
11 11 911 5
8 8 17 26
7 7 459 3
7 7 918 2
13 12 992 11
13 13 992 4
18 18 493 1
0 19 864 11
0 0 864 1
18 2 515 13
18 18 515 34
19 19 371 2
19 19 806 2
9 10 1373 12
9 9 1373 4
4 4 229 5
6 6 769 13
8 8 224 16
11 15 1283 6
11 11 1283 2
9 9 1372 1
10 10 1362 3
16 1 1281 3
16 16 1281 1
16 14 1238 8
16 16 1238 4
14 14 1242 4
14 14 1007 2
1 15 873 13
1 1 873 9
7 3 1027 12
7 7 1027 6
13 13 567 39
17 17 1318 9
16 16 255 1
15 4 89 2
15 15 89 19
5 5 1426 1
16 16 564 7
3 13 395 12
3 3 395 5
10 7 405 9
10 10 405 1
11 10 379 1
11 11 379 3
13 4 83 14
13 13 83 14
16 12 441 9
16 16 441 7
18 9 747 4
18 18 747 2
0 18 1122 13
0 0 1122 10
2 2 849 4
2 2 760 8
6 15 1235 3
6 6 1235 4
16 11 705 2
16 16 705 3
5 5 1083 8
15 14 1054 12
15 15 1054 19
18 18 634 1
0 0 1041 4
6 17 1122 8
6 6 1122 1
8 4 797 2
8 8 797 20
4 2 1142 14
4 4 1142 4
6 6 333 3
13 11 735 7
13 13 735 7
17 17 464 20
19 19 489 8
6 6 582 13
10 7 525 14
10 10 525 3
12 0 243 4
12 12 243 12
0 11 901 5
0 0 901 3
6 2 1420 4
6 6 1420 6
5 5 599 16
7 3 424 6
7 7 424 3
7 7 706 2
14 19 804 4
14 14 804 10
10 18 1215 11
10 10 1215 3
1 13 524 6
1 1 524 16
0 6 1145 8
0 0 1145 2
5 5 301 4
16 1 1129 10
16 16 1129 1
12 12 465 4
8 17 662 11
8 8 662 28
0 14 265 13
0 0 265 4
0 1 1256 8
0 0 1256 1
1 1 1182 31
6 11 686 7
6 6 686 7
10 9 894 7
10 10 894 2
6 3 324 13
6 6 324 6
9 9 224 34
11 13 1329 3
11 11 1329 6
10 3 1348 6
10 10 1348 5
12 12 27 10
12 12 416 15
0 10 440 9
0 0 440 6
18 12 1412 12
18 18 1412 8
19 19 933 9
7 11 682 10
7 7 682 6
10 6 459 9
10 10 459 2
16 16 690 2
0 0 924 6
18 18 1303 6
15 17 1099 9
15 15 1099 4
7 10 876 2
7 7 876 2
7 11 1158 2
7 7 1158 1
1 8 1175 2
1 1 1175 5
13 0 954 12
13 13 954 9
15 16 353 6
15 15 353 1
15 17 220 6
15 15 220 2
0 9 523 7
0 0 523 6
0 15 1136 14
0 0 1136 1
8 16 1383 11
8 8 1383 13
8 17 6 10
8 8 6 11
7 7 1352 14
12 12 456 4
1 1 963 5
1 1 438 1
2 2 722 2
8 2 320 11
8 8 320 2
6 11 319 7
6 6 319 1
10 16 249 6
10 10 249 6
12 12 607 27
14 15 960 9
14 14 960 3
2 2 1337 4
0 3 996 2
0 0 996 15
19 19 64 41
2 2 581 7
3 3 337 16
1 10 793 10
1 1 793 1
9 9 122 3
11 11 273 5
13 13 546 14
10 4 661 5
10 10 661 3
16 5 228 14
16 16 228 4
15 15 180 2
0 0 46 3
2 2 350 12
5 16 1197 1
5 5 1197 15
4 16 1178 7
4 4 1178 5
7 7 414 5
7 7 869 4
11 11 532 12
13 11 1190 5
13 13 1190 9
13 13 126 53
16 16 430 10
0 9 221 3
0 0 221 4
18 18 724 7
19 19 286 12
6 19 1220 1
6 6 1220 4
6 8 1289 8
6 6 1289 3
6 15 850 14
6 6 850 3
9 14 852 14
9 9 852 1
11 19 167 11
11 11 167 9
15 15 896 16
14 14 1401 3
18 12 818 13
18 18 818 13
4 4 312 9
17 8 449 6
17 17 449 15
1 0 399 13
1 1 399 12
3 3 201 2
3 3 668 31
6 9 664 4
6 6 664 5
9 9 18 3
13 13 322 32
11 11 434 3
16 8 76 8
16 16 76 8
0 18 438 9
0 0 438 1
13 13 1023 7
18 18 1091 12
8 8 1100 10
3 4 1248 2
3 3 1248 30
7 12 262 4
7 7 262 5
11 18 278 11
11 11 278 33
12 12 152 19
16 1 219 9
16 16 219 9
8 2 355 9
8 8 355 24
9 9 423 3
6 12 15 10
6 6 15 1
13 4 940 7
13 13 940 5
16 19 421 9
16 16 421 4
17 17 1425 1
6 9 853 4
6 6 853 2
5 4 979 1
5 5 979 1
10 18 719 12
10 10 719 15
11 11 500 6
14 14 13 4
16 10 52 8
16 16 52 20
14 14 659 4
0 18 648 8
0 0 648 4
18 18 1067 3
4 4 170 3
8 10 825 7
8 8 825 11
7 7 181 5
9 9 1377 11
4 4 990 13
1 5 1042 4
1 1 1042 20
6 0 546 1
6 6 546 4
7 8 202 13
7 7 202 2
16 17 269 2
16 16 269 13
14 14 893 1
18 13 695 11
18 18 695 29
3 3 25 13
8 14 1218 13
8 8 1218 15
6 8 957 14
6 6 957 12
8 5 428 4
8 8 428 1
9 0 290 1
9 9 290 3
11 11 1151 1
7 13 1318 5
7 7 1318 2
11 11 1066 5
4 4 622 14
13 18 1222 11
13 13 1222 9
5 5 1056 15
18 2 137 12
18 18 137 12
8 8 742 3
6 11 401 1
6 6 401 2
7 1 29 1
7 7 29 17
11 15 38 8
11 11 38 6
16 2 43 14
16 16 43 4
15 15 493 50
16 16 1087 5
9 9 961 3
2 2 114 3
2 8 703 14
2 2 703 19
3 3 311 15
6 5 288 5
6 6 288 3
7 1 633 11
7 7 633 6
11 8 736 6
11 11 736 2
16 5 527 2
16 16 527 5
19 19 1261 6
0 16 969 1
0 0 969 7
9 14 474 12
9 9 474 9
7 9 195 3
7 7 195 1
14 14 1072 4
1 1 957 6
18 16 639 5
18 18 639 4
17 17 221 5
18 6 229 14
18 18 229 4
15 9 54 5
15 15 54 25
3 3 936 25
6 6 948 8
8 6 83 14
8 8 83 1
7 3 389 11
7 7 389 5
7 1 1258 12
7 7 1258 9
10 10 1114 4
14 14 73 9
18 19 427 9
18 18 427 8
18 8 1420 3
18 18 1420 3
4 4 39 15
10 14 753 14
10 10 753 1
9 9 1282 19
11 11 482 8
16 18 34 4
16 16 34 5
1 10 69 10
1 1 69 15
0 19 1227 8
0 0 1227 1
2 2 694 9
6 8 653 1
6 6 653 2
9 2 5 7
9 9 5 1
11 11 1211 4
16 16 518 3
0 7 960 2
0 0 960 1
0 14 1333 12
0 0 1333 1
2 2 553 7
6 6 97 6
8 8 1187 2
13 13 17 17
14 14 161 15
13 13 1330 2
18 17 561 6
18 18 561 11
18 8 1394 3
18 18 1394 15
1 1 1322 20
8 2 1264 2
8 8 1264 25
6 11 496 4
6 6 496 3
10 2 418 2
10 10 418 2
7 8 1300 2
7 7 1300 12
8 8 944 7
12 12 673 14
17 17 969 3
0 0 185 3
3 11 619 11
3 3 619 3
6 6 757 5
6 0 830 9
6 6 830 8
9 9 189 9
11 18 1274 1
11 11 1274 5
14 14 1365 26
15 15 1097 2
16 7 1006 3
16 16 1006 7
5 5 821 6
18 18 494 6
5 5 201 6
6 3 201 10
6 6 201 3
6 2 274 13
6 6 274 14
10 10 132 3
11 11 165 2
12 12 634 9
0 0 402 5
6 19 535 11
6 6 535 3
7 18 338 10
7 7 338 3
10 19 23 9
10 10 23 2
7 3 1099 5
7 7 1099 12
15 5 879 10
15 15 879 5
13 13 1323 4
18 18 672 16
2 2 870 3
6 2 1373 1
6 6 1373 1
3 17 1389 3
10 19 784 9
10 10 784 5
3 3 157 21
7 1 556 11
7 7 556 3
0 12 331 6
0 0 331 3
0 15 741 9
0 0 741 1
2 9 172 13
2 2 172 25
9 9 167 7
5 5 1051 1
9 3 889 11
9 9 889 2
16 5 512 14
16 16 512 4
17 13 1032 1
17 17 1032 21
16 12 16 11
16 16 16 8
0 9 506 2
0 0 506 1
3 3 737 33
6 15 639 3
6 6 639 4
6 17 192 14
6 6 192 3
7 19 153 3
7 7 153 9
9 14 714 4
9 9 714 3
3 3 847 16
15 15 1288 1
13 13 381 1
0 12 1283 7
0 0 1283 4
3 6 782 14
3 3 782 10
3 3 1221 27
10 10 30 6
12 12 187 17
15 15 884 2
1 1 142 1
18 18 1380 6
16 10 779 10
16 16 779 4
12 12 266 4
9 12 223 5
9 9 223 1
14 14 663 27
1 7 1365 2
1 1 1365 13
11 18 219 14
11 11 219 3
8 8 215 1
10 16 295 11
10 10 295 7
12 12 409 7
10 10 325 10
2 1 1399 2
2 2 1399 1
0 13 1387 14
0 0 1387 4
8 8 1415 1
6 19 630 12
6 6 630 3
12 12 536 4
6 7 268 1
6 6 268 6
7 9 1064 1
7 7 1064 9
11 1 211 8
11 11 211 6
10 11 86 2
10 10 86 11
0 1 981 4
0 0 981 3
4 12 306 10
4 4 306 6
8 19 939 3
8 8 939 5
5 16 519 8
5 5 519 7
10 5 25 4
10 10 25 2
16 18 352 11
16 16 352 1
16 6 762 7
16 16 762 6
0 17 31 10
0 0 31 2
16 9 958 3
16 16 958 4
4 8 116 12
4 4 116 25
6 4 1359 4
6 6 1359 14
8 12 570 3
8 8 570 7
17 17 567 45
7 14 1283 2
7 7 1283 8
10 7 1150 2
10 10 1150 5
17 17 956 13
0 7 345 14
0 0 345 4
2 2 1032 4
18 18 549 12
6 11 734 12
6 6 734 11
0 0 910 6
7 0 126 1
7 7 126 6
10 13 302 9
10 10 302 1
11 11 692 1
13 13 648 11
17 17 1274 2
11 9 1220 11
11 11 1220 9
16 14 979 8
16 16 979 2
2 2 1358 9
0 18 1378 2
0 0 1378 1
2 2 81 16
6 15 1060 13
6 6 1060 5
8 8 963 8
6 12 263 11
6 6 263 2
9 10 33 4
9 9 33 26
11 11 1406 10
11 17 200 5
11 11 200 5
15 15 1237 1
15 15 640 2
16 13 610 4
16 16 610 6
0 13 103 7
0 0 103 1
17 17 1197 42
19 12 1356 2
19 19 1356 5
15 8 1423 10
15 15 1423 2
16 16 359 13
16 3 353 3
16 16 353 1
1 1 718 2
1 5 725 11
1 1 725 44
0 0 1408 3
3 9 99 8
3 3 99 15
4 4 115 1
4 4 234 5
3 3 1344 10
6 4 476 1
6 6 476 20
7 19 486 11
7 7 486 1
3 3 836 11
11 6 604 4
11 11 604 3
9 9 1129 6
11 5 438 4
11 11 438 9
14 14 1414 19
12 12 1170 20
15 15 422 20
18 18 83 10
8 7 1318 2
8 8 1318 7
6 18 721 3
6 6 721 2
6 10 794 4
6 6 794 2
7 7 962 1
15 8 1197 13
15 15 1197 32
14 14 479 4
16 16 970 9
17 17 398 19
4 4 145 7
6 6 608 3
6 12 181 6
6 6 181 4
7 10 313 11
7 7 313 2
7 1 132 11
7 7 132 4
10 3 184 11
10 10 184 7
11 16 826 7
11 11 826 6
13 13 530 2
17 19 342 2
17 17 342 44
0 10 931 6
0 0 931 3
3 3 430 22
8 8 1028 9
6 15 1011 14
6 6 1011 4
7 4 334 10
7 7 334 4
13 11 46 3
13 13 46 26
16 3 350 12
16 16 350 2
13 6 1156 12
13 13 1156 4
18 18 59 1
6 19 1337 10
6 6 1337 4
6 10 898 8
6 6 898 1
16 16 1107 7
13 13 677 14
1 6 607 5
1 1 607 1
8 8 1325 6
7 7 1235 12
16 15 1309 4
16 16 1309 1
17 17 386 12
0 15 454 10
0 0 454 4
6 10 1046 5
6 6 1046 7
3 3 828 5
18 5 330 14
18 18 330 16
9 9 1209 2
12 12 533 3
16 16 139 11
16 14 592 12
16 16 592 1
18 7 163 9
18 18 163 2
18 18 1337 6
4 4 1290 13
16 12 151 1
16 16 151 9
13 14 1352 13
13 13 1352 17
4 4 97 18
6 16 1328 4
6 6 1328 3
6 6 462 6
9 12 378 1
9 9 378 5
0 3 113 6
0 0 113 12
19 19 769 2
10 10 1131 3
18 18 880 4
16 16 937 3
0 8 302 5
0 0 302 10
0 1 147 8
0 0 147 6
0 0 1037 4
6 6 1168 6
5 5 788 10
10 13 654 5
10 10 654 7
9 2 670 10
9 9 670 1
8 5 1339 9
8 8 1339 11
13 15 691 12
13 13 691 3
10 14 1083 9
10 10 1083 1
2 2 1371 3
4 2 842 12
4 4 842 7
3 3 1177 8
9 9 385 1
10 0 529 12
10 10 529 3
10 10 170 1
7 2 1036 10
7 7 1036 3
11 18 255 11
11 11 255 2
16 0 354 7
16 16 354 3
19 19 1317 1
1 1 370 1
1 10 1107 7
1 1 1107 3
7 7 444 5
11 3 1071 2
11 11 1071 5
10 17 1155 6
10 10 1155 9
16 7 332 1
16 16 332 4
15 19 268 5
15 15 268 8
16 6 742 3
16 16 742 12
18 13 758 10
18 18 758 8
19 19 252 11
5 7 305 4
5 5 305 8
6 7 449 10
6 6 449 2
7 7 920 3
8 14 331 12
8 8 331 16
12 12 1215 3
13 13 1031 2
1 1 28 2
1 16 1162 13
1 1 1162 6
6 16 1137 3
6 6 1137 9
6 19 336 4
6 6 336 7
9 1 204 2
9 9 204 6
16 8 1291 13
16 16 1291 3
16 9 1232 1
16 16 1232 6
15 15 631 9
1 11 791 10
1 1 791 2
2 2 456 8
16 2 711 13
16 16 711 4
18 3 1150 14
18 18 1150 13
7 17 1159 8
7 7 1159 3
10 0 975 9
10 10 975 1
11 11 801 8
12 12 1104 14
0 8 67 4
0 0 67 10
0 7 904 4
0 0 904 6
15 15 46 2
8 5 1417 10
8 8 1417 1
9 10 283 3
9 9 283 5
11 7 1060 13
11 11 1060 6
10 16 36 3
10 10 36 1
11 10 325 14
11 11 325 1
13 9 1199 9
13 13 1199 20
17 17 158 16
18 18 36 2
1 1 228 8
0 9 1132 9
0 0 1132 4
4 4 428 13
2 2 49 8
16 5 1208 10
16 16 1208 4
17 17 484 2
0 11 865 13
0 0 865 4
6 19 1128 12
6 6 1128 8
6 6 331 2
9 9 648 2
16 12 1282 14
16 16 1282 4
0 0 1349 4
2 2 12 37
7 7 894 9
14 14 1099 2
17 17 1317 1
16 16 299 2
2 6 370 1
2 2 370 8
2 2 959 3
18 2 1249 8
18 18 1249 26
3 3 394 1
4 4 260 2
6 3 32 6
6 6 32 11
10 14 402 6
10 10 402 3
7 7 708 8
10 3 1319 11
10 10 1319 1
16 6 1056 13
16 16 1056 1
16 8 783 2
16 16 783 3
0 0 201 1
4 13 513 7
4 4 513 22
8 14 1402 12
8 8 1402 13
11 16 1194 8
11 11 1194 1
9 9 100 3
13 13 792 4
13 5 419 13
13 13 419 4
16 12 457 3
16 16 457 20
18 18 1393 1
0 1 888 5
0 0 888 13
18 15 635 5
18 18 635 4
2 18 148 1
2 2 148 1
6 4 1123 8
6 6 1123 1
5 5 692 6
7 11 543 4
7 7 543 2
6 6 330 1
11 10 149 12
11 11 149 1
13 13 734 1
18 17 258 11
18 18 258 4
14 14 386 15
14 14 1015 18
1 11 468 14
1 1 468 20
18 18 1111 6
4 14 380 6
4 4 380 3
3 3 1164 13
19 19 1126 14
11 11 1416 3
11 11 863 3
12 12 236 7
17 17 692 19
16 5 700 1
16 16 700 5
18 6 1309 9
18 18 1309 9
15 15 186 30
7 0 427 13
7 7 427 12
13 15 75 6
13 13 75 8
12 12 1237 15
13 15 1185 7
13 13 1185 5
16 16 715 11
13 13 623 8
19 19 275 11
1 1 1388 2
5 5 999 1
7 12 903 2
7 7 903 1
11 11 630 4
14 14 184 34
12 12 799 28
16 18 448 11
16 16 448 4
14 6 591 11
14 14 591 13
1 1 969 16
1 0 103 6
1 1 103 3
2 8 111 8
2 2 111 3
5 5 701 10
10 7 255 1
10 10 255 1
14 14 1311 2
10 12 248 7
10 10 248 1
19 19 497 4
8 8 297 5
7 7 396 5
9 16 112 9
9 9 112 2
13 13 243 12
15 15 772 10
2 2 1198 8
2 2 324 3
8 4 1070 13
8 8 1070 8
3 3 1282 11
2 2 62 19
9 9 270 2
7 8 879 7
7 7 879 15
2 2 1136 3
10 16 1191 9
10 10 1191 4
19 19 900 7
14 14 114 5
17 17 129 19
18 18 17 10
12 12 358 2
0 3 1137 3
0 0 1137 8
3 12 178 9
3 3 178 12
3 4 521 14
3 3 521 20
6 18 856 14
6 6 856 5
6 17 429 14
6 6 429 3
1 1 893 10
10 2 279 4
10 10 279 2
0 0 886 2
0 17 699 12
0 0 699 7
3 3 195 6
6 1 235 1
6 6 235 3
5 5 881 8
7 4 70 5
7 7 70 9
12 12 600 5
10 7 174 6
10 10 174 1
11 0 1165 6
11 11 1165 4
0 3 1183 2
0 0 1183 3
5 5 567 32
11 19 272 3
11 11 272 1
17 17 1288 29
12 12 1140 28
0 15 916 4
0 0 916 4
14 2 1101 8
14 14 1101 36
8 4 618 4
8 8 618 3
7 11 1278 10
7 7 1278 5
11 4 470 2
11 11 470 12
18 15 447 7
18 18 447 1
4 4 766 6
4 4 75 16
7 7 46 2
10 10 286 2
16 2 730 11
16 16 730 12
11 11 1099 10
11 6 1335 6
11 11 1335 12
18 18 1073 12
4 13 653 11
4 4 653 7
3 3 1106 2
8 8 328 3
7 2 191 12
7 7 191 4
11 11 1326 3
6 6 732 2
17 17 1392 10
14 17 136 12
14 14 136 19
0 13 439 7
0 0 439 1
8 8 1189 4
0 0 1313 1
13 13 1295 11
7 18 1098 13
7 7 1098 1
6 6 125 2
8 8 1210 7
7 19 204 8
7 7 204 3
12 12 460 3
16 16 673 7
0 5 38 11
0 0 38 8
4 4 504 9
7 1 1320 2
7 7 1320 6
12 12 360 19
13 13 118 2
14 14 124 12
15 15 374 9
1 17 217 4
1 1 217 2
5 5 1401 3
8 3 1302 6
8 8 1302 2
4 4 399 1
10 2 741 9
10 10 741 12
9 6 860 10
9 9 860 16
11 11 32 6
14 14 1345 20
16 0 1018 4
16 16 1018 11
17 17 271 28
13 13 1138 3
4 17 1131 8
4 4 1131 11
7 7 180 1
7 16 515 10
7 7 515 6
11 11 746 6
13 13 706 5
3 3 900 5
15 15 601 28
16 13 521 12
16 16 521 4
0 14 1011 1
0 0 1011 5
2 2 446 3
9 9 107 5
18 18 289 32
0 0 556 11
9 11 1078 14
9 9 1078 4
6 9 1385 10
6 6 1385 6
8 13 429 1
8 8 429 12
10 2 868 5
10 10 868 10
13 7 395 6
13 13 395 4
13 17 111 8
13 13 111 7
10 13 781 11
10 10 781 3
15 3 383 8
15 15 383 21
0 16 359 14
0 0 359 2
0 13 529 12
0 0 529 2
0 12 1094 10
0 0 1094 25
5 5 1071 10
6 12 1207 8
6 6 1207 4
14 14 797 2
6 1 845 8
6 6 845 3
8 5 60 10
8 8 60 11
10 6 256 11
10 10 256 5
10 8 1059 5
10 10 1059 11
2 2 1424 8
9 18 3 14
9 9 3 2
10 6 889 10
10 10 889 2
9 9 818 17
17 17 67 32
0 5 389 3
0 0 389 5
6 13 538 8
6 6 538 8
10 7 553 9
10 10 553 3
6 7 861 8
6 6 861 1
0 17 52 12
0 0 52 1
3 3 468 14
8 8 84 4
11 11 404 2
0 0 394 1
0 3 382 8
0 0 382 4
1 1 608 2
18 19 1163 9
18 18 1163 6
11 3 726 6
11 11 726 1
5 12 190 14
5 5 190 11
8 4 750 2
8 8 750 25
9 9 846 6
10 8 1425 5
10 10 1425 2
10 10 552 1
16 16 1161 1
17 17 1053 5
11 11 1152 8
0 10 1228 2
0 0 1228 6
5 5 207 18
8 5 178 5
8 8 178 6
3 3 602 6
13 17 191 14
13 13 191 22
12 12 905 39
9 16 888 13
9 9 888 1
0 0 412 3
0 15 961 3
0 0 961 5
0 18 1334 9
0 0 1334 15
8 10 951 6
8 8 951 8
14 12 283 7
14 14 283 21
16 1 670 10
16 16 670 3
6 12 940 10
6 6 940 2
11 17 397 1
11 11 397 3
16 2 1137 2
16 16 1137 3
13 15 97 11
13 13 97 3
16 4 395 1
16 16 395 1
16 7 848 1
16 16 848 6
1 1 633 3
1 5 44 5
1 1 44 4
0 12 507 1
0 0 507 3
7 18 18 10
7 7 18 11
11 11 87 1
13 13 1096 16
16 13 814 4
16 16 814 2
0 0 809 4
10 10 584 2
7 5 622 14
7 7 622 1
14 5 1168 12
14 14 1168 11
0 0 984 2
6 6 505 17
3 3 776 6
4 1 1239 12
4 4 1239 4
10 10 878 11
10 16 475 10
10 10 475 2
11 11 878 11
10 4 1274 14
10 10 1274 6
16 8 1379 4
16 16 1379 3
17 17 816 9
13 13 1183 2
17 17 206 6
2 2 1156 20
18 18 1386 7
5 5 1348 45
9 7 1092 4
9 9 1092 1
9 9 1141 6
14 11 88 2
14 14 88 16
18 19 410 13
18 18 410 6
1 1 626 3
0 9 742 3
0 0 742 1
19 19 322 7
6 6 749 3
9 9 165 2
7 5 982 12
7 7 982 12
18 4 31 7
18 18 31 5
7 19 943 9
7 7 943 8
14 14 459 1
13 19 742 1
13 13 742 10
2 1 1405 3
2 2 1405 8
18 16 1014 2
18 18 1014 2
18 9 262 10
18 18 262 4
5 5 49 21
11 7 1347 5
11 11 1347 11
10 14 1298 6
10 10 1298 2
14 14 1179 1
13 16 380 11
13 13 380 1
16 16 160 11
2 2 1260 6
18 2 777 2
18 18 777 24
16 19 709 14
16 16 709 2
2 2 975 7
7 2 354 8
7 7 354 5
10 0 450 14
10 10 450 6
7 0 1091 1
7 7 1091 2
13 6 631 12
13 13 631 16
14 14 176 8
16 16 644 3
1 1 141 1
2 2 309 11
5 7 1266 4
5 5 1266 59
3 4 926 9
3 3 926 7
7 1 958 11
7 7 958 4
15 15 471 22
17 17 269 2
10 2 114 8
10 10 114 6
2 2 785 32
4 16 704 11
4 4 704 27
8 8 216 3
7 14 0 3
7 7 0 9
17 17 1024 4
13 9 1146 1
13 13 1146 10
8 13 1416 2
8 8 1416 1
8 8 167 3
10 1 183 7
10 10 183 1
12 12 220 8
12 12 950 37
10 15 461 10
10 10 461 10
9 9 579 18
10 16 985 10
10 10 985 35
12 13 1029 2
12 12 1029 1
14 14 748 19
0 1 16 12
0 0 16 1
8 14 415 8
8 8 415 13
4 3 450 2
4 4 450 8
8 1 112 5
8 8 112 1
7 8 951 12
7 7 951 7
16 13 1126 12
16 16 1126 3
16 0 496 14
16 16 496 4
16 17 837 10
16 16 837 11
0 0 1081 1
6 4 1162 2
6 6 1162 6
11 11 1392 4
19 19 418 2
6 1 373 2
6 6 373 2
7 16 964 4
7 7 964 18
13 14 647 12
13 13 647 1
18 0 76 1
18 18 76 7
16 16 15 1
0 0 830 9
0 7 1379 9
0 0 1379 2
14 15 534 9
14 14 534 57
2 2 667 13
8 8 1423 7
6 19 622 2
6 6 622 5
4 4 1085 6
4 9 1418 10
4 4 1418 2
9 9 1147 2
9 14 763 5
9 9 763 7
10 7 1284 7
10 10 1284 7
18 18 891 2
3 3 1330 14
18 18 1142 2
11 11 1083 8
7 11 1201 10
7 7 1201 3
11 6 344 13
11 11 344 13
1 1 224 4
6 2 1351 7
6 6 1351 3
6 4 1053 6
6 6 1053 1
4 4 1363 8
7 19 940 9
7 7 940 2
11 5 607 8
11 11 607 7
16 18 956 7
16 16 956 2
19 19 345 4
3 4 243 4
3 3 243 68
10 10 976 1
19 19 931 2
13 19 278 8
13 13 278 1
13 18 1132 10
13 13 1132 3
1 1 219 5
8 8 971 33
7 17 312 10
7 7 312 1
10 7 620 3
10 10 620 1
11 8 192 13
11 11 192 3
0 0 127 11
8 5 294 7
8 8 294 1
18 18 1343 2
3 3 401 8
9 6 487 13
9 9 487 21
10 11 511 12
10 10 511 9
11 11 906 5
11 15 337 5
11 11 337 3
16 9 150 7
16 16 150 1
5 14 980 11
5 5 980 3
6 6 899 15
6 6 468 8
10 18 821 13
10 10 821 1
13 13 446 5
0 5 706 5
0 0 706 5
0 13 1079 5
0 0 1079 2
5 5 1150 15
6 8 1156 2
6 6 1156 6
6 2 713 9
6 6 713 1
5 2 351 14
5 5 351 7
8 8 205 5
10 18 545 4
10 10 545 2
10 9 209 1
10 10 209 7
12 12 122 14
14 14 423 6
14 14 3 10
19 19 463 2
2 2 621 8
4 4 153 1
18 18 1233 16
4 4 1059 5
9 8 174 10
9 9 174 11
9 9 1208 1
11 11 249 6
10 10 953 4
13 5 213 12
13 13 213 30
17 17 719 48
16 16 593 15
1 1 693 14
0 6 955 1
0 0 955 5
16 16 1016 2
8 8 577 7
18 18 459 15
7 16 781 8
7 7 781 1
16 17 872 3
16 16 872 3
16 12 342 5
16 16 342 8
17 17 119 6
0 4 229 10
0 0 229 3
15 15 136 15
7 1 1385 3
7 7 1385 3
11 0 423 12
11 11 423 4
16 16 485 4
15 4 448 10
15 15 448 6
4 4 676 3
4 4 241 6
6 6 704 1
5 5 344 7
10 7 216 11
10 10 216 5
9 9 1360 12
16 16 1301 4
16 16 1242 1
10 2 607 2
10 10 607 8
12 12 1296 4
19 19 1207 7
18 18 981 3
19 19 907 10
6 9 1038 6
6 6 1038 5
6 15 595 2
6 6 595 7
10 13 171 9
10 10 171 3
9 9 1185 21
12 12 525 8
16 14 318 2
16 16 318 7
0 0 77 24
0 16 946 9
0 0 946 3
19 19 142 14
8 6 90 4
8 8 90 22
18 18 1359 21
6 3 994 8
6 6 994 1
6 10 55 9
6 6 55 6
10 10 481 2
7 19 721 6
7 7 721 31
7 7 1180 4
16 10 1075 9
16 16 1075 4
12 12 668 5
16 13 786 10
16 16 786 3
1 1 575 17
3 3 89 10
4 13 422 7
4 4 422 1
10 5 807 14
10 10 807 5
7 16 923 4
7 7 923 1
12 12 294 2
15 15 1034 20
15 15 961 3
13 0 1030 7
13 13 1030 1
8 8 785 1
18 8 346 7
18 18 346 2
11 5 723 8
11 11 723 3
10 14 335 14
10 10 335 4
0 10 1359 3
0 0 1359 2
4 4 143 2
9 15 399 5
9 9 399 13
4 4 1041 9
9 9 393 6
7 9 697 11
7 7 697 4
10 6 1336 9
10 10 1336 2
12 12 255 1
16 3 591 11
16 16 591 1
4 4 961 6
4 16 286 11
4 4 286 20
6 2 997 8
6 6 997 3
6 16 46 1
6 6 46 7
7 6 718 5
7 7 718 3
13 13 909 19
10 15 360 13
10 10 360 3
15 15 276 2
13 13 1401 17
16 5 948 13
16 16 948 6
1 18 1297 6
1 1 1297 15
6 19 1246 12
6 6 1246 16
6 8 1315 10
6 6 1315 3
5 5 313 22
7 15 453 2
7 7 453 3
8 16 660 13
8 8 660 2
1 13 1022 1
1 1 1022 18
1 1 20 8
18 4 1226 11
18 18 1226 7
19 19 808 39
8 3 792 11
8 8 792 3
7 0 545 11
7 7 545 11
11 4 869 8
11 11 869 3
9 9 880 8
19 19 1221 14
18 15 1117 3
18 18 1117 4
10 13 891 10
10 10 891 3
5 5 731 5
17 17 847 2
19 19 156 9
8 11 1057 9
8 8 1057 4
4 4 280 1
11 17 950 6
11 11 950 7
16 18 1057 13
16 16 1057 9
16 19 768 1
16 16 768 11
0 3 202 1
0 0 202 2
1 1 1386 2
3 3 977 14
6 2 432 14
6 6 432 10
11 11 1197 14
11 4 7 12
11 11 7 1
11 17 458 6
11 11 458 12
16 19 1200 7
16 16 1200 2
16 16 927 5
4 4 1146 18
2 2 149 3
3 3 212 17
6 6 693 10
8 8 817 2
18 18 198 4
16 15 1402 4
16 16 1402 10
13 9 872 8
13 13 872 11
15 15 1161 18
16 16 89 9
14 14 1012 3
18 3 373 3
18 18 373 27
0 15 1373 4
0 0 1373 5
8 14 1006 6
8 8 1006 8
2 2 1374 17
7 16 224 8
7 7 224 2
11 2 1419 13
11 11 1419 1
16 16 232 11
13 13 1306 11
1 2 657 10
1 1 657 23
1 0 324 7
1 1 324 34
19 19 165 1
12 12 605 2
8 8 184 5
8 2 637 9
8 8 637 11
11 15 1109 7
11 11 1109 18
14 2 104 5
14 14 104 10
7 7 623 1
2 5 253 11
2 2 253 30
6 4 1224 7
6 6 1224 11
6 6 870 13
9 11 808 1
9 9 808 1
19 19 1122 4
18 4 627 9
18 18 627 7
1 1 1180 2
5 5 225 17
8 8 347 6
19 19 501 45
10 10 675 37
7 17 535 9
7 7 535 1
10 6 1346 8
10 10 1346 2
13 13 865 2
8 6 704 1
8 8 704 8
19 19 1235 6
0 17 1177 1
0 0 1177 1
3 3 362 7
9 14 119 5
9 9 119 3
10 10 79 1
9 9 1245 37
12 12 228 8
9 9 641 7
16 1 282 14
16 16 282 11
16 13 692 11
16 16 692 8
18 18 840 28
5 5 1186 11
4 4 267 13
8 7 441 3
8 8 441 3
7 3 419 1
7 7 419 3
7 5 878 11
7 7 878 1
5 5 183 7
7 7 1152 6
10 17 561 1
10 10 561 2
12 12 379 28
16 16 425 5
17 17 718 1
15 15 222 13
1 1 206 11
13 13 796 13
4 4 752 12
3 3 991 7
12 12 868 30
7 2 48 1
7 7 48 5
2 17 97 2
2 2 97 12
10 0 1079 3
10 10 1079 4
16 16 1198 2
0 19 258 5
0 0 258 4
18 7 929 3
18 18 929 26
4 4 141 2
8 0 322 7
8 8 322 3
9 15 674 2
9 9 674 6
11 11 767 4
10 8 1357 7
10 10 1357 5
16 3 87 1
16 16 87 2
1 1 882 11
18 18 816 2
4 4 1172 6
8 8 924 3
7 8 267 5
7 7 267 2
0 0 510 12
13 13 544 2
17 17 850 20
10 6 303 9
10 10 303 7
15 15 182 4
3 3 209 2
8 12 407 2
8 8 407 3
11 11 1091 1
13 10 945 8
13 13 945 9
15 15 360 2
1 1 540 19
19 19 727 14
6 6 1295 11
6 9 848 7
6 6 848 2
5 5 1000 46
7 16 1012 1
7 7 1012 13
11 5 497 3
11 11 497 3
13 8 770 7
13 13 770 4
0 2 281 8
0 0 281 10
0 12 846 12
0 0 846 1
18 18 1070 3
3 3 203 2
4 4 219 4
5 5 889 20
9 9 683 6
13 1 712 6
13 13 712 13
15 4 1252 5
15 15 1252 2
0 17 1314 3
0 0 1314 3
0 1 1175 7
0 0 1175 2
19 19 949 3
4 4 1276 3
7 15 256 11
7 7 256 4
7 17 207 5
7 7 207 2
7 7 666 5
7 13 1121 10
7 7 1121 1
8 8 524 6
14 14 888 5
6 6 1399 4
8 8 530 1
7 7 401 2
11 4 1144 2
11 11 1144 2
7 7 1270 8
18 1 965 3
18 18 965 16
18 19 324 6
18 18 324 6
14 14 1334 11
10 1 717 3
10 10 717 2
9 6 835 3
9 9 835 5
17 18 1058 5
17 17 1058 19
14 1 492 13
14 14 492 6
6 16 1100 7
6 6 1100 1
6 7 218 1
6 6 218 7
9 11 376 6
9 9 376 2
19 19 723 4
11 7 176 5
11 11 176 3
16 11 1382 10
16 16 1382 1
17 17 1384 3
15 6 331 14
15 15 331 11
2 2 597 12
4 4 772 11
5 5 109 43
6 9 117 5
6 6 117 1
7 3 196 5
7 7 196 2
10 15 120 3
10 10 120 10
10 7 1230 5
10 10 1230 44
15 15 132 4
0 6 611 4
0 0 611 6
12 12 296 1
17 17 157 1
4 1 606 13
4 4 606 16
3 3 933 3
9 12 288 8
9 9 288 2
7 7 1312 6
10 4 1105 10
10 10 1105 3
13 13 110 1
12 12 1274 16
0 9 376 9
0 0 376 6
18 17 1169 10
18 18 1169 18
19 13 741 11
19 19 741 2
6 5 1204 8
6 6 1204 3
4 8 1305 11
4 4 1305 10
7 18 1002 2
7 7 1002 2
11 11 88 2
10 7 1056 7
10 10 1056 3
16 7 243 6
16 16 243 11
1 1 415 1
0 9 641 7
0 0 641 2
16 16 1185 1
19 19 850 25
6 14 1095 4
6 6 1095 5
6 15 294 13
6 6 294 1
7 7 172 8
11 7 738 14
11 11 738 4
17 17 767 36
14 14 987 4
19 4 963 9
19 19 963 32
3 17 326 3
3 3 326 11
4 4 344 1
4 4 1250 7
7 7 374 7
7 5 1111 1
7 7 1111 9
10 12 1225 12
10 10 1225 5
12 12 136 4
14 14 273 5
0 3 53 9
0 0 53 10
0 19 634 10
0 0 634 3
9 2 1055 2
9 9 1055 10
4 2 1393 11
4 4 1393 2
9 16 297 2
9 9 297 11
18 6 1423 12
10 8 1112 12
10 10 1112 2
7 7 562 19
0 11 164 1
0 0 164 1
0 14 745 3
0 0 745 29
16 6 926 4
16 16 926 1
6 9 1199 7
6 6 1199 5
6 4 752 14
6 6 752 5
5 5 264 5
2 2 1404 1
11 14 650 13
11 11 650 3
17 0 44 9
17 17 44 2
16 11 1162 13
16 16 1162 1
12 3 827 9
12 12 827 4
18 2 868 2
18 18 868 2
19 19 420 3
16 4 754 10
16 16 754 1
6 6 643 6
7 7 624 7
7 4 1087 5
7 7 1087 2
10 10 1377 3
15 15 1267 21
11 11 1215 5
16 9 632 9
16 16 632 1
1 1 257 17
3 13 770 4
3 3 770 6
6 6 103 6
7 10 826 3
7 7 826 9
11 11 872 6
7 7 849 3
15 15 864 15
17 17 641 28
17 15 212 4
17 17 212 9
19 19 32 25
19 19 642 2
4 4 921 14
4 10 470 13
4 4 470 2
10 0 626 8
10 10 626 7
10 13 1091 1
10 10 1091 11
13 16 981 11
13 13 981 11
16 0 396 6
16 16 396 5
18 14 416 4
18 18 416 11
4 4 1237 2
0 3 736 1
0 0 736 2
8 8 119 2
6 18 828 4
6 6 828 2
8 15 43 5
8 8 43 6
11 11 1160 5
16 6 992 2
16 16 992 3
0 0 485 2
7 17 162 12
7 7 162 2
10 1 130 11
10 10 130 2
10 7 593 9
10 10 593 10
0 0 161 3
17 17 1363 1
17 17 1190 7
18 6 322 8
18 18 322 2
5 5 1330 6
8 4 959 2
8 8 959 4
6 6 94 3
10 7 911 7
10 10 911 10
10 10 472 3
7 13 1093 3
7 7 1093 2
3 3 1278 4
13 11 8 14
13 13 8 3
16 18 372 1
16 16 372 1
14 18 739 10
14 14 739 3
17 17 205 1
8 12 446 10
8 8 446 9
19 19 212 10
4 4 477 27
9 16 426 14
9 9 426 3
10 10 798 5
13 5 974 9
13 13 974 7
12 12 858 10
16 7 132 4
16 16 132 2
0 6 743 14
0 0 743 2
2 14 170 6
2 2 170 2
8 5 1331 5
8 8 1331 2
9 9 1227 4
8 9 210 2
8 8 210 5
10 12 737 11
10 10 737 1
10 12 314 3
10 10 314 4
11 11 79 6
14 4 1257 1
14 14 1257 4
12 12 1398 26
16 3 999 2
16 16 999 6
19 19 1017 23
2 2 646 1
6 6 267 1
17 17 1364 17
1 1 680 13
0 14 976 4
0 0 976 5
8 15 934 11
8 8 934 2
6 14 81 1
6 6 81 4
12 12 706 42
15 15 886 10
16 0 816 14
16 16 816 6
17 17 198 7
0 0 591 15
19 6 656 5
19 19 656 37
3 3 119 7
6 4 1354 9
6 6 1354 3
11 9 544 13
11 11 544 3
9 16 1149 12
9 9 1149 5
17 17 322 7
1 2 903 9
1 1 903 5
19 19 330 10
2 2 750 10
8 3 1338 6
8 8 1338 1
5 5 168 8
6 6 371 2
11 1 905 7
11 11 905 1
10 10 1419 6
16 0 9 11
16 16 9 5
18 18 1006 8
2 2 491 10
0 9 1234 11
0 0 1234 3
4 10 173 5
4 4 173 7
6 11 185 3
6 6 185 7
4 6 1420 14
7 4 144 10
7 7 144 9
11 0 150 5
11 11 150 15
15 19 1230 11
15 15 1230 7
14 14 322 10
17 17 46 18
18 16 180 10
18 18 180 1
19 3 117 14
19 19 117 25
2 2 560 21
6 18 72 1
6 6 72 4
9 19 911 6
9 9 911 10
14 14 1042 3
12 12 1030 48
16 17 823 2
16 16 823 3
13 13 1371 30
0 15 17 14
0 0 17 3
18 18 656 4
11 11 742 1
6 10 1357 5
6 6 1357 2
8 17 113 5
8 8 113 6
15 15 1073 24
13 16 1231 12
13 13 1231 13
15 15 373 1
16 13 1066 8
16 16 1066 1
0 0 1082 1
8 8 886 4
7 3 120 8
7 7 120 2
4 4 423 5
13 13 284 6
16 5 981 11
16 16 981 11
0 0 458 6
16 11 1134 14
16 16 1134 3
0 7 1193 8
0 0 1193 3
1 1 1245 6
4 4 863 14
8 8 1115 2
6 5 261 8
6 6 261 1
10 5 191 10
10 10 191 5
17 17 1161 6
15 15 642 8
1 1 365 5
1 1 1102 5
5 5 1325 5
8 8 1055 2
10 17 1020 4
10 10 1020 1
5 5 526 3
10 6 14 2
10 10 14 9
11 1 916 3
11 11 916 6
12 12 171 16
15 15 307 12
16 17 755 12
16 16 755 7
0 19 232 3
0 0 232 15
19 19 235 17
4 14 458 1
4 4 458 12
10 10 324 1
9 9 1135 6
10 10 1127 4
11 8 716 10
11 11 716 7
19 19 1083 39
19 19 344 1
3 15 585 6
3 3 585 4
8 4 690 1
8 8 690 14
7 4 113 2
7 7 113 3
16 5 293 8
16 16 293 4
13 13 703 3
13 13 1131 1
1 1 770 9
4 4 980 10
5 5 1413 13
3 3 726 6
6 6 171 6
7 2 315 5
7 7 315 1
10 13 621 2
10 10 621 5
9 5 739 11
9 9 739 1
9 9 1206 2
11 11 195 5
15 15 1377 8
14 14 332 11
0 6 112 9
0 0 112 1
1 1 358 7
2 2 364 1
3 3 400 1
10 19 930 1
10 10 930 2
9 14 953 10
9 9 953 8
17 17 825 22
16 2 336 14
16 16 336 6
14 14 767 1
15 15 247 20
2 2 287 2
8 5 1173 13
8 8 1173 4
4 4 1371 5
7 8 473 6
7 7 473 2
9 6 778 9
9 9 778 5
10 13 1134 7
10 10 1134 8
6 5 981 4
6 6 981 5
17 17 503 41
1 1 1002 20
6 6 787 6
6 6 356 1
7 7 110 2
16 19 1311 6
16 16 1311 12
14 14 420 3
16 10 963 13
16 16 963 5
0 0 472 2
0 2 1191 7
0 0 1191 2
4 4 154 16
11 11 929 2
10 3 532 11
10 10 532 13
7 2 586 11
7 7 586 5
14 14 343 6
15 15 79 2
18 6 874 14
18 18 874 6
1 11 1429 6
1 1 1429 1
3 3 409 2
8 0 1037 4
8 8 1037 6
6 14 1000 7
6 6 1000 11
6 14 61 3
6 6 61 9
18 7 194 10
18 18 194 4
10 12 1395 3
10 10 1395 7
16 13 1085 11
16 16 1085 1
10 10 829 3
7 15 925 14
7 7 925 2
16 16 1100 7
0 18 730 5
0 0 730 2
19 19 797 9
6 17 1148 5
6 6 1148 4
6 6 705 1
8 11 245 4
8 8 245 10
10 10 652 2
9 9 668 2
18 3 1276 2
18 18 1276 9
16 16 1243 5
16 6 117 8
16 16 117 4
8 13 310 12
8 8 310 1
0 0 1353 3
2 14 419 10
2 2 419 1
3 1 369 1
3 3 369 7
5 5 29 20
7 15 297 3
7 7 297 2
9 9 90 10
9 11 1184 13
9 9 1184 1
9 16 67 6
9 9 67 23
14 13 1151 9
14 14 1151 17
17 17 711 7
18 3 154 3
18 18 154 9
16 10 665 10
16 16 665 5
6 14 995 14
6 6 995 2
9 9 272 11
10 14 734 8
10 10 734 3
17 17 336 6
18 12 1345 13
18 18 1345 1
19 19 693 16
3 3 88 1
8 17 1358 6
8 8 1358 6
6 13 1321 9
6 6 1321 7
8 15 728 1
8 8 728 7
6 6 455 1
4 4 1083 2
11 11 581 17
11 11 8 14
10 6 547 4
10 10 547 5
13 13 996 5
16 16 477 8
0 19 295 3
0 0 295 3
2 2 128 5
3 17 233 12
3 3 233 10
8 12 786 13
8 8 786 2
13 13 885 4
18 13 117 3
18 18 117 3
6 8 1030 7
6 6 1030 2
6 17 156 2
6 6 156 15
7 7 294 3
7 14 237 7
7 7 237 3
7 13 696 4
7 7 696 1
17 7 885 9
17 17 885 31
16 3 1166 11
16 16 1166 9
3 3 391 3
6 6 986 6
7 19 439 11
7 7 439 1
9 19 1082 1
9 9 1082 10
11 0 327 7
11 11 327 10
16 14 1067 5
16 16 1067 8
16 12 325 13
16 16 325 7
17 17 329 7
1 1 567 8
18 18 751 7
19 19 263 10
2 2 853 1
3 3 65 23
8 8 1397 3
8 8 735 7
10 13 376 5
10 10 376 4
11 8 634 14
11 11 634 3
17 0 803 6
17 17 803 8
10 10 1051 5
13 13 424 5
17 17 919 33
16 2 921 10
16 16 921 1
5 5 698 3
1 1 416 22
9 12 654 14
9 9 654 14
14 14 1246 4
13 13 313 4
17 17 544 18
13 13 1423 5
0 0 429 1
2 6 449 13
2 2 449 4
16 1 962 1
16 16 962 1
7 9 287 6
7 7 287 7
7 18 234 11
7 7 234 3
13 6 255 4
13 13 255 12
16 4 301 11
16 16 301 5
2 2 368 2
4 4 636 10
4 15 262 14
4 4 262 5
9 14 258 11
9 9 258 12
8 4 1253 11
8 8 1253 11
9 16 616 7
9 9 616 9
10 10 586 7
13 13 901 8
15 3 929 4
15 15 929 8
15 15 284 5
16 6 726 6
16 16 726 4
18 2 1203 3
18 18 1203 23
3 3 541 2
6 19 1307 11
6 6 1307 8
3 3 732 5
9 0 147 14
9 9 147 10
10 12 355 3
10 10 355 5
7 7 1367 1
12 12 469 10
14 3 17 8
14 14 17 24
5 5 736 14
7 7 932 8
4 4 239 2
6 1 682 11
6 6 682 1
6 19 320 2
6 6 320 4
11 17 704 14
11 11 704 3
14 14 1306 5
6 0 885 1
6 6 885 3
15 18 50 14
15 15 50 4
18 18 831 1
3 3 356 6
2 10 197 2
2 2 197 6
7 8 227 13
7 7 227 7
15 5 994 6
15 15 994 31
19 19 1338 9
0 11 920 2
0 0 920 4
2 2 331 19
3 3 62 2
3 3 1311 19
11 11 1175 16
9 1 1425 5
9 9 1425 3
7 5 1162 8
7 7 1162 5
11 11 373 6
16 2 1049 1
16 16 1049 7
13 13 1418 4
16 9 888 3
16 16 888 9
1 1 48 21
0 7 567 14
0 0 567 24
1 1 1378 8
14 7 907 13
14 14 907 5
8 0 1379 4
8 8 1379 4
8 6 1208 9
8 8 1208 2
8 8 717 7
9 12 358 2
9 9 358 1
11 11 616 14
15 15 969 25
15 15 1120 2
12 12 1190 25
16 18 919 8
16 16 919 2
18 18 474 1
0 9 678 3
0 0 678 18
2 2 109 2
4 4 665 1
6 12 1112 14
6 6 1112 10
8 1 775 4
8 8 775 2
8 5 145 7
8 8 145 22
7 13 534 10
7 7 534 1
9 9 1395 10
13 13 725 9
13 10 1369 8
13 13 1369 2
2 2 1341 17
0 18 1178 14
0 0 1178 1
7 7 269 2
7 11 216 1
7 7 216 2
7 14 679 11
7 7 679 2
19 19 1347 9
5 5 1404 9
11 11 49 30
6 6 16 1
10 7 841 11
10 10 841 10
7 9 873 3
7 7 873 3
9 8 931 13
9 9 931 22
16 14 1231 11
16 16 1231 1
15 15 354 2
16 1 708 13
16 16 708 1
1 5 205 2
1 1 205 1
6 11 862 1
6 6 862 8
4 18 1325 12
4 4 1325 38
8 15 1233 4
8 8 1233 6
16 6 14 2
16 16 14 1
17 17 634 7
2 2 1413 10
6 6 17 15
5 5 1091 21
6 2 676 10
6 6 676 4
1 1 779 12
7 14 64 9
7 7 64 2
7 5 527 10
7 7 527 1
15 13 1315 2
15 15 1315 49
15 13 1182 1
15 15 1182 7
15 15 597 4
16 8 795 2
16 16 795 11
13 12 452 13
13 13 452 1
6 9 567 12
6 6 567 10
7 7 209 1
9 16 562 2
9 9 562 10
14 19 1261 6
14 14 1261 24
17 7 849 8
17 17 849 1
9 9 721 16
0 14 33 8
0 0 33 5
18 18 832 1
19 19 178 33
17 17 107 11
8 1 1239 6
8 8 1239 2
3 16 1293 8
3 3 1293 15
10 5 1402 2
10 10 1402 7
11 6 931 11
11 11 931 5
2 2 528 25
8 0 1350 3
8 8 1350 8
8 8 1297 5
6 13 1292 3
6 6 1292 3
5 5 983 2
9 9 857 3
11 7 614 10
11 11 614 2
10 18 1087 4
10 10 1087 1
14 14 1404 10
16 16 901 10
1 1 985 17
0 9 847 6
0 0 847 1
18 18 610 6
2 2 680 6
3 12 1108 10
3 3 1108 8
9 8 1405 10
9 9 1405 12
11 11 186 2
13 13 711 1
15 2 9 3
15 15 9 22
0 2 1022 14
0 0 1022 1
19 19 948 1
16 8 1130 6
16 16 1130 4
9 19 429 14
9 9 429 9
8 19 1184 12
8 8 1184 2
7 10 1120 11
7 7 1120 1
8 9 1124 5
8 8 1124 7
13 7 125 14
13 13 125 1
17 12 669 4
17 17 669 4
19 19 1361 19
8 1 531 9
8 8 531 1
4 4 1164 8
9 7 318 7
9 9 318 26
16 13 1038 14
16 16 1038 11
17 17 302 20
8 8 1304 3
7 3 1004 11
7 7 1004 5
9 14 1301 10
9 9 1301 11
16 0 1181 7
16 16 1181 2
10 4 1077 8
10 10 1077 2
0 0 273 8
16 4 1184 11
16 16 1184 1
4 4 886 12
6 8 1101 14
6 6 1101 9
10 10 738 3
11 11 179 7
16 9 1383 7
16 16 1383 4
12 16 584 9
12 12 584 16
18 18 803 13
6 6 969 2
10 11 556 1
10 10 556 5
9 6 572 10
9 9 572 7
12 12 1126 14
12 9 1124 11
12 12 1124 2
16 4 215 14
16 16 215 1
0 17 63 4
0 0 63 2
9 9 751 12
5 5 1180 6
6 14 1391 13
6 6 1391 8
6 9 5 13
6 6 5 10
7 2 852 1
7 7 852 5
10 6 1118 6
10 10 1118 4
16 3 1029 14
16 16 1029 2
16 1 415 1
16 16 415 4
13 15 1219 10
13 13 1219 3
19 19 1040 8
0 6 174 3
0 0 174 11
0 0 531 5
2 2 779 6
16 3 822 6
16 16 822 1
8 15 1311 4
8 8 1311 4
8 18 745 4
8 8 745 5
5 5 985 7
10 15 270 8
10 10 270 9
14 14 1231 11
5 5 675 17
6 2 649 11
6 6 649 4
6 14 295 9
6 6 295 6
10 10 145 3
10 1 1383 7
10 10 1383 2
16 4 1374 2
16 16 1374 5
8 9 540 6
8 8 540 17
15 15 31 15
4 19 345 4
4 4 345 35
6 6 109 8
10 18 471 3
10 10 471 1
14 14 278 5
14 14 731 8
4 3 582 7
4 4 582 8
9 8 296 10
9 9 296 1
11 11 406 1
13 13 102 5
15 1 596 12
15 15 596 1
0 12 165 6
0 0 165 1
13 13 928 12
0 19 1119 7
0 0 1119 3
5 5 1046 5
8 13 859 6
8 8 859 5
6 5 826 1
6 6 826 2
6 9 399 13
6 6 399 2
9 9 185 4
7 1 994 8
7 7 994 8
11 11 653 9
16 17 1163 6
16 16 1163 3
1 14 812 2
1 1 812 14
0 3 665 3
0 0 665 3
19 19 423 7
1 1 1264 6
13 13 179 1
4 4 1115 16
7 18 164 3
7 7 164 8
13 13 382 13
0 5 160 8
0 0 160 1
14 14 366 20
16 3 633 7
16 16 633 2
1 1 256 1
0 11 1288 2
0 0 1288 1
7 16 1039 10
7 7 1039 24
4 4 1258 6
10 10 901 5
7 18 821 12
7 7 821 5
16 16 382 8
13 19 1327 11
13 13 1327 3
19 19 1380 25
16 16 955 1
2 2 289 16
3 8 608 3
3 3 608 11
6 6 930 10
10 9 1088 5
10 10 1088 3
15 4 912 9
15 15 912 8
1 5 948 1
1 1 948 9
0 8 188 5
0 0 188 13
5 5 165 3
4 4 1288 2
7 13 12 5
7 7 12 3
11 9 1279 3
11 11 1279 4
16 4 28 11
16 16 28 6
1 19 488 13
1 1 488 17
0 7 656 10
0 0 656 9
6 5 1078 3
6 6 1078 12
6 15 204 14
6 6 204 14
10 10 1385 6
12 12 40 60
12 19 898 2
12 12 898 7
16 18 171 5
16 16 171 1
15 11 109 10
15 15 109 14
1 12 281 2
1 1 281 15
8 14 1131 6
8 8 1131 5
6 12 522 11
6 6 522 12
7 7 359 14
11 11 1046 14
11 11 311 11
8 2 584 4
8 8 584 27
16 5 373 4
16 16 373 4
9 9 876 4
1 13 711 14
1 1 711 5
1 17 1312 6
1 1 1312 10
3 3 452 16
4 0 1376 3
4 4 1376 3
7 14 835 5
7 7 835 2
17 17 811 5
12 12 270 4
13 13 408 11
15 15 921 8
13 15 1262 1
13 13 1262 11
0 0 334 11
19 19 443 1
3 0 482 8
3 3 482 39
4 13 731 3
4 4 731 21
5 5 377 15
13 13 279 5
11 7 699 7
11 11 699 5
10 16 1409 10
10 10 1409 3
16 16 1332 3
13 17 862 8
13 13 862 3
13 18 489 5
13 13 489 30
19 19 1172 8
1 1 84 19
0 16 1244 12
0 0 1244 7
2 2 647 13
6 17 1065 12
6 6 1065 3
9 9 1154 10
15 15 703 26
16 18 631 3
16 16 631 1
1 18 274 3
1 1 274 6
19 19 546 78
1 1 1139 6
18 14 1144 3
18 18 1144 6
7 7 348 2
7 9 811 1
7 7 811 4
7 1 758 12
7 7 758 23
15 15 300 7
14 14 860 4
5 5 624 12
4 19 1379 1
4 4 1379 14
4 4 563 19
10 18 794 9
10 10 794 4
10 10 339 3
11 11 547 10
17 17 952 4
10 10 1374 3
0 0 325 4
2 2 1036 1
4 1 31 8
4 4 31 6
6 8 730 5
6 6 730 2
6 11 815 10
6 6 815 9
6 0 1320 10
6 6 1320 1
16 10 1323 7
16 16 1323 9
13 1 855 5
13 13 855 7
4 9 849 11
4 4 849 14
8 8 1418 5
8 13 276 8
8 8 276 18
6 6 259 2
7 16 606 10
7 7 606 12
13 13 541 3
12 12 944 6
18 9 181 8
18 18 181 3
0 0 936 7
2 16 411 14
2 2 411 8
7 19 341 4
7 7 341 7
7 7 800 11
9 9 1044 11
10 10 520 5
1 1 721 4
0 18 1420 3
0 0 1420 1
3 5 905 4
3 3 905 15
17 17 1108 22
10 5 346 12
10 10 346 6
7 11 1404 2
7 7 1404 2
10 11 1149 3
10 10 1149 1
12 12 316 1
17 17 260 6
0 5 1083 8
0 0 1083 2
4 4 19 7
8 8 193 12
11 6 681 12
11 11 681 11
11 12 124 12
11 11 124 25
13 2 848 1
13 13 848 7
10 10 1084 3
0 11 1381 6
0 0 1381 2
4 14 1003 12
4 4 1003 30
2 7 665 13
2 2 665 2
6 6 177 4
10 2 982 1
10 10 982 3
7 7 136 3
9 7 1164 11
9 9 1164 9
11 3 205 4
11 11 205 6
15 15 1238 11
14 14 959 1
0 12 943 1
0 0 943 3
1 3 1101 5
1 1 1101 1
8 9 1024 5
8 8 1024 4
8 15 490 3
8 8 490 33
9 9 508 6
12 12 753 24
15 15 839 25
13 13 1160 12
14 14 814 26
0 11 606 10
0 0 606 5
0 6 1411 7
0 0 1411 9
14 14 1066 6
8 16 121 2
8 8 121 2
9 9 1173 11
7 18 942 13
7 7 942 1
11 11 427 7
12 12 832 26
16 18 489 4
16 16 489 7
1 1 190 5
1 16 912 10
1 1 912 5
0 14 717 14
0 0 717 13
2 2 737 4
15 10 1428 6
6 6 793 1
7 12 112 10
7 7 112 1
16 3 1305 5
16 16 1305 4
15 15 464 7
1 1 769 1
6 2 615 6
6 6 615 7
10 4 977 13
10 10 977 4
10 1 618 8
10 10 618 2
12 12 204 16
17 17 1153 6
15 9 650 3
15 15 650 26
18 18 167 3
0 16 934 3
0 0 934 2
2 2 365 3
2 13 982 14
2 2 982 1
9 14 1030 12
9 9 1030 14
15 15 1425 3
16 1 806 6
16 16 806 3
15 15 246 1
2 2 1126 4
18 6 643 12
18 18 643 13
3 3 1015 24
3 3 1354 35
11 12 598 9
11 11 598 6
11 11 416 7
7 7 1338 14
0 10 298 14
0 0 298 4
18 18 73 1
19 19 352 8
1 1 1213 32
6 9 1146 8
6 6 1146 2
6 8 784 2
6 6 784 1
6 6 357 3
7 13 105 13
7 7 105 5
10 18 223 13
10 10 223 2
16 2 392 6
16 16 392 3
1 19 794 3
1 1 794 18
18 18 984 6
2 2 501 11
19 19 465 10
1 1 1070 22
5 5 19 10
5 5 750 38
7 5 307 6
7 7 307 2
7 1 581 11
7 7 581 5
13 13 520 10
15 18 1385 1
15 15 1385 3
17 17 16 5
3 3 879 21
7 0 1185 1
7 7 1185 12
16 11 1086 13
16 16 1086 1
19 17 1422 3
1 1 239 2
4 4 535 28
4 19 441 3
4 4 441 9
6 6 888 1
9 6 383 3
9 9 383 2
7 0 924 12
7 7 924 1
2 2 1050 6
12 2 297 8
12 12 297 19
16 17 940 12
16 16 940 3
18 18 64 6
0 17 1024 4
0 0 1024 7
6 13 348 6
6 6 348 7
11 10 732 6
11 11 732 4
16 2 571 10
16 16 571 7
0 0 464 3
6 11 85 2
6 6 85 6
2 2 57 5
6 4 1036 5
6 6 1036 2
7 1 1033 7
7 7 1033 1
11 15 240 6
11 11 240 9
14 8 912 12
14 14 912 47
19 19 1318 20
1 1 375 24
6 14 992 14
6 6 992 1
6 18 53 6
6 6 53 2
10 10 495 16
12 12 337 1
16 16 39 4
14 14 718 13
0 0 547 1
2 13 238 5
2 2 238 15
6 14 883 10
6 6 883 2
7 19 462 3
7 7 462 2
7 15 1376 13
7 7 1376 9
16 1 1092 10
16 16 1092 5
13 13 430 16
0 2 312 11
0 0 312 13
18 18 955 8
10 7 37 9
10 10 37 18
0 8 1031 12
0 0 1031 6
4 4 685 6
3 3 1138 2
5 12 335 12
5 5 335 9
6 8 343 4
6 6 343 2
16 11 1294 4
16 16 1294 7
19 19 1214 3
0 19 796 10
0 0 796 13
8 8 311 9
9 2 317 10
9 9 317 1
10 9 80 10
10 10 80 6
16 13 311 2
16 16 311 7
16 16 1394 3
18 13 1318 1
18 18 1318 19
2 2 931 28
3 3 390 1
8 8 1084 16
10 8 406 4
10 10 406 8
7 7 1175 1
11 11 326 1
15 15 278 6
2 2 1139 17
3 16 64 10
3 3 64 1
3 3 1002 13
4 9 152 13
4 4 152 1
10 18 812 4
10 10 812 5
7 17 914 5
7 7 914 4
11 9 637 13
11 11 637 10
12 12 479 10
13 0 423 6
13 13 423 1
16 16 922 4
16 16 878 3
1 4 106 10
1 1 106 11
2 6 152 4
2 2 152 18
4 12 660 13
4 4 660 5
9 9 653 1
0 15 168 12
0 0 168 6
16 0 100 4
16 16 100 5
13 13 1422 1
0 12 430 13
0 0 430 5
1 1 464 4
13 13 963 11
4 1 1050 12
4 4 1050 9
7 14 688 4
7 7 688 8
9 9 1233 12
12 12 573 3
14 14 244 25
15 15 750 22
14 14 866 5
15 15 1388 1
10 3 836 11
10 10 836 4
11 11 936 14
10 1 563 12
10 10 563 21
17 17 148 9
0 7 204 5
0 0 204 17
5 4 1231 12
5 5 1231 35
6 2 1239 2
6 6 1239 1
4 4 406 8
10 15 352 8
10 10 352 1
7 10 1366 8
7 7 1366 1
16 16 1202 6
16 5 1387 14
16 16 1387 7
18 3 120 11
18 18 120 1
0 16 672 8
0 0 672 2
0 5 1045 6
0 0 1045 4
6 2 683 11
6 6 683 3
9 9 454 18
7 7 536 2
9 19 1353 8
9 9 1353 7
10 9 1369 3
10 10 1369 5
13 16 870 8
13 13 870 2
13 13 305 6
17 17 99 8
8 4 221 7
8 8 221 3
4 4 383 12
19 9 373 13
19 19 373 44
10 11 71 14
10 10 71 8
7 1 226 13
7 7 226 1
7 7 681 1
10 10 1320 1
16 16 1419 2
14 6 498 7
14 14 498 36
17 17 870 5
14 14 304 16
2 14 328 4
2 2 328 3
6 13 1408 14
6 6 1408 10
3 6 1310 5
3 3 1310 1
15 15 216 2
11 17 372 14
11 11 372 1
13 18 72 11
13 13 72 3
15 10 937 9
15 15 937 2
15 19 356 4
15 15 356 4
0 17 1149 3
0 0 1149 18
14 5 696 2
14 14 696 22
18 18 1063 4
7 3 53 12
7 7 53 11
10 19 363 8
10 10 363 3
13 13 782 10
13 19 473 2
13 13 473 3
11 17 1285 3
11 11 1285 3
0 11 269 4
0 0 269 2
4 4 666 7
3 3 658 10
18 18 233 3
6 6 312 7
15 15 591 5
2 2 464 27
0 1 1179 1
0 0 1179 1
3 3 803 25
7 7 219 5
7 7 678 1
11 11 841 10
16 13 98 4
16 16 98 2
17 17 245 15
2 2 323 1
3 3 38 24
6 11 1403 13
6 6 1403 5
6 2 972 3
6 6 972 9
4 2 1183 11
4 4 1183 11
11 15 365 9
11 11 365 7
14 14 799 5
6 6 1217 3
3 14 961 3
3 3 961 16
6 4 416 12
6 6 416 13
9 9 855 2
11 11 506 2
13 9 775 11
13 13 775 7
16 6 911 6
16 16 911 8
18 18 927 2
18 14 616 11
18 18 616 11
0 11 1251 1
0 0 1251 4
2 2 686 8
6 19 238 14
6 6 238 5
10 9 1355 5
10 10 1355 2
12 2 1259 1
12 12 1259 8
7 3 931 5
7 7 931 1
16 16 73 1
14 14 964 16
0 0 435 3
0 12 1016 14
0 0 1016 6
19 19 942 6
6 8 564 13
6 6 564 3
6 6 121 4
7 5 671 4
7 7 671 5
13 6 606 7
13 13 606 8
15 6 782 3
15 15 782 27
16 12 216 4
16 16 216 1
14 14 887 1
18 12 244 12
18 18 244 1
18 18 833 1
19 19 1413 9
4 4 935 12
8 15 621 10
8 8 621 16
9 8 308 3
9 9 308 8
9 9 157 1
8 9 908 3
8 8 908 16
13 8 122 6
13 13 122 3
15 15 362 11
14 14 627 32
4 19 54 10
4 4 54 5
8 8 49 11
9 4 133 10
9 9 133 14
11 17 44 2
11 11 44 4
1 1 592 15
13 13 768 2
11 9 1372 5
11 11 1372 6
14 13 604 12
14 14 604 23
18 11 918 11
18 18 918 9
3 8 205 11
3 3 205 4
3 3 640 3
6 10 225 12
6 6 225 7
8 8 128 12
9 9 681 2
14 17 483 3
14 14 483 3
15 15 1254 9
10 13 318 2
10 10 318 4
18 6 348 7
18 18 348 15
0 0 1023 1
11 19 1191 1
11 11 1191 3
4 4 799 41
8 8 1136 2
8 0 901 3
8 8 901 2
2 2 420 3
9 3 103 11
9 9 103 4
7 11 660 3
7 7 660 3
11 5 1081 2
11 11 1081 2
18 0 475 10
18 18 475 18
14 14 894 1
18 15 1285 3
18 18 1285 3
5 5 1170 10
6 6 345 3
8 7 532 4
8 8 532 8
6 11 3 5
6 6 3 2
7 0 403 5
7 7 403 1
11 11 1146 2
11 8 513 10
11 11 513 10
10 13 1108 4
10 10 1108 4
14 14 692 4
8 8 1004 2
1 1 619 7
0 0 541 6
13 13 1092 4
2 2 817 3
18 18 266 10
15 15 1150 11
9 9 1231 2
0 18 839 1
0 0 839 7
0 4 652 13
0 0 652 4
0 15 1265 2
0 0 1265 15
19 19 847 3
6 10 1090 12
6 6 1090 5
3 19 1116 6
3 3 1116 22
6 13 301 4
6 6 301 11
11 11 1368 2
15 15 1263 4
6 10 550 2
6 6 550 1
7 0 198 3
7 7 198 2
2 2 1206 35
18 17 93 14
18 18 93 24
11 12 973 14
11 11 973 51
18 18 28 3
5
2 9 712
3 14 48
7 6 261
8 11 343
17 8 223
