20 6305
14 6 74 4
14 14 74 3
18 6 428 6
18 18 428 5
18 18 706 6
2 1 776 14
2 2 776 19
19 9 269 7
19 19 269 3
5 16 269 4
5 5 269 2
5 6 984 12
5 5 984 8
7 6 996 6
7 7 996 1
14 14 1359 3
9 11 796 1
9 9 796 6
13 13 1107 1
1 1 810 4
4 4 1065 2
18 0 1054 12
18 18 1054 8
6 6 654 2
5 8 670 11
5 5 670 4
0 16 1169 5
0 0 1169 4
0 0 895 1
9 3 731 1
9 9 731 15
14 14 1303 5
15 15 1337 20
17 17 1194 27
2 7 1310 14
2 2 1310 19
19 15 91 3
19 19 91 2
2 8 993 13
2 2 993 6
19 12 965 4
19 19 965 3
7 18 831 7
7 7 831 1
9 9 548 17
9 17 1279 9
9 9 1279 7
11 0 312 1
11 11 312 9
3 3 1276 13
17 17 827 13
16 16 205 9
19 10 1374 3
19 19 1374 5
15 13 173 10
15 15 173 4
19 19 639 11
4 4 924 16
5 17 485 3
5 5 485 12
6 6 509 5
10 10 874 30
6 16 1185 7
6 6 1185 2
7 17 1307 1
7 7 1307 9
12 12 281 8
14 14 77 1
19 7 1048 6
19 19 1048 3
0 0 166 20
2 12 214 12
2 2 214 5
19 9 748 14
19 19 748 2
15 5 74 4
15 15 74 5
8 8 1287 7
6 6 758 5
6 6 827 10
9 17 883 3
9 9 883 11
11 11 652 45
14 13 1366 5
14 14 1366 8
14 14 1058 10
1 2 1271 8
1 1 1271 2
3 3 288 22
6 13 287 12
6 6 287 3
11 11 797 4
7 7 999 3
13 8 188 1
13 13 188 1
17 17 1187 7
15 15 103 7
19 8 1270 5
19 19 1270 4
1 18 263 5
1 1 263 5
14 6 886 8
14 14 886 9
8 8 1125 6
6 6 528 3
18 18 656 9
14 14 165 2
15 14 729 1
15 15 729 60
1 1 717 25
16 16 1012 9
4 4 464 1
9 18 336 4
9 9 336 2
9 9 479 2
13 13 1268 5
1 4 907 3
1 1 907 6
2 2 1083 11
18 18 1153 22
1 5 1375 3
1 1 1375 2
5 17 1054 3
5 5 1054 1
8 8 1294 1
5 0 164 2
5 5 164 2
6 7 818 4
6 6 818 1
6 19 391 5
6 6 391 23
10 10 740 4
7 15 986 9
7 7 986 1
14 13 478 5
14 14 478 3
17 17 606 1
14 17 568 7
14 14 568 2
2 7 1377 14
2 2 1377 4
19 9 945 2
19 19 945 1
1 17 82 8
1 1 82 3
3 3 764 18
6 7 632 4
6 6 632 1
9 4 50 6
9 9 50 1
7 8 619 10
7 7 619 2
9 15 1176 4
9 9 1176 1
8 8 804 15
13 14 746 10
13 13 746 13
13 6 181 12
13 13 181 2
14 5 374 9
14 14 374 2
14 9 715 6
14 14 715 1
19 9 17 4
19 19 17 2
2 12 1011 8
2 2 1011 3
6 6 292 9
5 13 70 10
5 5 70 4
9 18 899 10
9 9 899 5
2 12 1149 11
2 2 1149 2
17 17 821 6
14 6 737 7
14 14 737 1
17 17 195 4
1 0 710 14
1 1 710 3
18 16 894 4
18 18 894 14
19 16 214 3
19 19 214 2
8 8 1275 2
7 7 834 2
14 7 3 4
14 14 3 4
8 8 1092 19
16 3 1131 2
16 16 1131 11
12 12 1249 5
15 4 343 9
15 15 343 9
15 1 363 14
15 15 363 1
12 12 576 2
5 12 173 3
5 5 173 1
11 11 1011 5
15 15 869 1
9 9 1328 5
12 12 81 7
13 13 1150 16
2 8 494 6
2 2 494 13
0 11 567 14
0 0 567 15
9 19 59 11
9 9 59 2
7 7 1071 6
16 16 1348 5
13 13 174 7
15 15 117 1
1 14 686 13
1 1 686 3
0 0 978 11
2 1 970 13
2 2 970 2
7 7 195 2
6 15 514 10
6 6 514 5
7 5 351 7
7 7 351 5
7 7 810 4
13 13 628 2
13 13 63 11
14 7 183 14
14 14 183 1
14 14 744 4
19 6 1397 5
19 19 1397 4
1 1 1336 3
5 11 1354 1
5 5 1354 2
19 19 326 2
1 0 901 13
1 1 901 1
18 18 550 5
6 9 369 4
6 6 369 3
10 2 662 2
10 10 662 17
10 10 291 10
15 15 830 1
11 10 70 2
11 11 70 14
9 3 913 5
9 9 913 3
13 4 481 3
13 13 481 2
0 17 483 2
0 0 483 19
18 18 291 6
1 17 28 11
1 1 28 6
19 15 365 14
19 19 365 1
5 5 754 11
5 3 845 13
5 5 845 6
7 15 1060 13
7 7 1060 3
11 11 215 25
14 14 1121 9
6 6 1010 4
13 13 370 1
14 1 949 11
14 14 949 6
9 9 1335 4
3 3 420 19
6 6 78 8
7 7 750 1
9 15 1051 1
9 9 1051 7
14 14 1040 18
17 17 807 14
13 3 1166 8
13 13 1166 2
14 13 1192 1
14 14 1192 2
2 7 1173 6
2 2 1173 3
0 18 692 5
0 0 692 13
1 13 1329 8
1 1 1329 5
4 18 112 13
4 4 112 7
14 7 731 8
14 14 731 6
8 8 574 1
4 4 1367 7
10 10 782 19
11 11 1172 17
7 15 1407 8
7 7 1407 2
7 1 1226 1
7 7 1226 13
16 7 1113 6
16 16 1113 13
16 16 499 7
19 19 341 2
9 4 853 14
9 9 853 9
8 8 1315 15
4 4 196 1
19 9 462 6
19 19 462 2
19 17 1174 8
19 19 1174 3
9 9 212 6
7 7 1420 1
4 4 1390 16
15 15 543 20
15 15 458 2
2 6 1354 11
2 2 1354 9
0 17 817 10
0 0 817 4
14 7 1290 12
14 14 1290 8
3 3 723 4
4 4 1080 23
16 16 145 14
15 15 110 1
12 7 1360 12
12 12 1360 5
3 3 273 10
9 9 832 6
19 19 998 3
19 11 239 1
19 19 239 7
8 8 598 17
6 6 65 2
9 16 303 3
9 9 303 3
7 0 792 9
7 7 792 1
9 9 585 7
5 5 61 3
16 16 757 42
19 19 1411 15
13 13 1387 5
6 17 911 11
6 6 911 3
4 4 1374 4
9 9 775 7
7 9 1219 5
7 7 1219 2
12 3 308 2
12 12 308 17
16 16 490 9
13 10 1048 4
13 13 1048 2
0 0 340 1
1 1 602 16
0 0 718 3
3 3 587 12
17 16 1056 8
17 17 1056 1
7 7 574 3
6 6 597 1
19 2 1194 5
19 19 1194 2
0 0 776 5
2 2 507 4
18 18 1140 13
19 3 894 11
19 19 894 16
13 13 173 1
5 6 41 10
5 5 41 11
16 4 65 10
16 16 65 21
18 18 1273 6
13 6 356 5
13 13 356 1
14 15 338 14
14 14 338 7
17 17 1236 8
1 1 689 19
14 15 707 11
14 14 707 1
2 19 512 13
2 2 512 2
5 12 1300 3
5 5 1300 6
13 13 31 1
3 3 1340 3
9 9 149 4
7 7 1195 5
11 11 338 1
10 0 365 8
10 10 365 19
14 11 822 10
14 14 822 5
1 1 546 6
14 5 1392 3
14 14 1392 1
2 13 838 14
2 2 838 3
4 4 35 12
4 4 1349 1
9 9 373 4
7 7 1389 2
1 1 601 1
13 1 1041 10
13 13 1041 3
2 2 761 1
19 16 348 10
19 19 348 10
5 1 791 11
5 5 791 6
9 5 198 5
9 9 198 2
19 15 439 9
19 19 439 5
15 7 988 11
15 15 988 7
12 12 975 3
18 13 862 12
18 18 862 7
18 18 268 23
19 7 464 4
19 19 464 1
1 7 1069 2
1 1 1069 4
4 4 8 6
5 4 18 8
5 5 18 1
6 6 160 8
9 17 746 6
9 9 746 8
9 9 1213 4
15 15 807 23
6 15 796 11
6 6 796 5
0 0 958 20
19 7 138 13
19 19 138 1
8 8 537 1
3 4 878 1
3 3 878 6
6 9 1006 9
6 6 1006 3
4 4 1213 11
9 9 493 4
10 10 485 6
7 7 1184 4
12 12 347 5
13 19 35 14
13 13 35 4
7 18 568 12
7 7 568 1
14 14 1038 2
6 17 450 5
6 6 450 2
7 7 464 4
9 6 817 10
9 9 817 10
7 7 768 1
17 17 494 1
1 5 993 9
1 1 993 2
0 5 151 13
0 0 151 4
12 12 969 6
19 17 360 5
19 19 360 2
19 5 799 4
19 19 799 5
0 0 916 9
8 8 674 6
9 14 642 10
9 9 642 1
2 14 1367 12
2 2 1367 7
2 6 54 11
2 2 54 8
6 15 598 12
6 6 598 2
6 18 155 8
6 6 155 3
9 7 389 12
9 9 389 1
7 19 246 14
7 7 246 4
7 15 701 8
7 7 701 2
14 8 153 6
14 14 153 1
13 9 573 12
13 13 573 15
13 13 203 2
6 13 374 1
6 6 374 5
6 6 434 3
14 5 913 14
14 14 913 5
1 11 643 9
1 1 643 3
2 3 380 5
2 2 380 1
14 8 1308 3
14 14 1308 7
8 8 1078 8
6 19 993 13
6 6 993 1
13 13 531 5
9 4 1079 1
9 9 1079 11
14 16 154 6
14 14 154 3
15 15 264 5
13 3 1405 12
13 13 1405 7
2 6 1145 1
2 2 1145 4
1 8 231 2
1 1 231 9
2 2 239 4
19 4 272 5
19 19 272 3
5 5 1244 12
5 6 904 10
5 5 904 2
12 12 289 9
15 15 1047 5
0 0 313 7
0 0 1048 4
19 19 804 6
5 0 1133 6
5 5 1133 3
6 16 1141 5
6 6 1141 5
3 3 1141 21
8 8 681 7
9 17 1225 11
9 9 1225 2
14 14 1237 8
13 2 318 7
13 13 318 5
15 15 627 5
16 16 563 4
1 1 875 2
19 15 43 11
19 19 43 6
0 16 1207 10
0 0 1207 9
2 2 634 12
4 4 829 7
2 18 199 7
2 2 199 2
7 2 288 10
7 7 288 3
7 7 239 1
10 13 81 10
10 10 81 7
2 2 816 8
10 10 1319 5
12 10 1177 14
12 12 1177 10
8 8 1041 1
17 17 875 4
12 12 1433 2
0 0 71 79
1 1 335 7
2 13 928 12
2 2 928 1
0 0 327 4
5 5 608 5
7 11 433 6
7 7 433 8
7 17 892 6
7 7 892 2
10 3 32 6
10 10 32 1
7 7 1174 5
16 16 310 2
13 13 906 1
14 14 157 3
13 4 1195 1
13 13 1195 6
2 2 1136 2
19 2 1200 2
19 19 1200 4
12 12 476 1
4 4 518 24
5 4 294 9
5 5 294 3
5 9 1009 10
5 5 1009 10
10 0 813 8
10 10 813 33
19 9 1309 2
19 19 1309 2
19 3 770 12
19 19 770 24
15 15 1052 1
19 13 347 13
19 19 347 1
14 15 637 8
14 14 637 10
1 1 1159 4
3 3 208 11
5 13 252 14
5 5 252 2
6 15 250 13
6 6 250 3
12 12 98 24
14 8 447 13
14 14 447 3
13 13 1421 1
6 9 119 7
6 6 119 2
3 0 353 10
3 3 353 27
8 8 1002 4
5 12 728 5
5 5 728 18
7 5 281 7
7 7 281 2
1 6 746 12
1 1 746 3
11 11 858 2
13 17 562 10
13 13 562 4
13 14 253 5
13 13 253 4
16 16 303 3
18 11 853 11
18 18 853 9
19 19 161 3
19 13 596 1
19 19 596 3
5 13 1288 1
5 5 1288 1
6 0 979 10
6 6 979 4
5 5 617 3
11 11 1105 6
9 6 622 4
9 9 622 2
7 18 1167 13
7 7 1167 7
10 10 1201 17
17 17 139 6
4 12 90 8
4 4 90 4
4 4 407 11
6 9 439 6
6 6 439 11
7 5 63 11
7 7 63 8
7 4 1361 6
7 7 1361 11
14 9 470 9
14 14 470 3
14 14 584 2
1 0 1012 10
1 1 1012 2
13 1 1059 9
13 13 1059 26
2 12 144 4
2 2 144 5
19 14 209 13
19 19 209 5
6 8 253 14
6 6 253 2
9 9 269 3
10 10 679 6
13 9 869 13
13 13 869 5
13 13 304 10
14 14 1019 3
1 14 869 9
1 1 869 6
1 8 296 5
1 1 296 4
7 10 1333 9
7 7 1333 7
4 4 376 23
6 11 571 6
6 6 571 9
6 13 140 13
6 6 140 9
3 3 917 1
19 11 1051 1
19 19 1051 2
14 8 1110 1
14 14 1110 1
17 17 1298 1
18 18 766 2
19 19 1340 2
2 15 329 14
2 2 329 8
5 19 1190 2
5 5 1190 2
6 16 31 4
6 6 31 8
9 17 265 13
9 9 265 2
7 16 882 13
7 7 882 10
11 11 541 31
6 6 619 7
12 12 1233 12
14 19 672 12
14 14 672 1
19 12 714 10
19 19 714 4
3 3 177 31
8 8 1381 4
6 17 869 1
6 6 869 8
4 4 1312 19
9 2 813 11
9 9 813 3
13 13 781 3
17 17 517 5
1 12 123 2
1 1 123 16
18 11 1083 12
18 18 1083 14
1 2 1169 7
1 1 1169 9
5 7 1112 12
5 5 1112 8
8 8 147 12
9 11 235 7
9 9 235 4
10 10 251 2
19 13 718 11
19 19 718 2
11 11 142 1
13 12 723 5
13 13 723 6
15 15 1171 7
15 3 590 11
15 15 590 11
13 8 1201 3
13 13 1201 2
2 4 1339 7
2 2 1339 8
19 19 936 3
19 4 1057 8
19 19 1057 1
8 8 301 7
9 12 116 6
9 9 116 9
7 1 673 8
7 7 673 5
17 17 862 8
14 14 877 1
7 5 695 3
7 7 695 6
3 3 41 16
3 3 947 2
8 8 615 2
6 6 22 1
9 10 306 1
9 9 306 2
10 10 384 22
12 12 374 2
13 5 120 13
13 13 120 4
15 0 364 12
15 15 364 15
12 18 245 11
12 12 245 8
2 17 1117 6
2 2 1117 1
2 2 243 10
19 4 723 9
19 19 723 16
19 5 503 1
19 19 503 4
5 3 1004 9
5 5 1004 5
7 7 45 2
7 7 1351 1
10 19 846 8
10 10 846 1
14 14 481 7
5 5 383 3
1 12 966 9
1 1 966 1
18 14 617 6
18 18 617 22
18 18 803 3
5 5 674 4
5 5 893 11
10 0 226 8
10 10 226 25
11 11 256 17
12 12 993 1
14 18 965 8
14 14 965 3
14 9 1068 3
14 14 1068 4
1 8 314 12
1 1 314 5
2 2 21 2
2 0 606 4
2 2 606 9
6 17 126 13
6 6 126 2
9 1 125 14
9 9 125 1
9 8 1227 3
9 9 1227 7
16 16 217 40
13 13 1289 2
5 11 1192 10
5 5 1192 11
8 8 1241 34
5 5 393 6
5 18 580 2
5 5 580 8
7 7 864 4
9 9 1108 4
14 13 121 12
14 14 121 5
17 17 299 23
18 18 721 33
1 13 1394 9
1 1 1394 3
5 5 1081 5
8 8 1330 9
13 12 831 8
13 13 831 5
14 15 488 2
14 14 488 2
13 6 1056 6
13 13 1056 3
19 19 1141 2
18 18 608 9
19 19 841 3
5 3 683 7
5 5 683 3
5 1 870 5
5 5 870 1
9 18 21 8
9 9 21 6
19 19 1405 3
11 11 188 11
12 12 6 15
12 12 920 19
15 19 604 3
15 15 604 6
1 1 840 24
1 15 307 13
1 1 307 7
19 14 515 3
19 19 515 5
1 1 1052 2
6 8 556 2
6 6 556 2
9 18 295 8
9 9 295 8
9 12 569 7
9 9 569 2
10 10 1218 13
13 13 225 11
17 17 840 22
14 13 895 3
14 14 895 1
14 3 725 2
14 14 725 1
18 18 697 8
19 19 624 2
8 9 1216 1
8 8 1216 7
5 7 498 4
5 5 498 6
9 9 1015 4
7 11 1316 8
7 7 1316 8
10 19 631 8
10 10 631 24
1 1 618 1
18 18 712 6
6 6 1285 2
7 8 1006 10
7 7 1006 2
11 11 491 14
14 14 1349 1
14 14 1175 1
1 4 976 12
1 1 976 1
19 13 411 4
19 19 411 22
19 19 846 4
6 8 1232 4
6 6 1232 1
6 6 290 2
9 9 721 6
9 13 1380 7
9 9 1380 5
13 11 766 1
13 13 766 15
17 17 1389 5
14 14 983 1
18 18 340 2
19 2 85 14
19 19 85 1
2 10 999 1
2 2 999 6
8 8 450 10
9 9 468 3
7 7 193 2
11 11 895 19
12 12 140 8
13 10 26 6
13 13 26 2
16 17 1302 13
16 16 1302 1
19 19 194 5
2 2 918 10
8 2 1223 1
8 8 1223 7
3 19 1405 6
3 3 1405 12
6 6 507 2
7 7 395 5
8 8 852 3
15 1 1043 9
15 15 1043 4
14 3 700 11
14 14 700 4
1 6 952 13
1 1 952 8
0 0 533 11
19 19 307 2
8 8 1281 6
4 6 1284 1
4 4 1284 28
11 11 1219 19
16 16 1174 12
17 5 438 10
17 17 438 8
19 19 1155 4
1 7 71 2
1 1 71 1
19 8 547 1
19 19 547 6
3 7 753 5
3 3 753 1
19 4 1114 8
19 19 1114 2
9 13 7 2
9 9 7 4
14 13 203 2
14 14 203 11
14 14 1162 4
16 16 516 15
19 14 1264 4
19 19 1264 6
1 3 269 14
1 1 269 19
2 11 437 8
2 2 437 7
2 6 555 12
2 2 555 1
4 4 347 2
8 8 948 32
10 10 110 51
13 13 1332 2
0 2 637 9
0 0 637 4
2 2 292 1
5 14 1155 7
5 5 1155 9
8 8 1230 6
5 11 484 7
5 5 484 1
6 6 498 9
11 11 574 3
13 14 100 7
13 13 100 4
14 9 82 1
14 14 82 3
15 15 320 5
17 17 376 9
2 17 1057 7
2 2 1057 1
7 7 727 12
19 2 312 13
19 19 312 7
1 1 918 2
14 6 1321 2
14 14 1321 3
5 4 186 11
5 5 186 3
9 9 882 1
14 10 1300 9
14 14 1300 3
19 12 1239 6
19 19 1239 4
12 12 1383 2
16 16 1004 8
1 1 802 8
6 6 1342 6
18 18 1046 8
4 4 179 4
5 5 203 3
7 4 621 4
7 7 621 3
7 2 1080 1
7 7 1080 3
14 3 929 6
14 14 929 9
10 5 904 2
10 10 904 17
19 17 99 2
19 19 99 6
2 18 546 4
2 2 546 2
4 4 1013 2
5 9 535 10
5 5 535 4
10 17 476 3
10 10 476 9
7 8 642 6
7 7 642 13
14 10 287 4
14 14 287 1
17 17 201 18
2 8 1161 2
2 2 1161 1
13 13 945 1
1 15 1325 12
1 1 1325 2
5 15 1164 14
5 5 1164 12
5 6 1351 4
5 5 1351 2
4 9 465 6
4 4 465 2
6 5 928 9
6 6 928 5
7 0 836 13
7 7 836 2
9 18 1136 4
9 9 1136 7
14 14 85 2
19 7 1056 7
19 19 1056 1
13 15 1234 2
13 13 1234 5
2 9 795 13
2 2 795 6
8 8 1295 16
6 2 750 1
6 6 750 1
8 8 665 7
14 7 625 5
14 14 625 7
14 4 1374 4
14 14 1374 1
2 13 1406 6
2 2 1406 15
18 18 580 2
2 2 65 1
14 14 984 6
6 6 1076 9
6 2 633 1
6 6 633 1
5 1 655 9
5 5 655 3
8 8 189 13
2 2 824 8
15 15 111 1
1 1 1144 15
5 5 1343 8
10 13 1009 3
10 10 1009 1
13 6 634 12
13 13 634 4
14 14 173 6
16 16 828 1
1 18 709 3
1 1 709 1
2 14 310 3
2 2 310 2
3 3 1360 18
4 4 1378 4
7 7 502 4
7 9 1239 5
7 7 1239 5
13 2 971 3
13 13 971 4
12 12 853 4
15 15 923 3
0 10 320 12
0 0 320 2
1 4 57 11
1 1 57 9
2 6 169 9
2 2 169 10
3 6 599 4
3 3 599 2
6 2 810 3
6 6 810 3
7 7 7 3
7 14 978 6
7 7 978 5
6 17 736 6
6 6 736 8
14 14 1260 1
19 12 1001 14
19 19 1001 3
16 16 21 14
14 4 512 6
14 14 512 5
18 18 297 1
18 18 1010 17
2 2 88 11
15 15 161 4
3 3 1211 16
7 12 148 5
7 7 148 2
7 3 611 2
7 7 611 3
7 1 1070 8
7 7 1070 1
7 14 655 13
7 7 655 18
17 17 42 12
3 3 228 45
2 7 414 5
2 2 414 2
2 11 564 8
2 2 564 19
5 5 78 3
7 9 805 11
7 7 805 5
10 10 27 5
12 12 176 5
13 1 62 10
13 13 62 1
2 4 1179 5
2 2 1179 13
9 3 584 3
9 9 584 1
18 16 1377 4
18 18 1377 11
5 14 1353 6
5 5 1353 1
6 6 914 4
12 16 844 12
12 12 844 9
14 14 39 9
19 19 1070 18
2 2 593 7
3 3 137 3
6 5 813 9
6 6 813 1
5 19 827 14
5 5 827 6
7 14 971 12
7 7 971 4
14 14 1271 3
16 16 12 7
14 19 523 7
14 14 523 1
0 0 502 6
1 5 504 10
1 1 504 7
18 18 1027 11
6 19 1062 8
6 6 1062 7
5 11 38 10
5 5 38 3
6 5 188 1
6 6 188 5
9 19 35 5
9 9 35 10
10 10 179 13
7 7 1063 1
13 10 381 3
13 13 381 4
12 0 946 4
12 12 946 11
1 1 678 3
18 18 892 2
2 8 527 11
2 2 527 1
4 4 319 7
13 4 75 1
13 13 75 5
5 2 514 13
5 5 514 7
19 7 675 6
19 19 675 3
14 1 805 9
14 14 805 2
0 6 20 2
0 0 20 33
1 3 154 6
1 1 154 3
2 5 264 2
2 2 264 6
8 8 575 23
7 12 1221 12
7 7 1221 1
19 19 72 5
17 17 1132 4
15 15 1001 21
13 18 1054 10
13 13 1054 2
2 2 1029 1
16 16 531 32
5 1 1032 10
5 5 1032 3
6 2 361 4
6 6 361 8
19 19 1249 3
15 12 907 10
15 15 907 9
12 12 397 12
14 14 473 4
13 19 1135 2
13 13 1135 3
1 1 497 2
2 9 42 3
2 2 42 12
6 18 183 3
6 6 183 4
9 7 767 1
9 9 767 2
11 11 207 8
12 12 540 3
19 19 127 3
19 8 562 12
19 19 562 12
2 18 518 9
2 2 518 2
6 9 231 8
6 6 231 1
8 8 1026 15
15 15 1083 15
7 18 332 7
7 7 332 3
2 15 1259 6
2 2 1259 6
7 11 742 2
7 7 742 4
10 10 1171 20
1 1 552 10
0 12 592 14
0 0 592 5
1 1 1289 7
5 4 449 8
5 5 449 5
9 9 371 2
11 11 1164 8
10 1 1122 10
10 10 1122 2
13 13 385 5
17 17 499 18
0 0 341 2
2 1 1052 2
2 2 1052 5
1 5 12 10
1 1 12 10
5 1 1137 7
5 5 1137 18
6 19 1153 2
6 6 1153 3
3 3 1025 9
8 8 202 29
9 12 220 1
9 9 220 7
7 12 569 7
7 7 569 2
11 3 119 3
11 11 119 6
14 14 1217 5
1 13 775 6
1 1 775 4
0 0 1406 8
0 15 1187 3
0 0 1187 7
1 6 1067 9
1 1 1067 1
6 1 613 12
6 6 613 1
9 8 497 14
9 9 497 11
9 9 45 5
12 12 206 2
13 19 355 10
13 13 355 1
17 14 670 5
17 17 670 9
19 19 1006 11
3 17 405 3
3 3 405 5
3 3 1343 2
8 8 403 10
7 13 784 12
7 7 784 4
16 12 749 10
16 16 749 8
5 3 613 6
5 5 613 4
1 1 1282 5
6 7 1257 3
6 6 1257 6
2 2 1329 9
6 17 456 10
6 6 456 2
15 17 1024 9
15 15 1024 9
1 1 1007 1
18 18 1245 21
16 5 1036 2
16 16 1036 5
5 5 347 2
9 6 580 2
9 9 580 4
5 5 52 9
16 16 1298 4
17 17 1263 12
1 1 451 5
1 1 1068 1
5 13 1419 3
5 5 1419 4
6 6 604 2
8 8 267 29
7 7 301 1
12 6 530 8
12 12 530 10
15 9 669 4
15 15 669 23
5 5 664 3
2 3 943 6
2 2 943 1
4 4 991 16
17 17 159 36
9 4 492 3
9 9 492 1
12 18 340 5
12 12 340 3
16 16 799 29
13 13 1347 13
2 1 1151 8
2 2 1151 3
6 6 894 1
9 17 381 4
9 9 381 4
9 4 816 1
9 9 816 1
11 11 577 3
12 16 299 4
12 12 299 2
15 15 1033 3
17 17 922 5
1 15 992 9
1 1 992 1
2 5 132 2
2 2 132 2
2 2 753 1
13 13 189 1
4 4 253 13
5 7 324 4
5 5 324 6
6 4 338 2
6 6 338 3
7 7 131 11
13 11 686 11
13 13 686 18
9 9 762 2
19 1 1211 7
19 19 1211 3
0 0 775 1
19 19 472 7
7 7 1160 1
7 18 1035 11
7 7 1035 1
11 11 242 3
16 9 458 13
16 16 458 31
13 11 202 5
13 13 202 1
16 16 306 4
14 14 918 3
5 5 718 1
2 8 381 12
2 2 381 1
19 2 585 8
19 19 585 10
2 2 531 15
7 10 275 6
7 7 275 6
8 8 385 3
17 19 1159 6
17 17 1159 12
19 18 708 10
19 19 708 4
12 1 339 8
12 12 339 1
2 2 548 7
15 7 860 8
15 15 860 9
14 14 716 9
14 14 769 4
0 18 1130 7
0 0 1130 8
1 1 1308 17
4 4 418 14
15 11 177 6
15 15 177 7
11 11 582 59
17 17 1096 27
13 0 1026 10
13 13 1026 2
1 1 1017 7
0 0 724 11
5 10 1132 13
5 5 1132 1
19 19 1106 8
6 6 341 4
7 18 548 12
7 7 548 2
12 12 1291 6
18 18 383 13
19 8 481 9
19 19 481 3
15 19 1102 4
15 15 1102 9
6 17 590 13
6 6 590 1
7 7 291 3
10 8 517 11
10 10 517 2
13 13 195 1
14 14 921 2
2 2 1246 9
2 16 929 1
2 2 929 2
5 5 1203 2
8 8 1086 6
4 4 1196 14
10 10 33 4
17 17 145 9
5 5 1406 13
5 5 293 1
4 4 1331 15
10 10 810 1
9 10 802 9
9 9 802 4
17 17 479 6
1 1 1010 2
1 1 421 10
2 6 150 10
2 2 150 5
2 1 707 10
2 2 707 1
19 19 206 1
19 2 1180 12
19 19 1180 1
18 18 1233 3
14 15 1245 2
14 14 1245 4
12 18 424 9
12 12 424 6
4 18 1226 2
4 4 1226 1
14 6 1009 1
14 14 1009 9
19 2 545 11
19 19 545 2
2 16 476 14
2 2 476 2
0 7 1167 7
0 0 1167 2
4 4 370 5
3 3 1162 9
6 17 138 7
6 6 138 1
17 13 617 11
17 17 617 6
10 8 1327 12
10 10 1327 15
12 4 242 11
12 12 242 3
13 13 252 1
14 12 250 8
14 14 250 8
13 15 1309 14
13 13 1309 4
19 19 599 8
5 7 1212 10
5 5 1212 10
18 18 1354 2
5 5 413 18
7 5 425 6
7 7 425 6
7 7 1166 1
13 13 898 4
2 2 1096 4
1 13 240 4
1 1 240 4
0 8 1144 1
0 0 1144 8
2 12 811 12
2 2 811 2
6 17 1237 7
6 6 1237 1
6 10 256 1
6 6 256 11
8 3 713 6
8 8 713 42
11 11 1016 36
9 13 144 10
9 9 144 4
7 7 901 4
16 16 1204 13
12 12 797 17
14 13 20 11
14 14 20 1
1 15 97 14
1 1 97 2
4 4 1350 17
7 4 79 2
7 7 79 25
6 4 591 6
6 6 591 6
13 13 1413 6
1 9 868 8
1 1 868 1
2 12 471 5
2 2 471 1
2 1 589 13
2 2 589 4
5 1 704 9
5 5 704 12
7 19 1142 8
7 7 1142 5
14 15 1111 7
14 14 1111 4
16 16 689 2
1 8 344 11
1 1 344 3
2 8 326 7
2 2 326 3
4 4 947 10
14 7 1375 14
14 14 1375 4
12 12 376 8
12 12 645 3
16 16 891 4
4 4 732 44
0 0 197 18
1 8 201 1
1 1 201 3
1 15 1383 13
1 1 1383 3
6 3 1297 7
6 6 1297 6
7 5 55 6
7 7 55 6
11 11 1190 12
11 11 48 22
14 16 1393 3
14 14 1393 8
14 14 31 3
15 15 407 41
1 8 122 12
1 1 122 1
5 18 1095 6
5 5 1095 5
3 16 660 4
3 3 660 4
6 1 672 6
6 6 672 5
19 4 1385 5
19 19 1385 1
6 15 318 10
6 6 318 6
9 18 701 4
9 9 701 3
17 17 1171 11
12 12 606 1
13 12 296 2
13 13 296 3
12 12 1116 8
17 17 90 11
1 0 893 3
1 1 893 1
1 2 288 4
1 1 288 4
1 8 1025 1
1 1 1025 2
4 4 352 4
7 12 1135 3
7 7 1135 5
14 19 1118 14
14 14 1118 2
14 14 313 14
13 4 566 1
13 13 566 6
0 0 914 2
6 11 1401 2
6 6 1401 1
3 5 1289 2
3 3 1289 5
6 12 23 14
6 6 23 8
15 15 1098 4
1 11 765 1
1 1 765 2
1 1 543 1
6 3 1223 4
6 6 1223 9
12 16 994 10
12 12 994 6
7 8 1019 5
7 7 1019 6
16 2 356 11
16 16 356 2
10 14 1075 5
10 10 1075 9
0 7 811 11
0 0 811 6
4 2 1125 11
4 4 1125 2
19 19 396 9
8 8 326 7
11 11 1324 31
19 17 867 4
19 19 867 18
17 17 1394 42
17 17 1221 15
2 19 425 8
2 2 425 2
19 1 509 9
19 19 509 3
1 7 1050 4
1 1 1050 1
5 4 103 5
5 5 103 1
9 1 425 13
9 9 425 11
19 12 1253 1
19 19 1253 11
7 7 1124 3
0 0 768 7
14 13 885 12
14 14 885 1
18 18 1288 50
4 4 596 1
5 5 1378 17
6 6 965 1
4 4 1152 21
11 11 1095 10
9 12 1115 1
9 9 1115 3
14 8 126 10
14 14 126 15
17 17 298 1
9 5 710 8
9 9 710 1
4 8 840 4
4 4 840 1
1 1 1393 1
9 13 1177 9
9 9 1177 1
8 8 1193 11
7 7 1008 2
19 10 1196 1
19 19 1196 4
7 7 580 1
17 17 624 46
1 19 116 11
1 1 116 3
19 8 405 8
19 19 405 6
1 16 1250 8
1 1 1250 12
4 6 650 4
4 4 650 20
3 10 642 14
3 3 642 4
8 8 333 22
19 2 502 5
19 19 502 1
7 11 186 13
7 7 186 7
11 11 1317 7
11 11 744 17
13 11 346 13
13 13 346 3
14 5 408 4
14 14 408 29
17 17 84 6
18 18 346 17
2 4 416 2
2 2 416 7
2 18 1005 5
2 2 1005 6
14 4 938 9
14 14 938 2
4 4 793 5
14 4 69 2
14 14 69 5
8 8 903 20
7 15 380 2
7 7 380 9
9 4 1267 13
9 9 1267 1
8 4 923 1
8 8 923 10
14 17 214 5
14 14 214 1
14 17 267 14
14 14 267 3
6 11 122 3
6 6 122 1
19 0 627 14
19 19 627 12
19 14 105 10
19 19 105 12
13 14 209 6
13 13 209 10
5 6 497 1
5 5 497 1
5 4 588 5
5 5 588 3
19 13 541 8
19 19 541 4
11 11 982 10
13 18 934 11
13 13 934 3
3 3 1417 2
2 2 194 1
6 3 1201 10
6 6 1201 2
16 16 358 6
7 2 1002 12
7 7 1002 4
14 18 549 6
14 14 549 8
1 1 983 9
1 5 410 3
1 1 410 5
2 18 117 13
2 2 117 15
8 8 98 36
13 15 236 7
13 13 236 5
8 14 372 1
8 8 372 13
5 6 878 13
5 5 878 3
10 10 600 4
11 7 1370 10
11 11 1370 15
6 6 722 7
11 11 180 3
1 18 832 6
1 1 832 6
3 3 410 10
19 19 958 5
8 8 1145 18
7 8 373 12
7 7 373 6
9 13 545 9
9 9 545 2
9 9 1268 8
13 1 590 11
13 13 590 3
13 3 493 14
13 13 493 3
13 7 1338 3
13 13 1338 4
2 2 298 8
12 12 759 7
6 14 1378 3
6 6 1378 1
9 13 1093 4
9 9 1093 15
18 18 119 6
0 0 641 9
8 8 855 8
5 6 267 10
5 5 267 2
18 18 210 37
13 5 816 11
13 13 816 1
19 6 497 10
19 19 497 5
1 3 403 7
1 1 403 7
19 8 1038 4
19 19 1038 10
19 19 854 8
11 11 719 7
4 1 1428 3
11 11 1363 7
12 5 578 14
12 12 578 15
16 9 176 13
16 16 176 2
15 15 24 7
1 9 268 1
1 1 268 1
7 13 1331 1
7 7 1331 2
19 19 528 2
13 13 874 5
8 8 1120 5
9 6 945 12
9 9 945 2
5 2 557 1
5 5 557 10
10 10 921 15
7 14 1107 14
7 7 1107 4
19 8 1342 3
19 19 1342 4
14 13 1082 3
14 14 1082 1
14 1 160 9
14 14 160 5
15 15 137 7
13 12 946 14
13 13 946 6
2 14 293 1
2 2 293 5
6 6 942 7
16 16 1126 5
3 3 541 46
11 11 169 5
11 11 964 2
15 15 916 5
13 18 1273 14
13 13 1273 16
1 0 46 10
1 1 46 11
19 19 750 14
13 13 133 1
6 11 1187 2
6 6 1187 14
6 12 756 10
6 6 756 2
0 0 1152 7
13 13 670 7
19 16 924 12
19 19 924 9
12 12 823 2
17 17 603 3
17 17 430 8
9 3 327 11
9 9 327 2
4 17 1427 9
4 4 1427 1
9 16 15 6
9 9 15 1
7 14 1083 6
7 7 1083 18
6 6 582 6
15 15 1280 43
7 12 926 13
7 7 926 5
1 12 261 13
1 1 261 2
2 2 1014 5
7 14 283 8
7 7 283 3
6 5 91 13
6 6 91 3
9 18 453 2
9 9 453 4
7 7 822 5
9 19 595 4
9 9 595 6
19 7 963 1
19 19 963 2
14 14 171 2
14 7 284 2
14 14 284 3
15 17 150 9
15 15 150 11
13 2 1025 7
13 13 1025 1
18 18 1388 10
9 4 342 7
9 9 342 5
9 16 1001 11
9 9 1001 12
9 6 1143 5
9 9 1143 13
16 16 1142 4
15 15 328 12
0 0 191 6
18 18 1279 8
6 19 1178 2
6 6 1178 7
6 13 751 8
6 6 751 1
19 5 1098 13
19 19 1098 6
11 13 1264 4
11 11 1264 5
14 11 1258 11
14 14 1258 2
12 12 481 3
15 15 1111 7
15 15 207 1
18 18 303 34
1 6 80 9
1 1 80 2
19 19 433 5
8 10 980 6
8 8 980 22
6 13 276 10
6 6 276 1
7 4 158 8
7 7 158 4
14 3 1018 2
14 14 1018 1
14 19 1173 4
14 14 1173 2
12 12 957 3
9 1 894 13
9 9 894 1
16 16 627 10
14 15 1078 5
14 14 1078 2
18 18 779 13
6 0 521 12
6 6 521 5
5 5 543 14
10 13 452 3
10 10 452 15
9 1 1263 2
9 9 1263 2
11 11 296 16
13 3 633 13
13 13 633 1
8 8 689 2
16 15 829 1
16 16 829 1
1 12 708 5
1 1 708 1
18 18 666 24
19 19 216 13
16 16 1273 6
4 4 567 1
8 8 1277 4
7 2 956 4
7 7 956 8
19 16 1372 2
19 19 1372 2
13 14 183 9
13 13 183 1
14 13 662 8
14 14 662 6
1 2 629 2
1 1 629 4
19 14 764 5
19 19 764 6
8 8 844 8
5 5 358 7
6 5 380 6
6 6 380 11
9 8 168 8
9 9 168 3
8 8 819 25
14 18 1261 12
14 14 1261 4
13 3 486 6
13 13 486 3
17 17 408 13
1 5 819 2
1 1 819 13
0 1 1386 7
0 0 1386 13
19 1 438 6
19 19 438 1
3 3 471 9
3 14 743 1
3 3 743 10
4 4 495 9
9 15 716 10
9 9 716 5
0 0 234 8
13 13 737 4
13 13 375 6
17 17 742 6
2 10 1257 3
2 2 1257 2
18 18 770 9
2 13 968 7
2 2 968 2
5 9 1319 9
5 5 1319 6
3 3 884 9
3 3 1227 20
8 8 511 17
9 9 605 14
12 12 766 24
14 10 181 11
14 14 181 2
2 19 1176 5
2 2 1176 3
2 2 270 14
2 17 891 14
2 2 891 8
6 6 1358 7
6 9 484 9
6 6 484 5
7 7 494 2
19 19 520 5
13 14 398 5
13 13 398 4
15 8 995 7
15 15 995 6
1 10 590 14
1 1 590 6
18 18 548 1
2 9 161 5
2 2 161 6
14 11 968 14
14 14 968 1
5 5 1038 10
4 4 26 9
6 2 729 6
6 6 729 1
8 8 648 17
7 12 127 6
7 7 127 2
7 18 970 2
7 7 970 1
14 14 1268 3
13 13 852 5
17 17 1275 13
12 17 1385 4
12 12 1385 2
13 2 1141 13
13 13 1141 2
1 14 511 12
1 1 511 1
2 17 80 10
2 2 80 5
8 8 460 6
9 3 1133 8
9 9 1133 3
9 1 34 10
9 9 34 1
7 7 603 3
4 4 1224 2
13 8 1377 8
13 13 1377 1
19 7 946 7
19 19 946 5
17 17 735 7
14 4 955 14
14 14 955 10
2 11 406 1
2 2 406 6
19 19 556 6
5 10 1312 7
5 5 1312 4
3 3 893 12
8 8 486 4
7 5 797 14
7 7 797 2
11 11 294 2
14 5 48 4
14 14 48 3
13 3 54 7
13 13 54 3
12 12 1026 24
1 7 153 11
1 1 153 1
19 12 508 8
19 19 508 1
6 6 819 8
3 3 1345 9
6 3 479 13
6 6 479 5
9 9 329 4
7 5 946 9
7 7 946 4
6 2 752 9
6 6 752 1
9 7 1130 10
9 9 1130 3
11 11 439 6
17 17 1123 9
14 14 608 4
1 17 924 3
1 1 924 6
19 19 343 4
2 19 741 9
2 2 741 10
5 2 803 13
5 5 803 8
9 5 218 9
9 9 218 2
9 6 877 7
9 9 877 3
14 0 1279 7
14 14 1279 1
16 16 1258 15
0 0 950 8
4 4 1040 15
6 6 86 3
1 8 1233 8
1 1 1233 15
4 4 14 8
7 14 1055 3
7 7 1055 1
12 12 208 13
15 15 1235 1
14 15 329 11
14 14 329 6
1 13 353 12
1 1 353 4
19 19 126 1
4 4 295 8
5 12 447 14
5 5 447 1
6 6 71 4
7 9 335 12
7 7 335 1
14 14 1331 4
13 12 1360 9
13 13 1360 2
3 3 219 9
1 9 146 3
1 1 146 6
0 19 1414 12
0 0 1414 9
19 2 185 9
19 19 185 1
5 5 448 1
6 3 470 10
6 6 470 4
5 5 227 5
12 12 1160 11
7 7 363 1
0 11 155 9
0 0 155 2
2 0 179 12
2 2 179 6
2 18 764 4
2 2 764 8
5 5 1136 1
6 2 324 5
6 6 324 1
5 5 134 5
5 5 337 3
9 9 195 3
9 9 662 6
14 14 1222 15
16 16 1249 3
12 12 978 4
2 2 1347 4
1 1 457 8
19 2 22 8
19 19 22 4
4 4 159 7
13 13 91 2
10 10 988 10
7 0 1044 8
7 7 1044 2
6 14 643 4
6 6 643 3
18 8 298 10
18 18 298 5
2 10 1266 4
2 2 1266 1
1 8 378 10
1 1 378 9
2 7 360 2
2 2 360 5
1 1 1115 6
4 12 977 1
4 4 977 11
10 18 943 11
10 10 943 29
9 1 957 9
9 9 957 10
9 15 624 3
9 9 624 9
7 12 1189 1
7 7 1189 6
13 13 925 8
16 16 340 16
13 14 1214 8
13 13 1214 7
15 15 243 1
1 18 544 5
1 1 544 2
0 16 552 11
0 0 552 15
5 9 1256 9
5 5 1256 4
19 7 301 1
19 19 301 4
8 17 1177 10
8 8 1177 16
8 8 558 5
9 3 782 4
9 9 782 9
7 16 1391 3
7 7 1391 16
12 12 301 7
15 7 1022 3
15 15 1022 2
16 16 936 10
1 4 1006 9
1 1 1006 1
1 0 4 14
1 1 4 8
0 0 1036 12
3 3 690 16
9 18 1362 2
9 9 1362 8
13 13 266 10
15 19 623 1
15 15 623 4
16 10 967 5
16 16 967 20
19 14 1205 12
19 19 1205 6
4 4 841 2
3 3 1174 8
10 4 173 3
10 10 173 1
5 5 719 3
4 4 277 6
11 11 1238 5
9 14 633 2
9 9 633 6
14 14 145 4
15 16 269 5
15 15 269 2
1 7 569 5
1 1 569 5
16 16 605 22
6 1 1322 14
6 6 1322 1
6 6 895 4
5 5 687 2
7 7 1380 9
7 1 1010 7
7 7 1010 2
17 17 486 2
19 6 362 11
19 19 362 3
1 6 1163 8
1 1 1163 1
5 8 1122 3
5 5 1122 3
6 8 1136 6
6 6 1136 5
5 5 323 1
19 13 169 5
19 19 169 2
9 19 205 11
9 9 205 3
9 4 640 1
9 9 640 2
8 8 880 23
12 12 443 18
12 12 960 1
19 19 36 4
19 11 910 9
19 19 910 8
6 6 1027 11
9 14 395 10
9 9 395 1
7 7 240 2
7 14 703 13
7 7 703 8
11 4 245 3
11 11 245 11
12 12 253 1
17 16 880 11
17 17 880 6
16 16 589 4
2 2 935 8
2 5 528 12
2 2 528 3
3 3 857 1
6 6 999 3
6 6 40 1
7 11 442 9
7 7 442 4
7 0 769 6
7 7 769 15
7 7 1179 2
11 0 322 1
11 11 322 10
16 16 1064 12
13 15 90 13
13 13 90 1
16 0 1323 4
16 16 1323 14
13 13 1403 2
1 1 562 7
14 14 673 2
2 6 237 1
2 2 237 2
6 18 1240 5
6 6 1240 4
6 5 886 7
6 6 886 5
11 11 1202 17
13 7 290 1
13 13 290 5
17 17 485 1
1 10 1016 3
1 1 1016 1
1 1 22 5
18 18 1228 5
1 3 1164 7
1 1 1164 5
19 18 207 3
19 19 207 2
10 3 204 4
10 10 204 15
11 11 726 4
14 13 442 10
14 14 442 5
0 0 426 13
0 17 799 8
0 0 799 2
18 6 1426 2
18 18 1426 5
1 2 1085 9
1 1 1085 3
5 19 2 2
5 5 2 9
9 8 396 7
9 9 396 17
7 14 233 11
7 7 233 6
16 12 1424 9
12 12 1102 14
1 18 333 7
1 1 333 2
4 4 625 1
4 4 283 12
3 3 1301 3
8 8 393 2
7 8 894 9
7 7 894 7
9 10 619 8
9 9 619 3
13 14 904 14
13 13 904 2
13 5 83 3
13 13 83 7
12 12 1245 2
13 13 1193 2
5 0 1023 5
5 5 1023 9
10 10 811 2
9 14 61 13
9 9 61 6
10 8 1031 10
10 10 1031 3
13 10 793 8
13 13 793 3
13 1 420 11
13 13 420 3
16 16 925 5
9 3 457 14
9 9 457 7
18 18 945 9
6 19 459 13
6 6 459 11
8 8 231 2
9 4 1349 1
9 9 1349 4
10 10 1373 4
14 8 1186 7
14 14 1186 2
16 16 1229 13
13 13 1419 2
1 1 866 2
1 1 469 3
18 18 1110 10
1 1 1078 7
8 8 1111 9
5 15 11 13
5 5 11 4
6 6 139 1
10 10 1008 1
9 9 72 5
7 7 685 3
11 9 860 12
11 11 860 4
10 10 1324 3
12 12 568 5
14 14 865 1
1 19 659 6
1 1 659 5
3 3 61 2
5 5 412 1
9 5 262 12
9 9 262 3
7 12 1161 10
7 7 1161 5
13 13 897 1
14 14 106 1
13 13 1186 4
6 11 849 9
6 6 849 16
4 4 68 3
5 16 301 11
5 5 301 12
6 7 437 9
6 6 437 2
17 13 369 3
17 17 369 7
14 14 21 10
1 1 970 6
0 0 894 1
1 14 96 10
1 1 96 1
4 8 670 10
4 4 670 7
7 14 1119 11
7 7 1119 5
19 15 1204 7
19 19 1204 1
8 8 238 27
19 8 1329 1
19 19 1329 7
13 7 1412 8
13 13 1412 1
13 12 1111 13
13 13 1111 14
0 13 1159 9
0 0 1159 8
19 2 933 10
19 19 933 3
4 5 813 8
4 4 813 4
8 8 296 5
10 10 1019 1
9 14 1247 13
9 9 1247 6
13 13 244 2
12 13 1417 2
12 12 1417 16
18 18 129 1
9 14 577 9
9 9 577 3
19 11 168 6
19 19 168 1
2 2 944 4
6 6 346 15
3 3 844 13
6 12 968 7
6 6 968 1
5 17 592 10
5 5 592 16
7 1 876 1
7 7 876 6
7 7 104 8
14 18 795 8
14 14 795 1
1 0 517 1
1 1 517 1
5 5 623 1
9 19 527 1
9 9 527 1
7 7 1352 5
17 17 456 10
1 1 438 6
1 6 121 4
1 1 121 1
4 4 210 21
5 5 882 11
7 17 71 13
7 7 71 2
10 1 349 14
10 10 349 11
12 0 607 14
12 12 607 38
13 18 295 2
13 13 295 1
14 15 399 3
14 14 399 4
3 3 918 17
0 18 447 6
0 0 447 7
19 19 64 6
0 18 1182 3
0 0 1182 5
1 3 1024 10
1 1 1024 1
6 7 133 11
6 6 133 2
9 6 423 1
9 9 423 2
10 10 72 1
7 17 1134 2
7 7 1134 1
11 11 273 5
17 17 679 40
10 11 1404 14
1 7 749 7
1 1 749 16
3 3 949 12
8 8 617 12
7 7 1260 2
13 13 1429 3
9 12 727 5
9 9 727 4
16 0 1044 4
16 16 1044 20
18 18 446 7
2 10 1115 9
2 2 1115 2
1 19 193 1
1 1 193 4
18 18 1185 23
1 18 1407 3
1 1 1407 6
5 9 1086 4
5 5 1086 5
5 5 1002 2
7 4 47 6
7 7 47 3
7 7 1345 3
6 8 607 8
6 6 607 6
14 19 1401 4
14 14 1401 9
15 15 1211 6
12 12 1369 12
16 16 898 27
0 11 263 10
0 0 263 18
0 0 1321 6
17 17 1363 13
6 6 1111 4
18 18 433 4
13 13 455 10
2 19 24 2
2 2 24 6
9 17 18 14
9 9 18 3
9 1 677 8
9 9 677 19
15 15 1178 2
1 6 885 10
1 1 885 8
14 1 1410 7
14 14 1410 5
0 0 1173 9
15 19 1381 9
15 15 1381 2
5 6 102 12
5 5 102 1
10 10 1005 3
9 9 99 4
7 5 1127 9
7 7 1127 3
11 11 278 16
16 16 278 25
1 5 742 12
1 1 742 4
1 1 169 16
19 7 182 13
19 19 182 3
4 4 597 28
5 11 1377 11
5 5 1377 1
8 8 528 1
9 3 1415 4
9 9 1415 10
7 3 1268 8
7 7 1268 5
11 11 359 19
13 13 940 4
13 13 1229 4
1 1 940 7
19 14 607 1
19 19 607 10
1 2 1392 11
1 1 1392 1
16 10 596 4
16 16 596 9
6 1 414 7
6 6 414 3
6 8 533 4
6 6 533 5
14 1 494 3
14 14 494 16
3 3 140 5
6 9 94 5
6 6 94 10
5 0 868 13
5 5 868 2
9 9 27 7
11 11 1316 1
14 1 1214 13
14 14 1214 3
2 1 1291 5
2 2 1291 7
9 10 592 2
9 9 592 3
1 1 1042 6
3 3 786 10
4 4 1273 2
7 18 202 4
7 7 202 15
2 2 1192 7
9 9 1266 1
19 6 812 7
19 19 812 1
3 3 1317 23
14 14 215 7
10 10 301 6
1 18 767 3
1 1 767 3
0 1 609 9
0 0 609 1
6 6 51 2
19 18 626 13
19 19 626 1
5 3 1183 8
5 5 1183 7
3 3 492 8
6 6 957 8
10 2 936 8
10 10 936 7
9 6 1013 14
9 9 1013 2
13 13 933 1
17 17 991 8
14 14 699 1
14 7 739 11
14 14 739 1
18 18 125 4
2 2 195 4
1 1 1353 6
4 4 56 12
5 9 182 13
5 5 182 4
9 3 1038 12
9 9 1038 13
8 8 1236 5
9 8 838 14
9 9 838 15
11 15 38 1
11 11 38 10
19 7 851 13
19 19 851 3
13 7 822 12
13 13 822 2
1 1 139 2
18 18 908 1
7 7 401 17
5 8 658 7
5 5 658 6
7 11 633 8
7 7 633 3
11 11 183 5
9 8 541 13
9 9 541 4
14 12 708 7
14 14 708 7
14 1 1298 10
14 14 1298 2
2 2 558 1
5 10 104 6
5 5 104 10
12 16 1013 8
12 12 1013 2
13 6 589 8
13 13 589 1
14 14 222 5
15 13 724 13
15 15 724 2
13 13 1337 1
1 1 187 6
6 7 489 7
6 6 489 2
5 11 1176 14
5 5 1176 4
11 13 739 4
11 11 739 5
6 6 1379 17
7 8 389 6
7 7 389 2
9 5 1092 11
9 9 1092 1
13 8 990 12
13 13 990 7
16 16 856 35
18 18 705 1
19 16 309 1
19 19 309 3
5 5 1065 4
5 5 266 1
5 14 965 4
5 5 965 9
11 11 648 4
0 0 221 3
14 14 1362 4
12 12 825 7
14 14 557 11
0 0 849 16
19 9 286 8
19 19 286 15
5 17 667 12
5 5 667 3
1 1 838 2
7 13 630 2
7 7 630 3
12 12 54 1
13 6 128 11
13 13 128 1
15 15 1265 15
14 0 363 11
14 14 363 10
17 17 69 15
1 1 259 2
1 5 1132 4
1 1 1132 12
4 10 776 6
4 4 776 17
5 11 81 3
5 5 81 5
7 8 1304 7
7 7 1304 3
10 6 467 12
10 10 467 9
9 8 1276 5
9 9 1276 3
12 12 133 1
15 15 870 21
14 3 847 10
14 14 847 8
1 1 713 4
2 18 290 1
2 2 290 2
6 7 1370 4
6 6 1370 7
4 4 1406 21
6 6 538 2
0 0 943 7
19 1 1053 12
19 19 1053 3
1 1 1371 3
3 3 619 22
8 8 863 17
5 7 974 9
5 5 974 8
9 9 189 5
9 4 880 11
9 9 880 2
11 11 641 7
11 11 84 11
1 5 596 12
1 1 596 1
12 14 816 6
12 12 816 7
17 17 602 1
13 13 1097 4
2 2 1381 3
1 1 94 2
0 11 1218 1
0 0 1218 1
19 15 862 7
19 19 862 5
1 1 197 4
8 8 355 7
5 4 863 2
5 5 863 4
11 11 1355 8
16 16 1353 21
12 9 903 14
12 12 903 14
11 11 1269 8
16 16 637 27
2 2 1300 1
8 8 490 10
19 11 536 3
19 19 536 3
4 4 1015 15
4 1 332 11
4 4 332 8
5 1 90 9
5 5 90 12
7 7 362 1
9 6 1253 13
9 9 1253 10
13 18 639 12
13 13 639 2
12 12 713 2
2 7 1159 7
2 2 1159 2
19 19 1177 3
4 4 902 7
4 4 467 17
6 6 491 5
9 9 1000 1
2 2 1202 6
10 18 1100 10
10 10 1100 8
9 5 1199 4
9 9 1199 14
17 17 277 1
0 0 331 2
5 5 1103 3
0 0 1066 3
19 19 199 7
6 6 748 2
5 13 380 10
5 5 380 3
5 12 823 2
5 5 823 1
9 9 166 2
7 7 983 3
0 0 801 8
13 13 492 1
14 15 458 2
14 14 458 3
19 0 951 7
19 19 951 7
2 9 648 14
2 2 648 11
4 4 879 8
19 19 1192 2
6 6 639 4
8 8 362 10
6 6 277 8
9 9 55 4
9 17 1181 13
9 9 1181 4
13 5 743 3
13 13 743 3
6 12 949 12
6 6 949 4
14 12 373 1
14 14 373 1
2 2 974 13
19 16 980 7
19 19 980 3
3 3 782 4
6 12 526 14
6 6 526 2
5 1 542 4
5 5 542 1
18 18 263 4
7 7 814 8
13 13 632 1
14 12 179 2
14 14 179 2
14 2 740 13
14 14 740 4
18 18 206 4
0 8 589 9
0 0 589 3
5 15 1267 13
5 5 1267 13
4 1 909 5
4 4 909 1
6 17 267 10
6 6 267 8
8 1 563 11
8 8 563 8
7 16 496 3
7 7 496 6
13 13 288 2
9 9 668 5
17 17 1136 23
14 17 34 8
14 14 34 5
16 16 845 11
0 0 322 1
2 2 167 2
3 3 601 12
9 3 1333 7
9 9 1333 2
16 16 404 51
12 12 409 15
13 6 485 6
13 13 485 1
14 14 461 3
14 16 1176 10
14 14 1176 10
2 16 86 3
2 2 86 2
5 13 1429 3
6 11 1069 14
6 6 1069 7
6 17 187 12
6 6 187 1
5 18 833 3
5 5 833 5
7 15 150 11
7 7 150 1
3 3 981 1
7 0 1064 5
7 7 1064 6
10 11 1308 8
10 10 1308 1
15 15 118 3
2 2 412 2
5 16 76 10
5 5 76 2
19 9 1282 7
19 19 1282 1
19 6 747 1
19 19 747 1
16 16 489 1
14 13 186 4
14 14 186 3
15 12 296 5
15 15 296 24
3 3 122 15
6 8 1274 13
6 6 1274 1
4 4 1387 3
1 11 1417 10
1 1 1417 14
12 12 257 1
15 8 1079 13
15 15 1079 4
13 7 1251 9
13 13 1251 5
1 1 589 1
18 18 549 1
19 6 337 4
19 19 337 4
6 6 734 2
17 17 1082 5
9 15 208 14
9 9 208 4
9 6 187 6
9 9 187 2
7 7 1424 8
2 2 737 4
13 14 851 14
13 13 851 1
13 13 286 1
14 1 468 1
14 14 468 2
1 4 779 14
1 1 779 11
2 17 484 10
2 2 484 10
19 0 885 10
19 19 885 8
6 6 178 5
12 12 1138 4
15 12 1237 12
15 15 1237 10
14 1 327 8
14 14 327 2
8 8 691 22
1 16 367 5
1 1 367 10
2 2 960 7
1 4 1096 7
1 1 1096 9
11 11 914 5
13 15 53 5
13 13 53 1
14 2 189 2
14 14 189 3
15 15 236 3
12 12 181 7
1 15 152 13
1 1 152 1
1 16 1334 14
1 1 1334 2
6 6 1277 7
5 18 454 1
5 5 454 8
6 9 476 10
6 6 476 3
10 10 1145 26
13 13 390 8
2 8 185 4
2 2 185 4
5 16 156 3
5 5 156 8
8 8 688 1
9 9 876 1
9 14 1319 12
9 9 1319 9
13 0 641 11
13 13 641 29
15 15 536 7
2 13 511 9
2 2 511 1
2 7 40 5
2 2 40 2
4 10 836 11
4 4 836 4
3 3 754 10
7 7 1054 1
15 15 1383 2
12 12 939 7
13 17 729 4
13 13 729 8
17 6 26 5
17 17 26 6
0 0 931 12
2 9 987 13
2 2 987 6
9 13 792 13
9 9 792 4
5 14 521 5
5 5 521 4
12 12 1142 18
11 11 1073 10
14 0 761 7
14 14 761 8
18 18 754 12
18 5 644 11
18 18 644 7
0 0 396 18
15 18 63 14
15 15 63 11
5 5 1262 4
19 2 256 14
19 19 256 4
6 9 1337 2
6 6 1337 3
5 14 463 10
5 5 463 4
16 0 455 13
16 16 455 3
13 13 1012 13
7 7 953 3
14 7 55 6
14 14 55 3
16 15 946 4
16 16 946 17
0 0 343 11
6 19 168 3
6 6 168 4
0 0 705 13
19 19 56 2
1 10 1208 10
1 1 1208 6
5 12 133 1
5 5 133 1
5 5 336 1
5 5 811 10
9 19 194 5
9 9 194 1
7 11 571 3
7 7 571 3
13 18 837 12
13 13 837 4
15 15 1194 11
17 17 575 8
0 0 454 3
1 15 456 2
1 1 456 1
3 3 727 5
2 7 620 4
2 2 620 10
6 6 603 1
6 11 172 7
6 6 172 6
9 9 83 6
11 11 1388 15
2 4 1267 6
2 2 1267 9
1 1 377 1
13 0 196 1
13 13 196 6
4 4 303 16
6 6 1002 4
7 7 327 1
9 9 956 1
15 15 1247 18
7 3 1188 12
7 7 1188 1
13 9 39 12
13 13 39 6
15 15 263 1
2 2 1122 1
2 15 837 13
2 2 837 1
6 17 1263 12
6 6 1263 3
7 7 468 26
7 13 931 14
7 7 931 2
13 0 440 14
13 13 440 6
13 16 1038 6
13 13 1038 3
13 13 554 8
14 7 522 3
14 14 522 1
1 1 27 1
18 6 1243 9
18 18 1243 2
1 16 1201 3
1 1 1201 6
6 12 788 2
6 6 788 4
6 0 345 9
6 6 345 1
10 6 219 11
10 10 219 7
9 13 917 8
9 9 917 15
19 11 1004 12
19 19 1004 2
12 12 1303 4
18 3 267 6
18 18 267 1
0 0 1327 2
2 2 615 3
1 1 685 1
3 3 706 5
8 8 1016 2
5 5 746 8
9 5 385 8
9 9 385 4
7 7 250 4
7 1 577 9
7 7 577 3
7 16 1036 5
7 7 1036 8
13 13 207 2
15 10 800 10
15 15 800 7
14 14 909 3
18 18 154 9
15 7 234 6
15 15 234 2
1 18 1107 13
1 1 1107 8
5 3 1306 9
5 5 1306 6
16 2 1158 3
16 16 1158 16
19 4 1143 9
19 19 1143 7
7 13 1181 11
7 7 1181 2
11 11 332 2
13 10 32 1
13 13 32 3
8 8 1204 12
5 0 334 7
5 5 334 2
0 0 544 1
5 13 1232 7
5 5 1232 8
6 6 1323 6
5 5 769 17
14 4 1 13
14 14 1 2
2 2 1134 2
0 10 735 9
0 0 735 33
0 0 1028 5
5 5 247 1
5 16 797 2
5 5 797 3
10 13 194 1
10 10 194 8
9 6 1370 9
9 9 1370 10
13 5 684 3
13 13 684 2
13 18 887 5
13 13 887 4
12 12 961 8
16 16 106 39
0 0 468 15
4 4 817 4
3 3 1182 9
6 6 158 2
9 8 394 9
9 9 394 1
9 3 528 13
9 9 528 8
11 11 801 5
12 12 254 3
14 14 291 3
0 0 67 4
13 19 955 3
13 13 955 16
19 13 444 2
19 19 444 18
2 2 284 6
6 6 996 3
6 9 41 14
6 6 41 10
10 10 862 12
10 10 491 3
19 1 678 11
19 19 678 6
13 4 910 6
13 13 910 2
16 16 323 17
0 0 242 21
4 4 87 1
15 15 460 13
10 10 801 9
7 7 1372 2
1 1 518 4
14 14 704 3
13 13 799 6
16 16 935 1
0 17 865 10
0 0 865 16
6 1 458 14
6 6 458 1
3 3 719 4
5 5 906 13
7 7 550 12
13 16 677 12
13 13 677 6
13 19 983 5
13 13 983 5
19 7 918 5
19 19 918 2
6 1 588 1
6 6 588 2
4 4 1055 10
11 11 1427 5
11 7 806 4
11 11 806 23
1 6 633 6
1 1 633 6
14 14 1099 7
17 17 1317 36
1 13 332 12
1 1 332 1
4 4 626 2
7 2 1025 10
7 7 1025 10
8 8 629 19
9 19 153 8
9 9 153 4
10 10 47 25
11 11 378 29
9 12 812 2
9 9 812 1
13 13 1192 1
1 2 522 9
1 1 522 8
5 0 570 14
5 5 570 10
18 4 342 2
18 18 342 3
2 0 814 9
2 2 814 2
4 13 94 10
4 4 94 14
6 6 878 4
9 11 365 13
9 9 365 6
7 14 910 2
7 7 910 2
14 14 1381 6
13 13 419 1
1 7 1008 4
1 1 1008 2
5 12 249 4
5 5 249 3
5 12 692 4
5 5 692 6
19 0 1326 1
19 19 1326 3
5 5 74 2
12 12 1015 4
15 15 581 9
12 12 732 1
4 4 1030 10
9 10 436 2
9 9 436 5
7 6 1147 9
7 7 1147 13
14 10 1106 2
14 14 1106 4
13 12 250 4
13 13 250 1
14 17 248 12
14 14 248 2
6 18 784 8
6 6 784 4
2 5 1239 5
2 2 1239 7
5 17 1210 11
5 5 1210 2
4 4 1173 11
7 7 1341 1
19 0 328 12
19 19 328 8
12 12 648 13
14 14 107 4
1 14 162 3
1 1 162 6
14 3 785 11
14 14 785 10
2 2 1094 2
19 2 275 9
19 19 275 9
6 1 865 1
6 6 865 4
13 13 476 5
1 1 444 7
7 7 715 8
2 15 111 7
2 2 111 6
19 19 823 10
8 8 773 31
5 10 701 3
5 5 701 3
6 6 325 13
7 7 73 1
14 10 1194 7
14 14 1194 8
12 12 1307 14
15 17 578 5
15 15 578 3
14 1 1022 5
14 14 1022 2
17 16 1262 11
17 17 1262 1
12 5 329 7
12 12 329 7
19 7 58 13
19 19 58 6
14 1 542 1
14 14 542 7
3 14 1269 2
3 3 1269 7
6 3 131 6
6 6 131 2
9 9 445 8
11 11 852 6
13 4 243 1
13 13 243 1
16 16 691 58
14 6 726 3
14 14 726 4
0 2 925 10
0 0 925 6
19 19 171 2
3 3 37 1
4 4 957 7
4 16 266 6
4 4 266 11
6 6 969 10
19 13 465 11
19 19 465 6
9 9 1071 8
10 10 1191 6
15 15 352 8
1 14 516 8
1 1 516 1
4 14 76 2
4 4 76 5
6 17 1303 12
6 6 1303 19
5 5 992 8
10 14 730 8
10 10 730 10
11 11 505 5
12 12 790 7
12 12 1187 3
5 5 1093 2
3 3 1133 5
5 10 678 7
5 5 678 5
5 3 881 3
5 5 881 1
10 10 685 17
7 7 525 1
9 9 1398 17
13 7 720 7
13 13 720 3
19 9 939 1
19 19 939 2
15 15 1180 10
16 16 86 3
10 16 174 1
10 10 174 5
18 18 1097 4
19 19 941 3
6 9 561 4
6 6 561 6
5 4 567 1
5 5 567 2
19 5 1274 6
19 19 1274 8
10 12 73 8
10 10 73 8
19 17 739 9
19 19 739 8
12 12 226 16
17 17 1288 10
16 16 272 1
13 2 1293 8
13 13 1293 11
1 12 343 9
1 1 343 1
2 18 904 4
2 2 904 10
19 6 130 5
19 19 130 5
19 7 1159 1
19 19 1159 6
7 7 868 4
3 3 1072 61
7 14 1278 10
7 7 1278 4
12 3 369 11
12 12 369 1
1 13 938 14
1 1 938 2
4 4 75 1
9 9 1217 7
5 3 286 2
5 5 286 2
9 11 179 9
9 9 179 8
14 2 1132 2
14 14 1132 26
11 11 510 19
16 16 1188 4
19 19 1137 4
0 0 1255 17
6 8 665 9
6 6 665 7
4 4 1132 20
16 16 1390 4
13 13 148 5
12 0 1321 8
12 12 1321 24
17 17 278 3
0 0 439 8
1 1 319 2
2 13 423 1
2 2 423 2
1 12 1048 2
1 1 1048 2
17 17 937 33
6 6 125 1
7 7 257 4
9 9 565 4
9 9 1224 1
19 8 813 6
19 19 813 6
12 12 153 15
18 18 836 2
9 8 1286 9
9 9 1286 3
1 10 168 11
1 1 168 1
2 6 342 4
2 2 342 11
2 7 899 13
2 2 899 5
4 4 504 14
8 8 529 8
9 4 312 14
9 9 312 5
10 10 438 3
11 11 1052 12
12 12 360 9
13 18 118 11
13 13 118 2
15 12 955 14
15 15 955 1
19 15 1033 3
19 19 1033 1
13 13 360 5
2 12 201 5
2 2 201 4
1 13 1399 14
1 1 1399 4
3 3 160 17
15 15 144 6
4 4 399 8
10 10 281 10
9 9 1303 8
17 17 260 17
5 11 399 9
5 5 399 1
15 15 487 3
0 13 287 1
0 0 287 11
1 1 391 12
18 18 1064 19
1 4 1248 10
1 1 1248 2
6 12 656 5
6 6 656 9
5 9 867 7
5 5 867 1
7 7 515 10
11 16 177 1
11 11 177 2
16 16 1381 9
13 5 344 3
13 13 344 2
15 6 601 14
15 15 601 1
4 4 1105 5
16 16 175 1
15 15 255 8
6 9 547 1
6 6 547 3
5 14 569 1
5 5 569 1
9 12 464 13
9 9 464 4
7 7 197 1
9 9 1265 1
12 12 733 26
15 12 632 13
15 15 632 12
15 15 718 6
16 16 664 25
2 16 1211 12
2 2 1211 13
0 0 610 10
2 18 337 9
2 2 337 5
9 7 289 13
9 9 289 4
10 10 433 5
12 12 516 14
9 9 1090 2
16 16 1027 9
13 3 1221 6
13 13 1221 4
1 19 932 4
1 1 932 6
5 7 181 12
5 5 181 1
13 7 97 7
13 13 97 3
14 16 1352 1
14 14 1352 7
17 17 623 1
1 4 981 10
1 1 981 2
18 18 909 36
1 18 1273 6
1 1 1273 9
3 3 310 25
6 11 1094 11
6 6 1094 3
5 1 198 6
5 5 198 5
13 3 410 10
13 13 410 5
10 10 582 12
9 9 1385 6
14 10 1158 13
14 14 1158 1
13 15 134 10
13 13 134 3
17 17 760 47
18 18 339 1
6 10 149 12
6 6 149 2
19 11 86 9
19 19 86 5
19 19 525 3
2 12 559 9
2 2 559 5
10 4 1010 3
10 10 1010 9
13 13 588 1
12 12 724 4
14 1 837 3
14 14 837 8
10 10 88 22
14 4 396 11
14 14 396 3
18 18 1400 10
15 15 121 16
5 13 504 6
5 5 504 6
19 14 1296 7
19 19 1296 8
7 11 1253 1
7 7 1253 7
10 10 1115 7
16 16 1146 12
13 13 104 6
14 14 78 4
2 3 1061 9
2 2 1061 20
2 2 219 18
2 13 772 12
2 2 772 1
3 3 613 6
6 17 755 5
6 6 755 1
7 1 21 1
7 7 21 10
1 12 597 10
1 1 597 4
16 16 35 30
1 1 814 5
16 16 1186 2
5 5 822 1
4 1 183 4
4 4 183 8
5 1 853 11
5 5 853 10
11 11 796 1
9 17 1170 1
9 9 1170 6
12 12 55 26
16 16 178 17
14 11 1072 1
14 14 1072 6
19 8 95 3
19 19 95 4
19 19 530 6
4 4 326 6
14 14 1080 2
7 4 364 11
7 7 364 9
7 4 827 13
7 7 827 4
13 1 251 8
13 13 251 1
7 6 1101 10
7 7 1101 6
12 12 134 6
12 12 723 1
3 3 912 5
5 10 481 4
5 5 481 3
6 0 497 5
6 6 497 1
7 3 1303 14
7 7 1303 1
11 11 966 16
13 5 982 10
13 13 982 1
3 3 1304 11
0 0 373 1
0 18 186 3
0 0 186 5
1 1 44 2
8 14 471 10
8 8 471 15
4 4 47 6
11 11 1277 39
14 0 1249 6
14 14 1249 9
12 6 484 12
12 12 484 1
19 19 1165 2
0 0 809 2
0 0 1219 14
1 1 1227 1
4 4 865 2
5 1 643 11
5 5 643 7
6 12 275 14
6 6 275 1
9 0 704 1
9 9 704 6
7 10 1077 7
7 7 1077 3
11 11 164 5
13 4 184 7
13 13 184 4
13 11 323 11
13 13 323 1
15 14 692 12
15 15 692 17
18 18 651 5
2 2 1301 9
19 15 539 4
19 19 539 2
3 3 1247 22
6 6 89 1
7 8 357 5
7 7 357 2
13 13 638 1
13 13 9 5
14 11 169 11
14 14 169 2
14 10 738 2
14 14 738 1
14 14 855 10
4 4 1103 2
4 4 125 18
4 11 1382 3
4 4 1382 5
7 10 506 13
7 7 506 9
6 18 1348 8
6 6 1348 3
13 13 975 7
12 17 857 5
12 12 857 20
12 12 1254 33
18 18 560 20
19 7 322 5
19 19 322 4
4 13 22 7
4 4 22 4
6 18 379 4
6 6 379 1
7 0 11 9
7 7 11 2
11 11 697 22
13 11 491 14
13 13 491 1
15 15 524 12
17 17 421 9
15 9 325 4
15 15 325 3
6 6 135 3
19 19 70 2
1 14 1228 9
1 1 1228 5
5 2 652 7
5 5 652 3
10 10 627 4
12 12 37 17
19 15 944 4
19 19 944 1
16 16 160 15
17 17 54 15
1 5 681 8
1 1 681 4
16 7 1339 9
16 16 1339 9
19 19 983 5
8 8 933 2
15 15 54 4
7 7 756 2
4 4 176 3
6 16 554 13
6 6 554 2
13 6 2 11
13 13 2 7
15 11 290 4
15 15 290 2
17 17 199 2
1 1 141 5
1 7 1339 13
1 1 1339 14
5 6 1266 11
5 5 1266 1
4 4 910 6
6 6 1365 3
5 2 467 11
5 5 467 14
13 1 1343 10
13 13 1343 1
13 13 403 7
1 14 896 13
1 1 896 5
18 18 555 5
6 6 1171 6
11 11 832 4
7 19 975 8
7 7 975 1
13 15 857 13
13 13 857 6
15 15 1118 53
15 15 448 10
0 0 1233 16
19 8 144 3
19 19 144 2
11 11 95 24
9 5 754 11
9 9 754 8
10 10 1309 10
13 14 170 3
13 13 170 3
2 4 1255 3
2 2 1255 2
18 18 768 2
0 8 1307 8
0 0 1307 2
4 4 964 5
19 19 988 10
6 14 75 2
6 6 75 3
9 1 904 14
9 9 904 6
7 1 1208 6
7 7 1208 11
10 10 1260 10
14 18 748 6
14 14 748 8
19 1 1401 12
19 19 1401 4
15 15 490 9
19 19 662 3
4 4 568 25
6 6 1275 2
8 8 571 3
5 12 919 1
5 5 919 8
7 12 1282 9
7 7 1282 2
7 7 1348 3
12 12 258 16
13 0 912 2
13 13 912 2
18 18 396 32
2 2 191 3
14 19 1335 5
14 14 1335 13
5 0 365 11
5 5 365 4
5 16 824 4
5 5 824 3
9 9 874 2
14 1 1274 8
14 14 1274 5
13 5 285 8
13 13 285 1
12 12 1387 25
14 14 526 3
0 0 457 11
17 17 748 4
3 3 283 5
12 12 168 8
2 9 1351 5
2 2 1351 3
7 3 142 3
7 7 142 2
7 8 1056 1
7 7 1056 4
14 4 149 10
14 14 149 4
13 12 536 7
13 13 536 13
15 19 1236 13
15 15 1236 1
17 17 733 2
17 17 32 6
2 13 1278 13
2 2 1278 1
3 3 1294 7
16 16 1218 5
5 17 436 10
5 5 436 11
7 12 336 11
7 7 336 3
11 11 1083 12
7 6 746 7
7 7 746 4
15 11 1422 4
15 15 1422 14
15 6 239 11
15 15 239 4
19 17 1364 12
19 19 1364 5
6 8 1266 11
6 6 1266 1
4 4 457 1
10 17 429 1
10 10 429 4
19 18 1231 2
19 19 1231 3
7 7 940 6
7 13 1222 11
7 7 1222 2
17 11 999 12
17 17 999 34
14 13 1415 14
14 14 1415 8
12 12 1171 6
1 1 914 4
19 4 1031 9
19 19 1031 2
6 19 795 9
6 6 795 1
13 4 1328 3
13 13 1328 4
13 12 331 8
13 13 331 4
9 7 1318 6
9 9 1318 1
13 11 843 9
13 13 843 6
14 13 529 2
14 14 529 13
18 18 718 3
0 0 821 2
0 15 1402 14
0 0 1402 4
19 4 893 9
19 19 893 1
6 5 1052 3
6 6 1052 10
7 1 312 10
7 7 312 8
9 2 764 9
9 9 764 3
11 11 829 3
13 15 529 7
13 13 529 2
12 12 543 25
14 18 335 2
14 14 335 3
14 14 896 1
18 18 169 17
2 2 367 13
1 18 1088 9
1 1 1088 6
13 0 219 5
13 13 219 6
0 0 323 4
4 13 1227 2
4 4 1227 30
7 12 788 9
7 7 788 2
7 13 739 2
7 7 739 3
13 5 45 7
13 13 45 8
17 17 359 6
15 16 244 13
15 15 244 1
17 17 1033 7
4 18 432 5
4 4 432 25
5 15 462 11
5 5 462 1
12 6 877 1
12 12 877 9
7 0 933 10
7 7 933 7
6 1 540 12
6 6 540 2
13 13 446 6
9 14 862 13
9 9 862 10
13 13 1044 4
19 2 1089 7
19 19 1089 9
0 8 157 9
0 0 157 9
14 1 633 13
14 14 633 2
2 3 762 2
2 2 762 2
6 6 1156 15
7 13 1409 12
7 7 1409 11
12 12 122 3
13 1 836 2
13 13 836 1
15 5 1205 2
15 15 1205 6
17 17 385 23
2 3 32 5
2 2 32 1
5 7 1423 1
5 5 1423 6
3 3 732 11
3 3 1171 3
14 12 1083 12
14 14 1083 6
10 10 986 2
18 7 131 11
18 18 131 2
7 15 1046 7
7 7 1046 3
17 17 719 14
16 6 593 13
16 16 593 2
19 19 1311 15
5 9 625 14
5 5 625 14
3 3 1138 3
6 18 770 9
6 6 770 1
2 8 1123 8
2 2 1123 11
19 6 246 9
19 19 246 3
1 16 1287 9
1 1 1287 2
6 7 1329 11
6 6 1329 8
9 7 377 2
9 9 377 4
19 12 1379 4
19 19 1379 6
1 10 1004 4
1 1 1004 2
19 13 1135 3
19 19 1135 2
18 18 527 3
19 11 794 2
19 19 794 1
6 14 1097 2
6 6 1097 14
5 13 344 5
5 5 344 3
10 18 655 11
10 10 655 1
7 8 563 12
7 7 563 2
11 11 730 9
14 14 1280 8
13 11 264 14
13 13 264 2
15 15 36 3
1 3 797 6
1 1 797 5
1 9 1057 1
1 1 1057 8
4 4 843 5
6 13 1038 12
6 6 1038 14
7 7 302 10
9 12 1185 2
9 9 1185 9
15 15 1396 19
14 14 345 18
1 1 654 5
2 2 353 7
6 6 496 1
1 7 1106 6
1 1 1106 1
5 12 431 12
5 5 431 5
8 8 413 37
19 14 1214 3
19 19 1214 3
9 8 932 1
9 9 932 7
9 11 639 9
9 9 639 1
14 4 111 8
14 14 111 4
12 2 343 10
12 12 343 4
13 13 95 2
15 15 271 19
13 15 1344 13
13 13 1344 3
1 14 575 9
1 1 575 5
0 8 545 3
0 0 545 7
8 8 136 10
13 11 287 9
13 13 287 1
18 18 1120 17
7 4 460 7
7 7 460 2
7 7 923 2
11 11 476 8
13 13 997 13
13 10 432 1
13 13 432 6
17 17 927 10
14 14 635 2
9 9 486 6
5 17 1120 12
5 5 1120 2
4 4 248 5
2 17 1290 8
2 2 1290 1
13 8 683 6
13 13 683 1
13 15 257 7
13 13 257 5
15 10 45 2
15 15 45 9
1 1 790 7
18 18 972 1
4 4 143 16
5 11 722 4
5 5 722 6
19 19 514 1
7 7 242 4
9 9 1194 5
14 14 1089 10
17 17 1315 2
17 17 886 6
14 17 288 11
14 14 288 3
14 18 1423 8
4 13 628 11
4 4 628 13
8 8 388 5
10 10 37 10
13 0 909 7
13 13 909 1
10 7 360 3
10 10 360 5
18 18 37 6
19 19 260 9
5 18 1240 1
5 5 1240 4
3 3 533 8
5 4 313 6
5 5 313 5
19 1 553 9
19 19 553 3
7 7 912 11
14 14 1379 2
13 0 425 14
13 13 425 5
13 15 1087 11
13 13 1087 10
18 13 491 1
18 18 491 36
0 0 1052 14
16 5 577 11
16 16 577 12
4 4 231 13
5 19 330 11
5 5 330 4
10 15 202 9
10 10 202 2
13 3 879 14
13 13 879 8
13 13 314 4
16 16 567 10
13 13 597 3
2 2 448 1
2 18 630 12
2 2 630 1
3 3 380 5
9 18 536 12
9 9 536 5
13 17 192 9
13 13 192 3
17 17 879 1
13 2 1362 1
13 13 1362 3
1 1 664 14
0 0 896 10
19 6 595 5
19 19 595 1
14 14 875 2
5 2 1291 9
5 5 1291 9
8 8 1057 21
5 13 620 8
5 5 620 3
7 5 711 8
7 7 711 4
2 6 724 10
2 2 724 11
13 13 902 2
13 13 81 2
12 12 1247 2
13 13 1191 1
2 13 1100 7
2 2 1100 15
15 14 499 11
15 15 499 25
1 18 1386 14
1 1 1386 6
6 15 1233 2
6 6 1233 4
5 1 1021 7
5 5 1021 2
7 13 905 9
7 7 905 5
17 17 905 17
0 0 308 5
2 2 149 1
12 0 384 10
12 12 384 13
5 8 1106 14
5 5 1106 5
6 6 1120 16
5 14 248 13
5 5 248 1
8 8 233 5
19 5 1217 5
19 19 1217 14
10 9 1371 14
10 10 1371 2
16 16 89 17
1 1 864 2
8 8 1006 10
14 14 518 4
7 4 224 7
7 7 224 9
12 12 1095 7
16 16 1396 28
19 6 1339 3
19 19 1339 1
18 18 849 4
3 3 63 31
0 0 1143 1
6 6 983 3
2 14 33 6
2 2 33 7
9 1 260 9
9 9 260 2
7 7 1340 1
13 2 74 14
13 13 74 1
15 15 209 2
1 7 514 1
1 1 514 2
2 8 253 12
2 2 253 11
6 12 474 7
6 6 474 1
3 3 982 31
6 13 427 3
6 6 427 7
1 13 894 13
1 1 894 2
9 9 808 4
7 11 1357 6
7 7 1357 4
11 11 451 25
13 0 784 12
13 13 784 9
17 17 1087 9
17 17 898 7
14 12 588 5
14 14 588 17
2 12 1421 14
2 2 1421 8
6 9 1115 3
6 6 1115 5
6 7 684 1
6 6 684 38
9 15 230 6
9 9 230 5
13 6 324 1
13 13 324 7
9 3 1356 4
9 9 1356 6
12 12 21 10
2 13 583 5
2 2 583 6
7 4 586 10
7 7 586 10
1 7 300 1
1 1 300 7
18 18 1410 16
2 17 31 1
2 2 31 1
1 15 1037 10
1 1 1037 5
8 8 308 18
4 15 356 4
4 4 356 8
5 6 114 7
5 5 114 9
6 12 128 12
6 6 128 1
7 2 217 2
7 7 217 7
6 10 580 2
6 6 580 2
12 12 274 7
14 14 192 11
14 14 878 3
2 6 1199 4
2 2 1199 3
1 1 349 4
2 2 325 1
3 3 507 13
7 7 419 6
11 11 529 10
9 2 1070 13
9 9 1070 1
13 13 952 3
14 14 115 6
15 15 222 12
2 4 1118 14
2 2 1118 2
0 0 1138 1
2 2 801 10
15 4 79 8
15 15 79 15
3 18 520 10
3 3 520 13
19 11 336 2
19 19 336 1
8 8 755 18
13 11 423 12
13 13 423 1
9 9 158 6
11 16 1243 6
11 11 1243 11
17 17 1072 7
19 12 1131 11
19 19 1131 1
1 18 436 10
1 1 436 2
13 13 1085 1
0 16 1249 4
0 0 1249 1
4 4 484 11
6 2 232 7
6 6 232 6
9 9 239 21
11 11 767 7
14 9 1202 11
14 14 1202 1
13 13 154 8
18 7 1338 7
18 18 1338 16
6 6 373 1
5 15 123 14
5 5 123 10
6 2 123 11
6 6 123 2
7 16 267 11
7 7 267 8
15 7 567 13
15 15 567 11
16 16 273 1
7 17 964 6
7 7 964 6
14 4 881 12
14 14 881 4
12 4 188 8
12 12 188 6
1 0 342 1
1 1 342 1
19 19 179 2
3 3 480 3
7 14 1273 7
7 7 1273 2
12 12 370 4
13 4 124 1
13 13 124 4
15 11 957 9
15 15 957 31
15 15 360 3
2 16 207 10
2 2 207 7
1 5 1405 1
1 1 1405 2
5 5 1000 2
7 12 41 14
7 7 41 4
7 7 1012 7
0 12 1 5
0 0 1 12
17 17 455 1
0 0 281 6
0 6 1272 3
0 0 1272 14
1 14 1262 3
1 1 1262 2
5 8 686 2
5 5 686 1
9 10 16 11
9 9 16 2
7 7 875 1
14 14 969 14
4 4 244 4
18 9 152 6
18 18 152 2
6 6 114 5
17 17 1244 18
13 10 601 12
13 13 601 27
15 7 789 1
15 15 789 7
14 10 263 14
14 14 263 4
0 6 620 9
0 0 620 1
18 18 1287 1
4 4 940 7
6 13 13 9
6 6 13 9
1 1 877 8
9 1 1112 9
9 9 1112 3
7 14 838 7
7 7 838 26
14 18 694 12
14 14 694 1
1 6 930 12
1 1 930 2
19 19 49 7
9 9 947 9
8 8 174 2
10 10 613 11
14 7 1350 1
14 14 1350 2
0 12 650 11
0 0 650 2
10 19 272 12
10 10 272 5
19 19 284 2
10 10 604 9
7 16 925 10
7 7 925 1
18 18 345 1
14 14 652 10
3 3 1378 27
19 18 1058 4
19 19 1058 7
4 4 1275 5
9 9 471 8
9 18 106 13
9 9 106 10
13 13 29 2
14 0 270 11
14 14 270 14
13 2 1342 5
13 13 1342 1
2 4 1208 5
2 2 1208 3
19 15 193 14
19 19 193 1
6 13 417 2
6 6 417 7
18 19 23 13
18 18 23 6
5 17 510 14
5 5 510 4
4 18 349 14
4 4 349 3
9 9 1019 19
12 12 352 8
13 13 110 8
15 15 382 15
0 0 376 18
13 18 1036 7
13 13 1036 2
1 10 1359 12
1 1 1359 12
6 12 1204 4
6 6 1204 19
5 12 271 10
5 5 271 3
7 10 31 6
7 7 31 10
10 10 257 15
9 9 1311 5
13 4 820 9
13 13 820 2
19 19 1150 3
1 6 415 12
1 1 415 6
1 0 66 5
1 1 66 5
19 19 850 1
14 7 866 9
14 14 866 9
19 4 358 12
19 19 358 2
13 17 465 14
13 13 465 11
9 4 2 6
9 9 2 5
2 16 754 3
2 2 754 7
14 11 1159 13
14 14 1159 3
6 4 1017 13
6 6 1017 10
2 18 1280 8
2 2 1280 6
2 2 556 2
4 4 344 3
5 5 86 2
19 0 1132 11
19 19 1132 3
12 0 1000 13
12 12 1000 13
7 2 1111 11
7 7 1111 1
7 11 799 2
7 7 799 6
13 13 22 4
15 15 726 3
0 19 53 3
0 0 53 3
1 17 185 10
1 1 185 2
2 16 914 11
2 2 914 4
5 17 1361 2
5 5 1361 5
6 8 1377 4
6 6 1377 1
5 8 946 2
5 5 946 8
7 12 391 6
7 7 391 2
10 18 441 12
10 10 441 11
11 11 407 1
13 6 988 11
13 13 988 2
17 17 281 17
2 2 1058 3
1 8 42 7
1 1 42 2
19 9 1252 14
19 19 1252 1
2 2 773 3
3 3 145 4
5 19 189 3
5 5 189 9
6 19 837 13
6 6 837 12
4 4 1280 4
11 14 484 4
11 11 484 7
14 14 510 2
13 13 1102 5
2 17 1384 10
2 2 1384 14
12 4 814 11
12 12 814 2
2 9 75 6
2 2 75 5
1 1 1265 6
4 4 891 2
13 3 1365 13
13 13 1365 6
5 13 206 1
5 5 206 21
9 12 11 10
9 9 11 4
7 7 624 6
9 0 1169 4
9 9 1169 1
11 11 174 3
14 4 1166 7
14 14 1166 7
13 2 190 5
13 13 190 2
17 17 752 8
19 1 968 2
19 19 968 3
3 5 335 2
3 3 335 3
4 4 1257 1
9 2 916 2
9 9 916 1
14 13 167 6
14 14 167 2
14 14 845 1
2 18 1162 13
2 2 1162 11
13 16 1179 9
13 13 1179 7
10 10 972 14
6 1 1368 3
6 6 1368 2
5 5 955 7
9 11 338 9
9 9 338 4
6 13 1351 14
6 6 1351 4
7 7 1302 1
7 3 1245 2
7 7 1245 8
13 6 371 1
13 13 371 1
0 0 374 2
5 3 166 11
5 5 166 7
5 4 369 7
5 5 369 11
7 14 13 8
7 7 13 8
10 10 307 25
9 9 1289 14
12 3 88 6
12 12 88 10
12 10 485 11
12 12 485 31
14 11 570 10
14 14 570 14
2 17 66 3
2 2 66 9
4 4 191 5
6 5 634 5
6 6 634 5
7 7 162 2
9 18 711 10
9 9 711 5
9 3 1178 4
9 9 1178 3
1 5 1051 14
1 1 1051 1
5 5 288 5
2 3 1298 3
2 2 1298 2
5 15 88 12
5 5 88 2
8 8 500 11
7 13 356 14
7 7 356 1
10 10 21 6
14 17 1024 9
14 14 1024 14
12 12 715 8
16 16 372 32
15 15 292 4
19 12 1386 1
19 19 1386 4
0 0 584 5
19 19 651 8
5 14 932 8
5 5 932 5
9 9 347 14
7 17 832 8
7 7 832 2
7 12 1295 12
7 7 1295 7
15 1 926 14
15 15 926 22
16 16 840 5
0 16 333 7
0 0 333 7
1 1 625 4
1 18 36 1
1 1 36 5
6 7 1177 7
6 6 1177 1
5 5 821 1
7 3 10 10
7 7 10 1
9 13 895 7
9 9 895 4
6 6 230 1
13 18 863 6
13 13 863 6
0 16 508 8
0 0 508 10
1 8 482 4
1 1 482 6
1 1 85 9
2 2 646 2
4 14 873 4
4 4 873 6
4 4 166 10
6 16 198 7
6 6 198 6
5 13 838 4
5 5 838 2
10 4 624 2
10 10 624 3
7 7 614 2
13 13 741 2
15 4 1217 7
15 15 1217 18
14 14 940 9
18 18 189 17
1 1 99 8
2 2 387 6
2 3 972 10
2 2 972 2
10 2 728 9
10 10 728 2
5 5 540 2
9 17 601 5
9 9 601 4
13 15 630 14
13 13 630 2
6 1 104 3
6 6 104 10
18 18 665 1
2 0 306 2
2 2 306 4
5 6 1356 2
5 5 1356 2
9 4 272 11
9 9 272 4
9 4 791 10
9 9 791 1
7 1 1284 5
7 7 1284 11
9 7 939 1
9 9 939 1
13 13 402 1
16 6 506 3
16 16 506 1
13 5 1256 6
13 13 1256 12
16 13 830 1
16 16 830 10
1 1 586 3
3 5 1070 11
3 3 1070 2
6 19 814 9
6 6 814 4
10 10 744 38
9 9 1339 1
16 16 1279 15
13 13 483 2
14 13 467 14
14 14 467 1
16 8 1076 10
16 16 1076 10
19 19 4 13
6 6 9 4
4 12 848 5
4 4 848 17
7 7 144 3
11 11 1403 15
9 3 1156 6
9 9 1156 12
12 12 221 1
13 19 169 10
13 13 169 1
13 13 372 3
15 15 645 11
15 19 112 14
15 15 112 5
19 19 1291 5
19 19 19 3
2 2 967 1
5 18 1358 1
5 5 1358 3
5 11 1316 1
5 5 1316 3
8 8 176 13
6 3 519 14
6 6 519 2
18 17 43 11
18 18 43 30
14 12 184 10
14 14 184 2
13 13 1168 11
13 10 1371 2
13 13 1371 6
0 1 582 14
0 0 582 2
19 9 665 3
19 19 665 10
6 0 918 13
6 6 918 10
6 15 475 12
6 6 475 1
7 12 950 7
7 7 950 3
7 11 1224 14
7 7 1224 2
11 11 435 3
15 15 1073 3
14 14 668 4
1 10 920 1
1 1 920 4
2 17 1030 10
2 2 1030 2
5 7 1035 1
5 5 1035 3
6 1 801 9
6 6 801 9
9 5 873 9
9 9 873 1
9 14 1340 9
9 9 1340 9
11 11 125 17
13 8 849 14
13 13 849 2
15 15 1190 4
15 3 831 13
15 15 831 19
13 13 1138 3
0 4 831 10
0 0 831 16
2 14 482 12
2 2 482 1
2 2 664 43
7 2 1049 9
7 7 1049 5
5 8 765 8
5 5 765 4
5 4 840 3
5 5 840 5
7 7 596 3
14 3 1130 8
14 14 1130 1
13 11 162 7
13 13 162 6
13 13 365 5
16 16 159 1
17 17 39 3
2 2 1279 1
1 12 365 11
1 1 365 2
19 13 93 2
19 19 93 2
5 0 1325 4
5 5 1325 13
10 2 1020 9
10 10 1020 11
6 9 67 5
6 6 67 2
7 1 339 3
7 7 339 12
7 11 1200 2
7 7 1200 8
11 11 347 12
14 14 756 5
0 8 232 6
0 0 232 2
1 1 158 4
18 18 1364 13
4 4 544 20
6 11 1267 10
6 6 1267 7
4 8 458 8
4 4 458 6
5 5 927 4
9 14 334 1
9 9 334 2
9 0 769 12
9 9 769 6
10 10 1127 18
12 12 839 5
13 13 1050 4
1 15 913 3
1 1 913 1
1 15 580 1
1 1 580 6
14 13 632 6
14 14 632 1
15 15 1357 24
6 7 792 1
6 6 792 3
5 7 800 14
5 5 800 3
2 2 30 1
1 1 431 5
13 13 842 1
12 10 982 6
12 12 982 11
14 16 477 12
14 14 477 1
1 0 770 6
1 1 770 5
2 2 659 5
17 17 572 3
6 5 614 9
6 6 614 1
11 11 1385 3
17 17 583 19
13 7 129 2
13 13 129 4
14 6 897 2
14 14 897 7
1 19 358 14
1 1 358 5
6 6 69 2
2 17 514 8
2 2 514 4
6 1 1009 1
6 6 1009 1
6 2 58 4
6 6 58 7
7 7 328 4
18 18 642 2
18 18 1359 5
5 18 1260 6
5 5 1260 2
14 8 846 9
14 14 846 1
8 8 554 4
10 11 335 4
10 10 335 14
13 14 1010 9
13 13 1010 2
19 13 1088 14
19 19 1088 1
2 8 142 4
2 2 142 2
1 1 1214 4
2 2 99 12
7 19 565 9
7 7 565 3
16 16 1311 12
16 16 1252 1
16 4 963 1
16 16 963 4
2 11 1374 14
2 2 1374 3
0 0 781 15
18 18 1137 3
2 17 618 5
2 2 618 2
19 1 1104 11
19 19 1104 1
6 7 601 13
6 6 601 2
9 9 81 2
10 10 161 12
12 15 202 6
12 12 202 4
16 16 312 11
15 18 656 9
15 15 656 9
14 11 904 10
14 14 904 5
2 9 1265 3
2 2 1265 1
19 11 575 6
19 19 575 10
4 4 988 3
3 3 1315 2
5 16 624 13
5 5 624 1
11 11 1064 6
18 18 973 37
14 11 141 1
14 14 141 4
14 14 827 10
2 7 1120 7
2 2 1120 2
19 15 249 6
19 19 249 5
19 19 684 23
8 8 166 8
6 6 891 3
4 4 1346 2
3 3 1013 7
13 13 438 2
6 0 899 13
6 6 899 12
17 17 488 6
1 6 995 7
1 1 995 9
18 18 1241 2
1 0 1207 12
1 1 1207 1
4 16 677 12
4 4 677 7
6 6 1148 5
3 3 1034 16
8 8 672 2
5 13 786 13
5 5 786 5
9 12 201 7
9 9 201 4
7 9 562 9
7 7 562 1
17 17 970 18
18 18 806 30
12 16 1297 14
12 12 1297 6
15 15 39 6
19 9 471 10
19 19 471 1
8 3 1018 7
8 8 1018 6
4 3 1067 5
4 4 1067 13
7 4 297 6
7 7 297 4
6 18 763 3
6 6 763 3
10 10 1342 29
13 13 205 2
17 11 892 3
17 17 892 6
15 5 665 9
15 15 665 4
2 2 1224 15
18 18 869 20
2 1 382 9
2 2 382 1
11 11 199 8
1 14 1105 6
1 1 1105 1
4 5 1210 2
4 4 1210 3
7 1 446 11
7 7 446 14
10 10 494 2
7 10 1183 8
7 7 1183 1
11 11 334 4
12 14 336 9
12 12 336 3
13 16 94 12
13 13 94 1
3 3 149 11
1 11 574 8
1 1 574 1
1 7 225 14
1 1 225 6
19 12 254 3
19 19 254 2
2 2 858 33
6 6 1252 5
6 0 882 12
6 6 882 2
6 4 455 9
6 6 455 1
11 11 581 1
14 6 7 2
14 14 7 13
16 16 930 5
18 11 954 10
18 18 954 18
0 0 721 3
2 11 717 13
2 2 717 7
4 18 684 6
4 4 684 29
10 10 192 2
14 14 1288 2
18 18 256 1
1 1 472 10
2 17 454 2
2 2 454 6
7 17 294 4
7 7 294 3
9 19 67 5
9 9 67 5
16 6 1337 3
16 16 1337 2
1 1 646 5
0 3 906 6
0 0 906 6
15 13 184 5
15 15 184 23
3 3 858 20
6 10 986 12
6 6 986 3
17 17 1040 16
9 9 940 5
14 1 450 1
14 14 450 8
14 9 773 2
14 14 773 12
2 16 1138 4
2 2 1138 1
18 18 1208 20
1 1 1296 12
5 0 1223 10
5 5 1223 9
4 4 81 6
10 10 1377 27
9 6 281 11
9 9 281 8
14 14 405 3
7 6 1374 4
7 7 1374 6
13 13 424 1
13 17 1086 1
13 13 1086 1
1 1 107 9
19 19 372 6
2 7 708 3
2 2 708 9
5 0 1128 10
5 5 1128 4
5 7 254 3
5 5 254 6
10 9 702 8
10 10 702 2
12 8 1287 7
12 12 1287 4
1 2 465 7
1 1 465 4
2 8 449 1
2 2 449 5
13 5 1125 12
13 13 1125 10
2 2 631 3
4 4 375 1
5 19 15 4
5 5 15 3
6 6 151 4
9 2 1234 12
9 9 1234 10
11 11 992 19
0 0 989 24
1 1 322 10
3 6 57 12
3 3 57 4
5 16 1290 8
5 5 1290 1
6 15 285 7
6 6 285 2
5 15 400 7
5 5 400 8
13 13 80 1
6 3 214 5
6 6 214 11
17 17 322 37
18 18 29 8
19 11 707 12
19 19 707 1
4 6 88 2
4 4 88 2
7 0 61 6
7 7 61 2
9 19 806 4
9 9 806 2
6 3 600 13
6 6 600 1
14 17 1387 7
14 14 1387 5
14 14 586 2
1 12 1014 12
1 1 1014 2
19 18 381 2
19 19 381 8
1 9 1178 3
1 1 1178 10
6 6 255 1
19 3 1283 11
19 19 1283 7
12 15 31 5
12 12 31 6
14 13 384 1
14 14 384 12
9 19 164 4
9 9 164 2
2 2 472 4
4 4 801 7
9 10 77 11
9 9 77 4
11 11 1418 8
17 17 1308 7
12 5 1088 3
12 12 1088 7
18 18 133 19
1 12 347 13
1 1 347 2
19 2 164 3
19 19 164 4
2 7 948 2
2 2 948 12
3 3 501 6
9 15 267 4
9 9 267 2
10 9 411 2
10 10 411 13
9 7 1425 7
2 2 1032 3
19 3 146 3
19 19 146 5
15 15 208 1
1 18 244 13
1 1 244 15
19 17 712 7
19 19 712 2
4 4 71 4
6 11 424 14
6 6 424 3
9 18 148 6
9 9 148 1
11 11 1189 1
16 16 1192 12
12 12 1190 18
18 18 474 17
0 0 881 13
6 13 246 6
6 6 246 4
7 13 75 6
7 7 75 4
10 10 253 4
11 5 761 8
11 11 761 5
16 16 1394 2
16 16 1223 6
13 13 299 5
17 17 101 38
19 16 1234 8
19 19 1234 5
2 19 467 12
2 2 467 4
13 14 824 3
13 13 824 2
1 14 1036 4
1 1 1036 1
4 0 808 1
4 4 808 5
2 1 155 3
2 2 155 6
5 4 716 9
5 5 716 2
10 10 998 2
19 14 1346 2
19 19 1346 18
9 9 1244 3
14 16 1115 11
14 14 1115 3
13 7 241 1
13 13 241 2
0 0 912 2
19 18 173 14
19 19 173 6
6 6 1402 26
5 5 386 7
18 18 453 2
7 18 418 10
7 7 418 1
9 0 967 11
9 9 967 8
16 16 369 3
16 16 895 3
0 0 1139 1
1 19 1403 5
1 1 1403 1
19 17 1065 7
19 19 1065 5
9 6 157 1
9 9 157 1
10 10 277 4
14 15 1188 6
14 14 1188 4
6 6 193 1
17 17 1079 3
9 9 276 5
15 15 403 4
1 1 960 6
19 19 395 1
5 5 1091 2
3 3 664 26
4 4 1127 5
9 9 673 4
11 11 766 1
14 0 1203 13
14 14 1203 11
13 13 153 1
19 7 1243 1
19 19 1243 6
1 4 292 3
1 1 292 4
2 12 23 8
2 2 23 1
3 3 338 15
4 12 364 6
4 4 364 6
6 6 567 3
8 8 466 5
6 10 771 11
6 6 771 13
16 16 274 4
13 17 1291 8
13 13 1291 2
18 10 247 4
18 18 247 9
14 8 796 8
14 14 796 9
19 19 617 7
3 10 483 8
3 3 483 9
6 2 966 1
6 6 966 2
19 6 971 12
19 19 971 9
13 13 944 1
12 12 696 17
15 3 956 5
15 15 956 1
13 8 1233 3
13 13 1233 1
0 0 363 10
18 18 1180 5
1 1 1404 1
13 16 137 8
13 13 137 2
4 4 53 3
5 8 284 12
5 5 284 2
19 15 920 3
19 19 920 4
17 17 1064 8
14 17 490 5
14 14 490 4
15 15 948 2
0 14 847 8
0 0 847 2
1 15 119 2
1 1 119 2
5 15 1100 11
5 5 1100 3
3 3 641 1
8 8 159 7
10 10 594 6
12 12 593 13
13 13 349 6
17 17 524 48
17 17 365 4
0 0 1022 6
1 1 1054 3
4 2 798 3
4 4 798 3
6 0 558 9
6 6 558 1
10 10 1000 5
9 9 571 1
11 11 836 16
2 2 1081 2
13 16 600 5
13 13 600 1
0 0 56 11
0 0 621 16
19 7 187 11
19 19 187 5
6 4 1396 10
6 6 1396 1
6 0 953 5
6 6 953 4
5 7 591 5
5 5 591 1
7 13 400 2
7 7 400 1
9 10 1119 5
9 9 1119 11
11 11 408 27
13 14 937 1
13 13 937 3
14 9 695 1
14 14 695 4
0 0 354 9
0 13 215 10
0 0 215 6
1 19 223 6
1 1 223 2
18 18 1175 5
1 9 1397 1
1 1 1397 2
6 19 1287 4
6 6 1287 10
8 8 85 13
1 1 1413 4
14 8 437 13
14 14 437 5
10 11 1062 2
10 10 1062 13
13 9 826 6
13 13 826 5
17 17 1057 7
18 18 455 19
1 1 72 8
18 18 1062 2
19 2 844 14
19 19 844 2
3 3 646 14
8 8 134 2
11 11 179 1
13 7 704 11
13 13 704 6
13 0 139 12
13 13 139 9
12 12 917 3
15 15 603 1
2 16 1286 8
2 2 1286 4
0 0 1013 9
2 0 444 13
2 2 444 4
8 8 1142 3
6 7 545 5
6 6 545 2
7 1 199 2
7 7 199 3
9 1 572 3
9 9 572 5
10 18 1231 5
10 10 1231 29
13 6 593 11
13 13 593 4
13 14 28 3
13 13 28 1
12 12 1124 14
15 12 712 11
15 15 712 6
18 18 690 7
19 19 192 1
4 4 969 8
5 9 1180 14
5 5 1180 3
4 4 916 8
8 8 538 10
7 18 393 3
7 7 393 2
13 11 246 10
13 13 246 4
7 17 1262 1
7 7 1262 6
6 5 989 11
6 6 989 4
17 19 988 10
17 17 988 3
19 13 305 9
19 19 305 2
5 1 1069 4
5 5 1069 12
8 8 1311 4
6 11 766 8
6 6 766 4
19 2 1168 8
19 19 1168 6
7 1 997 10
7 7 997 2
6 10 677 2
6 6 677 7
13 13 510 10
15 15 563 4
13 10 1108 7
13 13 1108 3
19 11 1153 11
19 19 1153 2
16 16 1242 7
4 4 893 9
18 18 1038 5
12 12 298 1
9 2 1391 7
9 9 1391 7
6 6 194 4
16 16 1374 7
17 17 1376 13
13 19 335 8
13 13 335 9
0 18 603 5
0 0 603 6
18 18 337 2
0 0 1329 57
3 3 796 7
9 13 293 11
9 9 293 1
18 4 1102 3
18 18 1102 8
18 8 77 8
18 18 77 19
10 10 1270 38
13 4 21 14
13 13 21 1
13 9 1334 1
13 13 1334 3
13 7 1190 5
13 13 1190 1
18 18 187 2
18 0 1398 1
18 18 1398 2
6 13 939 5
6 6 939 3
14 19 605 12
14 14 605 3
9 10 995 10
9 9 995 5
11 11 572 2
15 15 94 6
14 14 403 2
1 9 947 9
1 1 947 5
6 6 606 1
1 12 41 13
1 1 41 1
4 4 725 7
6 3 753 1
6 6 753 2
5 6 962 7
5 5 962 3
12 13 1345 2
12 12 1345 15
13 16 1101 12
13 13 1101 1
15 15 379 3
0 8 665 7
0 0 665 27
1 4 1264 11
1 1 1264 1
6 12 1238 9
6 6 1238 1
6 0 213 8
6 6 213 1
5 10 851 11
5 5 851 2
7 14 164 7
7 7 164 22
8 8 935 13
9 15 1168 3
9 9 1168 1
14 6 618 1
14 14 618 5
11 11 438 1
15 15 100 3
0 17 414 7
0 0 414 12
2 5 1019 4
2 2 1019 10
1 14 1121 10
1 1 1121 11
6 4 531 13
6 6 531 2
4 4 1258 15
13 9 14 13
13 13 14 7
12 12 1050 38
16 19 195 11
16 16 195 10
0 1 13 14
0 0 13 5
12 12 1208 25
1 1 1327 2
5 8 1369 12
5 5 1369 8
5 4 954 3
5 5 954 1
7 16 1244 8
7 7 1244 1
13 13 415 4
14 1 87 7
14 14 87 10
1 19 639 12
1 1 639 4
1 6 34 6
1 1 34 2
19 5 319 4
19 19 319 3
5 5 1055 10
6 6 744 4
7 12 987 6
7 7 987 9
14 19 517 3
14 14 517 1
13 18 805 1
13 13 805 11
13 9 496 12
13 13 496 14
17 17 607 10
16 4 993 14
16 16 993 11
19 14 1167 8
19 19 1167 1
1 10 488 6
1 1 488 9
18 18 582 12
18 18 1043 3
19 2 142 7
19 19 142 2
4 4 867 6
3 3 1200 11
6 15 204 5
6 6 204 9
9 9 51 4
7 16 616 11
7 7 616 3
3 3 1050 20
14 6 60 11
14 14 60 9
14 14 258 3
2 19 393 2
2 2 393 9
13 17 817 4
13 13 817 3
3 3 439 32
8 8 1131 11
7 16 359 5
7 7 359 3
11 11 864 9
2 2 735 2
6 7 994 14
6 6 994 2
11 11 1254 10
2 2 1154 5
2 1 312 7
2 2 312 13
19 18 650 6
19 19 650 1
4 11 564 13
4 4 564 3
6 19 933 8
6 6 933 6
5 13 931 2
5 5 931 1
10 13 424 14
10 10 424 5
11 8 1070 8
11 11 1070 3
15 8 921 14
15 15 921 2
15 15 340 3
18 2 594 6
18 18 594 14
0 0 1069 61
5 4 1048 7
5 5 1048 6
5 4 174 5
5 5 174 7
9 14 171 12
9 9 171 8
7 6 976 10
7 7 976 2
19 19 1390 7
14 2 1315 14
14 14 1315 6
13 17 489 10
13 13 489 2
16 2 19 2
16 16 19 2
2 2 1403 3
13 3 916 1
13 13 916 9
1 7 1218 6
1 1 1218 9
6 6 626 3
5 3 650 14
5 5 650 2
17 17 871 4
18 18 363 20
17 17 1182 5
14 2 376 11
14 14 376 8
18 18 186 1
0 0 1286 21
5 4 1338 11
5 5 1338 5
8 8 1042 15
5 2 64 1
5 5 64 6
5 11 539 2
5 5 539 1
7 7 758 10
6 6 372 1
16 16 364 5
13 10 1313 11
13 13 1313 15
19 14 659 14
19 19 659 3
6 6 1355 3
11 11 445 6
16 19 507 7
16 16 507 9
13 13 759 7
1 13 902 4
1 1 902 5
2 15 1429 7
18 18 1266 7
2 2 751 2
8 8 1339 6
6 3 730 13
6 6 730 4
14 14 1265 3
14 11 464 12
14 14 464 3
13 0 1144 8
13 13 1144 6
19 11 1181 9
19 19 1181 11
0 0 825 6
2 6 85 1
2 2 85 1
14 13 990 7
14 14 990 19
19 3 1336 9
19 19 1336 3
6 6 629 3
7 6 147 4
7 7 147 1
7 5 606 11
7 7 606 5
12 8 222 9
12 12 222 4
13 8 168 6
13 13 168 1
18 18 792 11
15 15 644 1
1 1 1065 2
19 9 1290 13
19 19 1290 1
1 1 363 2
0 4 1309 3
0 0 1309 12
17 17 219 26
9 14 910 11
9 9 910 3
7 8 751 4
7 7 751 5
18 13 96 14
18 18 96 23
13 14 57 1
13 13 57 5
14 5 807 4
14 14 807 15
0 0 18 2
19 0 229 13
19 19 229 10
8 8 49 36
4 4 119 6
3 3 905 7
14 13 1120 5
14 14 1120 1
9 4 133 10
9 9 133 11
6 19 542 14
6 6 542 3
13 4 1248 9
13 13 1248 3
2 13 189 14
2 2 189 2
4 0 713 5
4 4 713 12
5 13 144 4
5 5 144 12
10 10 656 6
9 8 872 8
9 9 872 1
7 11 1421 11
7 7 1421 3
11 4 873 14
11 11 873 22
12 15 1381 2
12 12 1381 2
14 8 524 5
14 14 524 2
1 3 499 2
1 1 499 5
2 7 483 11
2 2 483 1
0 4 1194 2
0 0 1194 13
3 3 1191 9
7 15 599 4
7 7 599 4
11 11 774 22
14 14 1131 1
17 7 38 12
17 17 38 1
2 16 1276 3
2 2 1276 2
18 18 889 3
2 13 402 1
2 2 402 4
2 11 520 9
2 2 520 7
4 4 1007 6
8 8 1024 2
5 6 525 3
5 5 525 10
9 11 508 2
9 9 508 19
7 7 793 4
11 11 919 15
15 15 1416 6
19 19 1408 3
1 18 157 12
1 1 157 1
5 5 1395 11
8 8 548 6
9 4 333 14
9 9 333 1
19 7 378 2
19 19 378 3
10 4 1124 3
10 10 1124 3
12 11 832 4
12 12 832 7
14 13 51 12
14 14 51 4
14 8 612 5
14 14 612 6
19 1 135 6
19 19 135 3
1 13 1188 3
1 1 1188 13
5 1 340 9
5 5 340 4
2 2 1398 5
7 19 112 5
7 7 112 15
9 5 657 7
9 9 657 5
9 0 1316 5
9 9 1316 2
12 12 125 8
13 19 841 9
13 13 841 1
13 6 276 14
13 13 276 9
0 0 823 2
11 11 539 2
15 7 245 5
15 15 245 10
6 6 615 4
6 11 129 14
6 6 129 2
7 19 129 6
7 7 129 2
13 9 357 14
13 13 357 3
19 6 1116 4
19 19 1116 15
19 17 1304 13
19 19 1304 5
1 5 357 1
1 1 357 1
2 2 365 2
1 12 1094 8
1 1 1094 2
6 18 1014 13
6 6 1014 3
2 2 1363 3
7 7 790 2
11 11 339 8
0 0 224 8
0 7 597 6
0 0 597 6
18 18 1356 3
2 19 841 5
2 2 841 17
8 4 1345 5
8 8 1345 36
6 6 1340 2
3 3 1354 6
4 3 1348 6
4 4 1348 1
10 10 332 3
7 7 151 7
14 3 58 5
14 14 58 2
14 14 623 2
0 9 298 10
0 0 298 10
18 1 73 12
18 18 73 4
18 18 530 18
0 0 1033 3
15 15 1036 7
6 6 1146 2
5 17 349 10
5 5 349 9
16 16 1296 2
16 16 1253 5
15 2 610 5
15 15 610 13
15 15 473 14
0 0 1216 2
14 14 647 5
19 19 26 10
2 2 62 3
5 17 19 13
5 5 19 3
8 8 265 2
9 0 413 13
9 9 413 5
7 0 254 9
7 7 254 3
7 19 581 14
7 7 581 3
13 13 520 9
15 18 1385 3
15 15 1385 11
14 9 227 3
14 14 227 17
16 9 595 10
16 16 595 1
1 19 651 11
1 1 651 1
19 3 139 1
19 19 139 3
19 19 574 1
5 5 639 4
7 0 320 11
7 7 320 7
10 12 721 2
10 10 721 7
16 5 1086 7
16 16 1086 27
13 16 1210 8
13 13 1210 4
13 12 572 1
13 13 572 1
2 5 832 13
2 2 832 5
4 4 108 4
3 3 1020 5
12 16 886 12
12 12 886 17
17 17 495 4
0 7 150 12
0 0 150 1
2 2 134 8
5 10 1125 2
5 5 1125 3
5 14 139 6
5 5 139 5
9 4 200 10
9 9 200 1
9 12 643 5
9 9 643 14
16 1 1303 5
16 16 1303 8
13 7 891 10
13 13 891 6
13 6 262 5
13 13 262 2
2 2 1366 1
2 7 460 4
2 2 460 7
19 14 151 6
19 19 151 10
4 11 821 8
4 4 821 4
3 3 711 8
5 10 28 5
5 5 28 10
9 16 390 14
9 9 390 4
9 14 89 8
9 9 89 10
11 11 240 2
12 12 194 8
5 5 1207 3
14 14 912 1
1 10 652 4
1 1 652 2
2 0 383 13
2 2 383 4
13 18 1143 10
13 13 1143 1
3 3 385 20
6 19 53 11
6 6 53 5
7 2 441 7
7 7 441 1
7 17 723 12
7 7 723 4
11 16 321 2
11 11 321 1
13 13 914 2
13 6 93 1
13 13 93 1
15 15 850 10
13 0 1203 13
13 13 1203 7
17 12 154 14
17 17 154 5
4 4 1184 12
4 5 542 1
4 4 542 2
15 15 1415 1
5 17 318 4
5 5 318 5
6 14 452 9
6 6 452 3
7 18 462 12
7 7 462 2
9 16 827 13
9 9 827 5
11 11 580 1
13 13 430 2
3 3 20 17
13 15 1028 5
13 13 1028 8
19 9 1105 3
19 19 1105 1
19 17 366 10
19 19 366 6
5 10 244 9
5 5 244 3
8 8 680 1
16 16 1294 2
9 9 696 5
18 18 257 6
0 0 796 3
19 19 40 3
19 19 479 2
6 17 1085 11
6 6 1085 9
10 10 519 63
6 6 646 8
14 14 294 5
14 17 923 14
14 14 923 6
2 4 931 9
2 2 931 4
5 18 1205 3
5 5 1205 2
5 5 1280 8
10 12 406 3
10 10 406 5
13 13 907 2
12 12 661 35
2 19 1139 2
2 2 1139 6
4 4 1122 3
5 5 937 9
5 5 1222 1
6 2 1244 13
6 6 1244 8
8 8 1163 14
9 16 361 8
9 9 361 4
7 5 1275 14
7 7 1275 3
5 18 22 7
5 5 22 6
13 13 796 3
15 15 1053 20
3 3 94 28
18 18 639 3
19 19 810 2
5 5 1111 1
19 18 1034 4
19 19 1034 4
12 17 430 8
12 12 430 13
12 0 1019 14
12 12 1019 7
6 6 884 2
13 13 1422 7
7 16 584 5
7 7 584 2
2 2 478 4
19 17 484 2
19 19 484 13
1 1 1073 5
15 17 1076 3
15 15 1076 3
7 7 286 2
7 8 688 3
7 7 688 7
12 12 573 3
14 5 244 3
14 14 244 4
15 15 165 8
1 11 321 11
1 1 321 1
5 5 1289 1
6 4 39 8
6 6 39 1
7 3 431 8
7 7 431 2
9 9 1058 11
2 13 1035 9
2 2 1035 17
14 15 103 7
14 14 103 3
13 1 1392 12
13 13 1392 11
12 12 477 4
2 2 813 1
6 0 1239 11
6 6 1239 1
6 18 877 12
6 6 877 1
5 16 1019 8
5 5 1019 2
18 18 163 6
17 17 466 13
6 6 90 1
19 0 819 6
19 19 819 4
5 5 689 3
9 3 227 1
9 9 227 3
9 18 1353 1
9 9 1353 3
16 16 1217 1
12 0 1412 11
12 12 1412 5
6 8 570 1
6 6 570 1
9 14 441 9
9 9 441 4
7 7 681 4
7 7 1140 2
17 17 1299 9
17 17 870 1
13 19 1304 7
13 13 1304 5
18 18 130 1
16 16 1021 6
3 4 500 4
3 3 500 1
5 2 408 4
5 5 408 4
10 10 847 15
11 11 1111 53
7 3 1342 1
7 7 1342 3
16 11 987 5
16 16 987 6
14 14 675 19
15 15 211 11
1 1 512 2
1 16 1377 13
1 1 1377 6
5 9 297 9
5 5 297 4
18 18 1236 5
10 14 1034 4
10 10 1034 18
12 12 461 15
19 4 389 10
19 19 389 6
5 3 698 8
5 5 698 3
8 8 146 1
7 14 74 11
7 7 74 1
11 11 143 21
15 15 58 5
2 5 1338 5
2 2 1338 1
18 18 1101 1
1 1 1027 1
3 3 803 41
19 1 507 5
19 19 507 1
9 17 1069 13
9 9 1069 1
9 12 418 12
9 9 418 5
7 16 678 13
7 7 678 3
13 13 549 5
17 6 245 5
17 17 245 15
9 9 481 5
18 18 838 11
3 3 38 3
7 17 872 7
7 7 872 3
11 3 934 13
11 11 934 30
16 16 1041 3
15 15 950 5
13 13 1239 9
13 4 1378 9
13 13 1378 9
1 1 204 19
0 13 1140 10
0 0 1140 3
19 6 720 2
19 19 720 3
3 3 961 20
5 5 274 10
7 7 50 5
15 4 397 2
15 15 397 5
15 15 402 1
1 6 967 2
1 1 967 3
4 4 825 4
19 16 833 12
19 19 833 8
4 4 641 9
5 2 232 11
5 5 232 12
6 6 238 8
7 16 526 5
7 7 526 22
13 3 717 6
13 13 717 3
14 1 1324 3
14 14 1324 7
17 17 522 2
2 7 427 4
2 2 427 10
2 10 20 1
2 2 20 1
1 1 1028 8
6 18 121 12
6 6 121 1
7 5 261 10
7 7 261 6
9 9 126 7
7 16 1130 12
7 7 1130 4
15 15 709 3
11 11 1426 1
19 6 181 13
19 19 181 1
6 16 8 4
6 6 8 1
9 0 308 14
9 9 308 4
9 3 975 6
9 9 975 20
7 7 1324 7
1 2 1374 7
1 1 1374 1
10 10 1197 4
19 13 1017 8
19 19 1017 14
1 0 530 14
1 1 530 13
0 0 518 15
2 9 205 7
2 2 205 2
5 17 982 9
5 5 982 2
10 10 704 17
10 10 1084 16
12 2 1365 1
12 12 1365 4
14 10 299 2
14 14 299 14
1 7 387 8
1 1 387 4
4 4 197 13
6 15 225 14
6 6 225 5
5 10 871 3
5 5 871 7
10 10 1052 10
19 15 795 1
19 19 795 4
13 0 710 11
13 13 710 7
15 15 1323 14
0 0 394 2
19 14 77 8
19 19 77 8
19 17 512 5
19 19 512 2
2 2 600 6
4 4 340 4
6 15 559 4
6 6 559 2
9 15 103 14
9 9 103 3
15 15 796 4
12 12 148 5
14 14 261 2
19 1 186 11
19 19 186 1
4 4 593 3
6 0 1397 9
6 6 1397 4
0 0 1250 5
9 0 317 10
9 9 317 10
19 4 1369 5
19 19 1369 3
9 9 1118 1
10 10 1108 7
15 3 31 10
15 15 31 5
13 16 1225 4
13 13 1225 4
18 18 437 9
1 17 619 5
1 1 619 6
8 15 395 8
8 8 395 8
6 6 1203 1
6 18 1284 3
6 6 1284 1
5 18 260 3
5 5 260 6
10 10 496 21
15 14 891 5
15 15 891 16
14 14 1348 1
13 13 452 3
17 14 1353 9
17 17 1353 10
17 17 446 9
1 17 977 11
1 1 977 4
0 0 652 13
4 4 887 4
4 11 1110 1
4 4 1110 12
6 19 301 6
6 6 301 17
7 3 636 5
7 7 636 6
15 17 602 5
15 15 602 1
12 19 325 1
12 12 325 4
19 19 117 9
6 14 550 7
6 6 550 4
7 7 379 1
7 7 198 1
9 2 547 1
9 9 547 1
7 7 1112 7
14 14 97 6
12 12 728 4
16 16 257 15
16 11 214 1
16 16 214 3
14 14 730 1
0 0 1399 3
5 16 1366 8
5 5 1366 3
3 3 935 12
9 9 294 1
5
18 0 440
2 1 225
11 1 633
3 17 269
13 10 358
