10 2809
2 9 223 10
2 2 223 2
6 2 1194 8
6 6 1194 5
8 5 853 1
8 8 853 31
6 2 405 9
6 6 405 1
7 7 25 12
8 1 804 12
8 8 804 9
8 9 377 2
8 8 377 8
9 3 0 4
9 9 0 1
2 2 1310 1
2 3 436 3
2 2 436 6
5 5 559 15
7 4 368 9
7 7 368 9
7 4 1105 14
7 7 1105 8
2 2 1201 1
3 6 2 12
3 3 2 2
5 5 1375 12
5 5 485 7
7 9 385 4
7 7 385 7
0 0 369 27
2 0 1056 2
2 2 1056 4
3 3 614 11
3 8 1085 4
3 3 1085 12
6 9 827 5
6 6 827 1
8 8 38 9
6 8 1084 4
6 6 1084 6
6 6 641 9
6 6 202 4
9 4 732 12
9 9 732 1
2 9 1305 8
2 2 1305 5
5 5 552 7
7 0 361 3
7 7 361 7
7 6 820 8
7 7 820 7
4 4 923 6
6 4 1374 12
6 6 1374 1
9 1 1003 11
9 9 1003 1
7 2 1296 3
7 7 1296 2
1 1 638 35
2 1 209 12
2 2 209 6
8 8 1294 11
9 9 884 7
1 1 495 4
0 0 657 22
2 6 64 10
2 2 64 5
3 3 1203 5
8 8 359 7
9 4 1176 1
9 9 1176 9
5 5 1328 11
5 3 70 10
5 5 70 1
4 4 1234 2
9 9 456 1
8 8 561 12
2 0 866 6
2 2 866 3
5 5 1270 8
3 0 922 12
3 3 922 6
3 8 1361 5
3 3 1361 1
9 5 1004 6
9 9 1004 8
1 8 58 7
1 1 58 10
8 8 842 3
2 5 1400 7
2 2 1400 11
2 6 644 8
2 2 644 3
3 3 1208 16
8 0 366 3
8 8 366 6
9 1 1153 4
9 9 1153 3
3 3 447 3
9 2 1042 8
9 9 1042 5
6 9 1352 8
6 6 1352 1
9 7 322 9
9 9 322 2
9 6 789 11
9 9 789 12
9 9 1123 3
3 3 1246 4
1 1 584 2
1 1 51 1
9 7 870 10
9 9 870 2
1 1 1090 12
3 3 279 16
6 6 618 1
6 3 191 14
6 6 191 1
9 7 759 2
9 9 759 4
2 8 965 4
2 2 965 10
8 8 943 7
9 9 909 11
9 9 576 3
8 8 784 8
7 7 1215 4
2 9 1173 12
2 2 1173 7
8 1 1257 2
8 8 1257 19
6 4 916 7
6 6 916 2
1 1 52 4
1 4 1186 2
1 1 1186 6
5 0 159 7
5 5 159 7
6 0 807 12
6 6 807 6
9 3 260 5
9 9 260 3
9 9 212 12
2 0 1354 1
2 2 1354 3
0 0 1382 50
8 8 284 8
9 4 402 2
9 9 402 3
9 6 1203 7
9 9 1203 14
1 1 355 13
3 3 429 10
5 5 433 7
9 9 483 9
9 9 585 3
2 5 1132 5
2 2 1132 4
8 4 1168 4
8 8 1168 8
5 5 925 15
7 6 1219 2
7 7 1219 2
2 4 181 1
2 2 181 21
1 7 1211 4
1 1 1211 7
1 7 768 10
1 1 768 25
1 1 459 6
7 4 591 3
7 7 591 1
0 0 166 31
3 3 873 21
6 7 56 11
6 6 56 1
7 7 330 1
7 7 785 2
6 6 1256 3
7 9 934 14
7 7 934 8
1 5 1000 9
1 1 1000 4
0 0 1034 24
2 2 761 9
5 5 1147 2
7 7 104 1
9 9 665 4
1 1 793 3
2 8 498 1
2 2 498 21
2 2 616 4
4 4 8 18
2 6 357 4
2 2 357 17
3 4 1317 6
3 3 1317 9
9 8 928 11
9 9 928 7
0 0 248 26
7 7 1415 1
6 6 1251 5
3 3 656 9
9 1 382 9
9 9 382 7
9 7 817 10
9 9 817 4
1 1 993 7
5 5 325 4
5 5 784 16
5 5 500 4
0 0 1355 14
9 9 389 5
2 6 890 7
2 2 890 9
5 5 204 15
4 4 1188 39
9 3 937 10
9 9 937 2
9 1 1079 11
9 9 1079 1
2 5 1145 5
2 2 1145 7
2 9 239 6
2 2 239 17
6 4 1327 9
6 6 1327 1
8 8 111 21
4 4 251 8
5 5 243 3
6 6 340 13
0 0 1207 21
3 3 719 5
3 3 1154 5
0 0 415 1
1 1 335 10
8 8 1085 3
6 4 984 7
6 6 984 4
8 8 391 12
9 9 978 4
9 5 1080 1
9 9 1080 3
1 1 565 2
0 0 1120 7
2 2 851 2
4 6 518 8
4 4 518 38
3 3 1005 1
6 9 875 3
6 6 875 11
5 5 1009 1
9 9 360 11
1 9 422 14
1 1 422 1
1 1 105 2
5 5 1110 1
5 0 695 10
5 5 695 18
7 0 87 12
7 7 87 6
7 5 546 6
7 7 546 30
2 6 479 11
2 2 479 2
2 2 8 4
2 2 629 2
6 4 149 4
6 6 149 2
5 5 1288 20
6 6 979 5
6 9 36 9
6 6 36 13
9 9 622 23
3 3 1142 12
8 6 684 8
8 8 684 5
2 7 225 12
2 2 225 9
2 2 810 4
6 3 866 7
6 6 866 5
1 1 447 3
2 0 733 11
2 2 733 7
5 5 219 2
1 5 296 9
1 1 296 14
2 2 470 2
7 7 278 2
1 1 345 10
2 1 329 6
2 2 329 3
4 4 271 12
5 8 391 12
5 5 391 6
9 0 265 9
9 9 265 2
8 8 719 3
8 6 4 8
8 8 4 7
7 7 1358 6
0 0 216 3
1 7 1169 9
1 1 1169 1
6 6 675 2
8 8 147 19
7 1 528 11
7 7 528 14
0 0 994 7
2 2 26 2
2 2 583 7
6 9 135 9
6 6 135 7
9 8 417 3
9 9 417 17
7 2 673 13
7 7 673 10
9 4 70 12
9 9 70 2
0 1 44 7
0 0 44 1
3 4 508 2
3 3 508 2
6 9 1400 8
6 6 1400 6
6 8 22 3
6 6 22 2
7 3 1277 6
7 7 1277 5
8 5 102 3
8 8 102 9
0 0 219 1
3 1 182 8
3 3 182 5
6 9 1291 8
6 6 1291 3
8 8 11 8
2 2 1411 4
2 2 98 11
1 1 314 15
8 8 420 5
7 7 211 3
7 1 670 3
7 7 670 3
1 0 736 7
1 1 736 21
3 3 46 6
9 9 974 4
2 2 1108 1
2 2 202 1
2 3 823 3
2 2 823 2
5 5 1081 7
6 3 1282 11
6 6 1282 5
2 1 125 14
2 2 125 9
6 6 1096 3
6 8 299 1
6 6 299 6
0 0 1317 1
5 5 97 4
8 8 475 11
7 7 381 3
7 4 200 9
7 7 200 3
7 7 663 7
2 9 927 8
2 2 927 6
4 4 594 17
6 4 0 8
6 6 0 1
7 6 402 5
7 7 402 12
9 8 1418 6
1 1 618 5
1 2 221 13
1 1 221 3
9 9 832 4
4 4 205 4
6 0 217 3
6 6 217 4
6 8 290 9
6 6 290 7
3 3 1006 40
2 2 442 1
5 5 1022 4
4 5 775 9
4 4 775 37
6 8 551 10
6 6 551 18
6 3 104 2
6 6 104 10
7 4 193 12
7 7 193 3
0 0 49 29
2 2 918 6
0 0 533 10
4 4 744 4
7 8 24 14
7 7 24 1
5 5 529 7
6 5 1082 8
6 6 1082 2
9 7 1389 9
9 9 1389 6
2 2 537 18
2 0 1311 6
2 2 1311 5
2 8 1022 12
2 2 1022 3
2 4 555 4
2 2 555 5
1 9 715 10
1 1 715 9
1 1 190 11
7 0 1423 9
7 8 384 7
7 7 384 1
8 2 798 5
8 8 798 3
2 2 215 8
6 8 397 13
6 6 397 5
7 7 17 7
7 7 621 10
9 8 1174 13
9 9 1174 2
4 4 1236 9
6 5 1361 14
6 6 1361 2
2 2 1369 2
2 5 319 6
2 2 319 7
2 7 872 11
2 2 872 2
5 5 1164 16
6 8 1375 5
6 6 1375 1
8 5 522 14
8 8 522 9
9 3 1136 1
9 9 1136 7
2 2 174 2
9 2 160 14
9 9 160 7
9 3 891 9
9 9 891 10
9 2 1294 11
9 9 1294 2
9 9 767 6
3 3 296 10
5 5 655 1
9 1 380 11
9 9 380 1
9 9 708 3
6 6 1210 1
5 4 285 9
5 5 285 9
2 3 1152 7
2 2 1152 14
4 4 1323 12
8 8 1276 18
3 3 1360 1
1 1 1367 1
8 8 213 32
1 1 828 7
4 4 1019 14
2 5 495 13
2 2 495 1
8 9 986 9
8 8 986 8
9 6 200 2
9 9 200 1
2 2 414 3
3 2 446 2
3 3 446 1
3 1 1224 3
3 3 1224 8
6 9 84 11
6 6 84 20
9 9 1041 1
1 1 1343 4
5 5 1278 9
6 9 339 11
6 6 339 1
6 5 1353 5
6 6 1353 7
6 0 487 8
6 6 487 3
5 5 598 13
1 7 1192 12
1 1 1192 7
6 4 813 1
6 6 813 3
9 2 1336 14
9 9 1336 5
2 7 1392 7
2 2 1392 8
6 6 619 6
7 7 600 12
2 1 409 7
2 2 409 1
7 7 1204 6
8 0 1365 4
8 8 1365 1
3 3 1374 18
5 2 915 3
5 5 915 2
9 2 330 14
9 9 330 7
7 8 1221 11
7 7 1221 10
2 3 740 10
2 2 740 1
5 0 1032 1
5 5 1032 18
8 5 654 2
8 8 654 16
6 6 361 14
9 9 878 6
9 0 1313 5
9 9 1313 2
2 9 481 2
2 2 481 3
7 0 138 7
7 7 138 2
7 7 593 7
0 5 1302 6
0 0 1302 15
2 2 989 1
4 4 294 21
9 9 584 1
1 7 1351 3
1 1 1351 1
1 1 552 13
2 8 844 1
2 2 844 6
6 9 1270 2
6 6 1270 11
6 7 465 11
6 6 465 2
9 8 371 4
9 9 371 8
7 7 1399 16
0 0 154 12
0 0 719 10
5 5 1137 3
8 8 1323 3
0 0 452 14
6 6 1040 4
8 8 975 1
5 5 739 17
9 8 45 2
9 9 45 2
7 1 1045 14
7 7 1045 4
2 0 980 9
2 2 980 9
6 1 1012 5
6 6 1012 4
6 6 57 5
4 4 284 10
1 1 545 7
8 8 1176 2
6 7 903 12
6 6 903 4
1 8 1007 4
1 1 1007 7
0 0 145 9
3 3 252 7
6 8 161 6
6 6 161 5
7 7 248 24
2 9 354 6
2 2 354 3
2 9 536 6
2 2 536 1
4 4 991 19
8 8 410 10
9 0 492 13
9 9 492 7
9 9 935 2
9 3 733 4
9 9 733 14
2 4 277 6
2 2 277 26
9 6 381 11
9 9 381 1
0 0 872 2
1 5 1204 2
1 1 1204 2
7 1 96 11
7 7 96 6
9 2 1364 5
9 9 1364 6
0 0 466 10
4 8 823 6
4 4 823 4
9 9 95 4
2 0 819 9
2 2 819 4
2 6 381 12
2 2 381 3
8 7 385 14
8 8 385 6
0 0 752 6
3 7 93 11
3 3 93 3
9 3 1246 4
9 9 1246 1
8 5 731 8
8 8 731 41
5 5 1015 2
1 1 1017 12
2 6 159 14
2 2 159 15
1 8 1165 3
1 1 1165 2
3 3 1140 1
2 2 635 1
6 3 147 10
6 6 147 1
9 3 64 11
9 9 64 6
2 6 1246 5
2 2 1246 16
8 8 403 7
4 4 973 13
1 0 979 13
1 1 979 14
6 6 445 8
2 6 674 1
2 2 674 2
1 4 104 7
1 1 104 1
1 5 1158 6
1 1 1158 4
0 0 416 36
3 3 1162 17
7 5 280 14
7 7 280 13
6 1 976 1
6 6 976 1
9 7 263 9
9 9 263 2
7 5 884 13
7 7 884 31
5 3 1229 3
5 5 1229 7
6 5 1237 8
6 6 1237 1
6 1 436 14
6 6 436 7
9 9 144 4
2 2 1089 14
1 1 97 2
3 3 1122 15
9 6 1359 4
9 9 1359 1
8 8 997 11
4 4 812 2
4 4 377 27
9 4 114 12
9 9 114 7
7 7 683 1
2 2 326 3
5 7 1189 9
5 5 1189 17
5 5 1392 10
3 0 1280 8
3 3 1280 3
4 4 1170 2
3 3 1259 6
0 0 197 5
1 7 201 10
1 1 201 5
2 6 802 1
2 2 802 1
6 9 1228 3
6 6 1228 2
6 6 1297 7
4 4 1313 7
7 7 55 12
0 0 697 8
1 8 1168 8
1 1 1168 1
4 4 209 13
6 2 672 4
6 6 672 3
1 6 893 3
1 1 893 2
1 8 288 4
1 1 288 8
2 5 430 10
2 2 430 2
5 5 713 26
9 6 123 12
9 9 123 2
9 7 1217 14
9 9 1217 6
0 0 45 4
4 4 1177 5
7 9 874 10
7 7 874 6
2 4 1114 13
2 2 1114 1
6 6 861 5
4 4 1320 3
9 6 130 13
9 9 130 3
5 5 1088 2
6 6 667 5
5 0 892 11
5 5 892 5
0 0 1018 15
2 2 18 6
2 2 607 8
5 5 103 1
7 7 210 1
1 5 170 14
1 1 170 17
2 2 344 4
4 4 929 44
4 4 510 8
5 5 579 9
9 9 1408 10
9 7 1115 11
9 9 1115 5
2 1 1109 10
2 2 1109 5
2 2 203 1
7 3 37 7
7 7 37 6
7 7 1008 14
1 5 385 12
1 1 385 6
1 4 1250 8
1 1 1250 9
3 3 642 14
6 4 658 6
6 6 658 3
4 4 1129 5
9 9 20 3
2 3 1290 3
2 2 1290 2
0 0 1009 9
0 0 1318 25
4 4 1272 29
7 6 203 3
7 7 203 2
7 3 1117 5
7 7 1117 3
2 6 924 5
2 2 924 2
5 5 1387 3
3 3 928 13
6 9 1 12
6 6 1 11
7 4 215 7
7 7 215 17
5 5 271 14
1 1 617 1
0 0 543 97
3 3 439 7
6 2 762 11
6 6 762 4
7 7 1001 7
3 3 308 2
6 3 661 4
6 6 661 1
4 3 1104 10
4 4 1104 8
8 0 653 2
8 8 653 1
7 2 761 9
7 7 761 11
2 1 443 14
2 2 443 5
5 5 1308 7
5 5 105 4
7 7 1114 3
5 5 656 9
2 1 1204 2
2 2 1204 21
6 9 951 5
6 6 951 16
6 5 504 7
6 6 504 1
1 1 1347 4
3 3 611 3
8 0 33 12
8 8 33 5
9 5 181 1
9 9 181 11
2 2 76 14
8 8 47 5
6 6 652 6
6 7 209 5
6 6 209 3
7 7 631 5
9 5 1388 2
9 9 1388 1
3 3 205 7
0 0 410 5
9 9 554 8
1 8 714 5
1 1 714 1
1 9 1323 2
1 1 1323 10
3 3 4 23
5 6 1373 3
5 5 1373 2
8 8 1231 1
8 3 89 9
8 8 89 2
7 3 1248 11
7 7 1248 22
1 1 944 5
6 8 1187 1
6 6 1187 6
2 2 688 6
3 9 761 12
3 3 761 21
8 7 813 3
8 8 813 1
7 7 620 1
4 4 766 1
3 3 526 21
6 9 534 13
6 6 534 17
8 8 497 2
9 9 920 6
6 6 1294 3
2 2 316 3
6 8 1372 14
6 6 1372 2
6 6 929 1
6 6 490 1
7 7 504 5
7 7 1298 4
9 7 1143 1
9 9 1143 7
3 3 593 4
6 1 816 12
6 6 816 11
5 5 968 14
9 4 167 4
9 9 167 14
9 4 750 8
9 9 750 6
8 8 670 14
0 0 505 2
1 6 493 12
1 1 493 2
2 0 651 6
2 2 651 5
4 4 878 5
8 1 980 13
8 8 980 6
7 7 613 4
2 3 1262 7
2 2 1262 5
0 0 989 3
8 8 1134 2
7 7 815 1
0 0 274 15
2 9 311 9
2 2 311 1
1 5 1317 8
1 1 1317 6
3 3 114 9
6 1 1367 4
6 6 1367 5
3 3 1363 7
1 6 56 1
1 1 56 2
3 3 131 22
3 3 598 13
7 9 973 5
7 7 973 22
3 3 589 4
2 2 642 2
6 6 625 6
2 8 647 1
2 2 647 1
5 5 876 9
2 5 565 14
2 2 565 6
8 1 1045 11
8 8 1045 21
5 5 536 8
3 3 123 8
6 3 915 13
6 6 915 1
4 4 1386 3
9 9 320 2
7 7 1231 14
2 6 1035 5
2 2 1035 3
1 8 1199 2
1 1 1199 5
4 4 26 25
8 8 648 3
6 5 375 2
6 6 375 14
0 0 828 10
6 6 1063 9
5 5 843 11
7 7 140 3
8 8 486 1
9 2 947 11
9 9 947 1
9 9 582 2
3 3 96 2
8 8 1366 14
9 2 1130 1
9 9 1130 4
2 4 741 7
2 2 741 5
6 3 1167 12
6 6 1167 20
8 4 196 9
8 8 196 17
5 4 924 5
5 5 924 1
0 0 819 9
2 7 43 12
2 2 43 3
4 4 144 9
8 8 969 6
9 6 400 5
9 9 400 2
7 3 592 6
7 7 592 1
9 2 901 7
9 9 901 8
2 3 519 4
2 2 519 17
8 3 600 14
8 8 600 48
8 8 493 4
9 9 481 2
9 9 948 7
2 5 256 14
2 2 256 4
4 4 556 3
3 3 572 17
3 3 1350 10
7 7 476 22
9 9 773 12
7 7 1398 1
6 1 1158 5
6 6 1158 9
6 0 715 14
6 6 715 3
6 2 796 11
6 6 796 1
6 4 353 9
6 6 353 8
9 9 662 3
9 4 1321 14
9 9 1321 4
1 1 457 2
8 8 1008 1
7 6 311 4
7 7 311 17
0 0 116 4
8 8 1034 7
5 5 440 3
6 2 62 7
6 6 62 11
7 6 787 8
7 7 787 2
2 9 1125 1
2 2 1125 6
1 1 1281 15
6 6 457 4
9 9 379 1
5 8 1145 7
5 5 1145 2
8 1 701 3
8 8 701 2
7 6 106 10
7 7 106 2
9 3 1362 12
9 9 1362 2
0 0 476 10
1 1 450 7
2 2 496 2
2 2 61 3
1 1 1059 10
6 6 166 7
7 9 300 4
7 7 300 5
9 3 85 1
9 9 85 10
2 0 1229 5
2 2 1229 15
1 4 1116 13
1 1 1116 3
6 6 49 7
4 4 111 15
8 8 1152 15
7 7 466 4
1 1 1163 2
8 8 249 27
9 5 1371 4
9 9 1371 6
0 0 792 7
2 2 459 9
7 3 293 3
7 7 293 6
1 7 372 9
1 1 372 13
5 5 629 1
2 3 935 6
2 2 935 6
6 5 1426 2
6 6 1426 10
5 5 613 1
9 8 276 8
9 9 276 4
2 8 1143 3
2 2 1143 1
2 3 237 13
2 2 237 2
6 4 1240 5
6 6 1240 11
6 6 886 10
6 3 443 4
6 6 443 2
9 9 649 3
2 3 1324 2
2 2 1324 5
0 0 799 20
2 7 15 2
2 2 15 3
6 5 591 7
6 6 591 3
2 2 958 7
3 4 52 5
3 3 52 2
4 4 283 1
7 2 435 7
7 7 435 12
3 3 547 9
6 4 1235 1
6 6 1235 2
6 9 259 8
6 6 259 5
8 8 707 3
7 0 448 4
7 7 448 5
9 2 801 9
9 9 801 4
7 7 1370 20
0 0 684 13
1 1 1157 1
9 9 255 2
9 7 72 1
9 9 72 7
7 7 1144 29
2 5 332 13
2 2 332 12
6 6 977 2
4 4 1172 5
9 8 985 9
9 9 985 10
9 9 1063 1
5 4 166 7
5 5 166 14
2 2 110 10
6 8 1125 9
6 6 1125 9
8 8 772 12
8 5 345 12
8 8 345 14
9 1 224 9
9 9 224 3
2 2 1342 8
2 9 468 13
2 2 468 2
6 3 569 3
6 6 569 6
7 7 272 6
9 6 1247 14
9 9 1247 4
3 6 392 10
3 3 392 4
5 5 1407 5
3 3 1283 4
7 7 417 2
9 2 198 5
9 9 198 2
9 1 1064 5
9 9 1064 12
5 5 623 6
2 2 803 4
4 4 758 2
1 1 963 1
0 0 1263 6
6 5 1116 10
6 6 1116 9
9 9 233 5
7 7 71 2
4 4 866 6
2 3 24 3
2 2 24 1
2 2 581 1
3 3 804 22
5 5 125 15
4 9 1035 12
4 4 1035 54
8 2 976 13
8 8 976 4
3 3 510 13
6 2 1406 9
6 6 1406 2
8 7 446 12
8 8 446 1
7 8 414 11
7 7 414 3
3 3 905 5
9 6 1105 4
9 9 1105 10
1 1 1069 14
9 4 711 13
9 9 711 1
2 3 1115 2
2 2 1115 10
8 8 1187 1
6 4 423 6
6 6 423 6
1 9 964 10
1 1 964 13
5 9 1103 12
5 5 1103 7
7 2 188 14
7 7 188 2
3 3 1141 1
7 7 205 5
7 8 1127 12
7 7 1127 1
3 3 169 13
2 6 1187 6
2 2 1187 3
7 4 866 6
7 7 866 8
0 5 212 7
0 0 212 4
3 3 628 9
6 6 853 8
8 8 52 2
9 8 138 9
9 9 138 4
9 9 861 5
9 6 1296 1
9 9 1296 3
5 8 88 3
5 5 88 9
2 2 676 10
6 3 297 11
6 6 297 2
9 0 1377 1
9 9 1377 8
2 1 417 7
2 2 417 13
2 3 1002 3
2 2 1002 4
8 8 1139 7
9 5 100 3
9 9 100 2
9 9 575 1
9 5 872 4
9 9 872 6
8 8 1218 13
2 5 1069 7
2 2 1069 9
4 0 739 13
4 4 739 5
3 3 637 5
5 5 182 2
1 0 409 1
1 1 409 7
0 0 655 1
6 6 650 2
9 9 304 12
8 8 1146 3
5 3 104 10
5 5 104 1
8 4 452 5
8 8 452 8
6 6 1363 1
1 6 187 12
1 1 187 3
6 5 1379 8
6 6 1379 6
6 6 323 2
6 6 505 14
1 1 867 21
9 6 1022 8
9 9 1022 2
9 4 1092 3
9 9 1092 10
4 4 1119 8
2 9 1060 3
2 2 1060 9
1 8 212 1
1 1 212 9
0 0 1116 4
2 7 775 3
2 2 775 11
5 5 1065 11
6 6 1193 1
6 6 392 1
6 5 1332 7
6 6 1332 11
9 9 1282 12
2 7 1386 9
2 2 1386 1
2 8 694 9
2 2 694 4
4 4 182 12
4 4 1112 7
5 5 854 22
7 5 1085 3
7 7 1085 6
0 5 960 8
0 0 960 29
2 7 1020 11
2 2 1020 2
8 4 1121 13
8 8 1121 13
8 9 950 5
8 8 950 19
0 2 10 2
0 0 10 34
7 0 841 10
7 7 841 1
1 1 1371 1
5 5 184 20
1 3 94 2
1 1 94 3
1 9 1268 14
1 1 1268 13
8 1 814 2
8 8 814 8
4 4 1095 9
7 8 1082 3
7 7 1082 3
7 2 817 8
7 7 817 2
8 8 65 24
7 7 838 3
7 6 1293 1
7 7 1293 3
4 4 652 9
1 0 1372 10
1 1 1372 6
3 3 157 3
6 0 748 10
6 6 748 7
6 3 1072 11
6 6 1072 10
2 5 95 2
2 2 95 3
2 2 648 3
3 3 737 2
6 0 192 10
6 6 192 2
7 2 612 8
7 7 612 1
1 1 285 3
2 2 571 10
3 3 782 21
6 5 526 3
6 6 526 5
4 4 1245 1
9 9 461 11
5 0 48 1
5 5 48 12
1 1 731 1
5 5 1358 15
6 6 1364 3
3 3 1362 1
9 9 350 3
9 0 785 6
9 9 785 4
1 0 1365 14
1 1 1365 2
8 8 1336 9
8 8 845 8
5 5 357 9
7 6 972 5
7 7 972 1
3 3 75 5
2 1 493 2
2 2 493 2
0 0 1232 2
7 7 299 1
5 5 758 13
8 3 166 3
8 8 166 1
5 5 1017 5
8 8 939 4
6 6 74 10
9 9 1047 8
1 1 732 4
2 1 271 14
2 2 271 2
8 3 1360 3
8 8 1360 1
3 3 900 5
6 1 912 1
6 6 912 3
9 8 1120 1
9 9 1120 3
9 7 99 4
9 9 99 1
5 5 147 12
5 0 366 2
5 5 366 11
9 2 208 7
9 9 208 4
9 2 1342 9
9 9 1342 13
2 8 484 2
2 2 484 6
8 6 1422 14
8 8 1422 2
7 7 143 2
9 9 756 3
6 5 1016 1
6 6 1016 12
8 8 487 6
2 4 1168 2
2 2 1168 5
6 9 907 13
6 6 907 5
6 2 476 14
6 6 476 4
2 8 1027 14
2 2 1027 4
6 8 721 1
6 6 721 14
0 0 1228 4
9 7 1319 14
9 9 1319 2
2 3 1353 9
2 2 1353 1
3 3 724 12
6 7 181 9
6 6 181 10
1 1 1089 1
9 5 480 5
9 9 480 1
7 8 789 14
7 7 789 20
2 2 1131 1
0 0 396 14
4 4 442 15
1 6 916 11
1 1 916 20
2 2 1050 6
0 0 705 14
2 5 176 4
2 2 176 1
6 3 797 6
6 6 797 3
7 7 108 30
2 2 620 1
8 5 1009 6
8 8 1009 2
9 5 408 2
9 9 408 9
2 2 1267 4
8 8 576 24
9 9 956 18
7 1 729 2
7 7 729 20
7 7 1188 10
1 7 234 14
1 1 234 15
8 8 1178 9
5 2 456 3
5 5 456 29
7 9 1390 14
7 7 1390 5
5 5 345 12
2 0 1371 11
2 2 1371 4
2 2 615 1
6 6 594 3
9 2 84 14
9 9 84 1
2 5 941 14
2 2 941 8
5 5 416 5
7 7 331 24
7 0 779 13
7 7 779 2
7 7 1181 7
1 1 227 6
2 1 860 7
2 2 860 4
3 3 86 7
5 5 305 20
4 6 1359 5
4 4 1359 16
7 3 920 8
7 7 920 13
1 1 1249 1
0 0 874 6
1 2 1162 4
1 1 1162 1
4 4 674 50
6 9 698 10
6 6 698 17
9 7 204 6
9 9 204 4
9 9 647 2
9 4 1370 5
9 9 1370 1
1 6 1083 13
1 1 1083 6
3 3 372 9
3 2 715 9
3 3 715 4
6 6 597 17
9 0 394 2
9 9 394 6
7 8 243 6
7 7 243 1
7 5 702 11
7 7 702 9
0 0 904 30
5 5 614 9
7 7 1178 3
2 2 234 1
1 3 1298 7
1 1 1298 19
8 8 1345 5
7 7 458 4
0 0 522 11
4 7 230 14
4 4 230 18
5 4 240 11
5 5 240 3
6 2 1028 3
6 6 1028 2
9 9 245 6
8 7 995 13
8 8 995 2
0 0 1349 6
2 7 12 1
2 2 12 1
3 3 381 11
3 3 1159 3
7 9 232 12
7 7 232 2
2 5 1244 2
2 2 1244 2
9 9 983 2
2 5 1103 7
2 2 1103 5
2 9 814 7
2 2 814 5
8 8 1167 1
8 8 25 8
2 8 705 2
2 2 705 11
6 6 692 6
2 4 1316 4
2 2 1316 1
0 0 791 1
9 5 436 4
9 9 436 5
9 9 79 5
7 7 684 18
9 9 1237 6
5 1 1210 8
5 5 1210 6
4 4 259 3
8 8 433 3
7 3 427 2
7 7 427 8
9 9 1325 11
6 6 1308 19
6 9 1114 9
6 6 1114 1
6 0 240 8
6 6 240 19
6 0 325 9
6 6 325 14
7 7 73 14
4 4 814 9
3 3 1269 7
7 0 1136 3
7 7 1136 8
5 5 388 3
2 2 1136 7
1 6 516 3
1 1 516 23
5 5 1076 5
6 0 1218 10
6 6 1218 3
6 6 429 7
5 4 1221 6
5 5 1221 8
2 2 1415 9
0 0 1248 15
7 9 70 9
7 7 70 1
9 9 675 8
5 5 294 11
2 6 25 8
2 2 25 1
8 0 464 2
8 8 464 11
9 9 121 2
9 3 524 2
9 9 524 11
9 0 1223 9
9 9 1223 8
3 3 948 52
5 5 397 12
8 9 447 9
8 8 447 5
9 2 1104 4
9 9 1104 1
1 5 938 2
1 1 938 6
0 1 1096 8
0 0 1096 3
3 4 187 7
3 3 187 11
6 6 1221 4
8 8 1188 13
7 3 46 8
7 7 46 9
9 2 859 5
9 9 859 2
7 1 1344 3
7 7 1344 10
6 0 1108 12
6 6 1108 1
7 5 191 13
7 7 191 2
9 1 926 10
9 9 926 2
2 1 1329 14
2 2 1329 3
5 4 101 5
5 5 101 2
7 7 1126 1
4 4 661 3
2 9 899 10
2 2 899 9
3 1 1392 6
6 6 12 1
3 3 160 9
6 6 1281 1
6 0 415 1
6 6 415 3
9 9 652 2
1 1 391 4
2 3 120 3
2 2 120 5
6 4 1103 9
6 6 1103 5
5 5 221 3
8 8 132 15
2 0 786 13
2 2 786 5
2 2 596 7
6 6 116 1
9 9 574 1
6 2 1385 5
6 6 1385 9
5 5 511 18
7 7 399 1
9 4 1012 7
9 9 1012 6
1 1 623 15
1 1 210 2
0 0 1369 9
1 1 1352 13
4 4 748 10
4 4 57 25
6 5 406 10
6 6 406 1
0 0 220 28
2 2 1424 6
0 0 640 15
0 0 1269 19
4 4 883 30
8 8 801 2
6 6 289 1
9 6 1385 11
9 9 1385 3
0 1 1343 9
0 0 1343 6
9 8 473 14
9 9 473 7
2 2 1202 2
4 4 913 10
6 6 1376 3
5 7 504 12
5 5 504 4
9 4 1021 12
9 9 1021 1
0 0 744 8
6 1 755 2
6 6 755 7
6 6 393 4
9 6 846 7
9 9 846 13
2 4 1387 2
2 2 1387 3
1 7 68 3
1 1 68 26
2 2 74 2
3 3 1097 17
3 0 894 10
3 3 894 6
2 8 432 1
2 2 432 4
8 8 460 4
9 1 450 9
9 9 450 6
7 7 827 8
9 0 1251 12
9 9 1251 17
8 8 91 11
7 3 509 1
7 7 509 7
7 6 1303 4
7 7 1303 19
3 9 198 14
3 3 198 7
6 6 746 1
6 0 831 8
6 6 831 3
2 2 69 5
1 9 1227 10
1 1 1227 22
6 2 305 11
6 6 305 10
6 6 206 3
9 9 13 7
2 4 1301 12
2 2 1301 3
8 8 499 8
7 7 816 1
2 4 871 12
2 2 871 1
3 3 450 33
6 7 266 12
6 6 266 15
5 5 1050 15
0 0 1127 12
0 0 507 15
4 4 872 5
3 3 736 1
5 2 839 12
5 5 839 4
1 7 609 12
1 1 609 8
2 6 975 4
2 2 975 5
4 4 1246 12
7 1 809 14
7 7 809 2
7 7 1091 14
1 1 913 3
4 4 1389 32
9 9 1150 3
2 3 1038 8
2 2 1038 5
0 0 1058 38
2 2 490 3
6 6 631 3
8 8 167 8
7 5 145 2
7 7 145 10
7 5 749 9
7 7 749 2
1 7 1176 12
1 1 1176 10
1 4 1340 6
1 1 1340 3
3 2 560 11
3 3 560 3
3 3 1370 4
9 7 326 4
9 9 326 4
7 5 1282 6
7 7 1282 11
9 2 1127 9
9 9 1127 1
6 9 735 12
6 6 735 9
6 6 800 3
9 8 1341 9
9 9 1341 1
0 0 1379 3
2 4 46 5
2 2 46 5
3 3 750 11
9 1 763 1
9 9 763 4
7 5 1056 9
7 7 1056 26
9 0 1102 14
9 9 1102 2
0 9 120 1
0 0 120 25
0 0 941 19
9 9 1055 8
1 4 724 7
1 1 724 7
4 4 838 5
1 2 1333 9
1 1 1333 7
3 3 98 8
9 2 1171 11
9 9 1171 3
4 4 457 20
9 3 1128 13
9 9 1128 2
5 6 43 13
5 5 43 5
1 1 581 3
5 5 1141 4
6 6 795 1
7 4 1416 5
7 7 1416 7
2 2 1350 1
2 8 41 11
2 2 41 2
7 6 1049 14
7 7 1049 7
8 8 1029 5
4 4 1227 7
7 0 1198 9
7 7 1198 5
7 1 933 11
7 7 933 1
2 2 177 4
5 5 1150 8
8 5 1326 13
8 8 1326 10
9 0 193 4
9 9 193 5
2 5 621 2
2 2 621 8
3 3 265 14
4 4 153 18
6 6 173 8
7 2 305 7
7 7 305 2
7 7 587 4
1 0 693 4
1 1 693 11
7 1 781 12
7 7 781 4
1 1 233 1
3 3 80 6
8 8 1350 10
4 9 1345 10
4 4 1345 1
1 4 1004 6
1 1 1004 3
0 0 729 14
8 8 703 4
9 9 669 4
9 9 1360 2
8 4 824 3
8 8 824 5
2 1 1368 10
2 2 1368 1
4 4 843 6
5 5 30 13
7 1 576 8
7 7 576 11
9 9 1185 7
4 3 986 14
4 4 986 5
6 5 994 4
6 6 994 6
7 8 447 13
7 7 447 1
7 7 778 1
3 3 106 8
3 9 556 6
3 3 556 4
6 1 454 3
6 6 454 3
9 9 821 6
1 1 424 7
1 1 19 32
2 3 716 8
2 2 716 1
4 4 248 3
5 2 246 14
5 5 246 24
7 9 93 9
7 7 93 3
9 9 535 7
7 7 1028 3
2 5 933 13
2 2 933 2
3 3 1326 24
5 5 611 2
9 4 282 2
9 9 282 6
7 4 1173 9
7 7 1173 5
2 2 235 2
3 3 1000 5
8 2 19 7
8 8 19 6
7 9 453 8
7 7 453 5
8 3 792 12
8 8 792 6
9 9 244 1
2 2 448 6
2 1 13 6
2 2 13 2
9 1 434 13
9 9 434 2
9 9 1235 1
9 3 579 14
9 9 579 3
3 3 54 11
3 3 397 32
6 0 988 13
6 6 988 6
6 6 33 3
9 7 982 13
9 9 982 1
7 7 711 18
2 2 724 3
0 0 202 10
4 4 404 25
7 2 1364 11
7 7 1364 6
3 5 212 13
3 3 212 38
5 9 782 3
5 5 782 2
9 6 253 11
9 9 253 2
7 3 542 5
7 7 542 4
9 9 1355 1
2 8 1317 6
2 2 1317 7
5 5 588 10
9 1 1236 13
9 9 1236 1
0 0 903 1
8 7 1361 9
8 8 1361 4
5 5 410 6
6 7 24 1
6 6 24 9
7 5 426 7
7 7 426 1
5 5 998 2
0 5 880 5
0 0 880 11
4 4 664 10
6 7 1115 8
6 6 1115 1
5 5 225 15
5 1 887 8
5 5 887 5
9 9 1356 3
2 4 1340 6
2 2 1340 2
8 5 1088 13
8 8 1088 1
6 8 575 1
6 6 575 12
4 4 1033 2
7 6 419 10
7 7 419 7
7 7 1333 11
1 1 539 6
1 0 206 6
1 1 206 4
2 7 801 14
2 2 801 1
6 1 418 5
6 6 418 5
7 7 1354 4
1 5 436 7
1 1 436 11
1 1 127 5
3 3 665 50
6 5 232 11
6 6 232 6
9 2 1397 14
9 9 1397 6
8 8 924 15
7 0 214 5
7 7 214 1
7 7 1128 8
6 6 1000 12
2 3 1190 13
2 2 1190 1
2 8 348 11
2 2 348 1
3 8 45 9
3 3 45 1
2 0 207 9
2 2 207 2
5 5 1402 5
4 4 767 8
3 3 625 3
6 4 848 1
6 6 848 5
5 8 1000 8
5 5 1000 9
3 3 947 1
5 5 1101 2
6 5 1109 5
6 6 1109 5
7 7 190 1
9 0 683 1
9 9 683 23
9 7 1406 9
9 9 1406 2
8 7 372 12
8 8 372 3
4 4 362 1
3 3 1250 9
6 6 114 2
9 8 1231 2
9 9 1231 3
6 8 491 2
6 6 491 13
4 4 171 2
6 2 13 5
6 6 13 1
7 8 1270 6
7 7 1270 7
9 7 1000 1
9 9 1000 3
4 4 51 6
8 8 54 11
5 5 897 9
4 4 194 11
3 3 1114 3
5 8 109 2
5 5 109 16
6 1 117 10
6 6 117 3
7 5 377 11
7 7 377 4
7 0 196 6
7 7 196 4
2 6 1078 12
2 2 1078 4
3 3 27 17
9 8 288 4
9 9 288 14
8 7 910 5
8 8 910 14
5 5 180 2
6 8 834 8
6 6 834 14
6 6 407 8
9 0 836 2
9 9 836 10
9 5 1268 2
9 9 1268 4
6 1 221 6
6 6 221 11
9 9 725 7
3 3 1232 14
9 0 472 14
9 9 472 1
9 6 1273 8
9 9 1273 9
5 3 1158 4
5 5 1158 6
8 0 512 10
8 8 512 10
5 5 946 9
9 1 201 9
9 9 201 3
2 2 773 2
4 4 724 7
6 3 1199 9
6 6 1199 6
3 3 1083 2
7 7 995 6
0 0 851 21
5 5 665 30
6 0 281 8
6 6 281 8
1 1 1122 12
9 6 449 12
9 9 449 1
7 2 641 7
7 7 641 22
3 3 1117 5
2 4 877 1
2 2 877 13
5 5 955 13
7 5 1302 13
7 7 1302 1
7 4 1245 1
7 7 1245 3
1 1 949 14
2 0 1085 14
2 2 1085 4
6 9 747 9
6 6 747 1
6 6 828 3
7 7 13 4
3 3 1137 3
3 7 295 4
3 3 295 1
6 2 634 8
6 6 634 3
4 4 1089 6
7 5 617 12
7 7 617 3
6 5 533 3
6 6 533 1
7 5 819 2
7 7 819 1
1 1 704 10
1 1 139 31
4 4 477 33
9 2 125 9
9 9 125 5
0 0 743 1
2 5 791 9
2 2 791 10
5 5 821 17
3 6 739 7
3 3 739 8
6 4 637 11
6 6 637 4
7 4 355 8
7 7 355 6
5 5 838 1
7 6 155 11
7 7 155 33
9 3 712 7
9 9 712 9
8 8 689 12
1 8 680 9
1 1 680 13
5 5 1339 17
8 8 1041 4
6 9 524 11
6 6 524 1
8 5 507 1
8 8 507 5
9 5 499 1
9 9 499 22
9 6 601 14
9 9 601 14
2 7 1180 1
2 2 1180 2
5 3 1356 4
5 5 1356 2
6 6 927 2
6 6 480 7
7 0 498 9
7 7 498 6
7 6 953 14
7 7 953 13
1 3 586 3
1 1 586 17
5 5 1026 6
2 2 1182 5
1 1 816 7
0 0 1234 14
4 4 173 9
5 4 756 10
5 5 756 2
9 9 1156 9
7 2 864 5
7 7 864 2
1 7 673 10
1 1 673 7
2 7 410 7
2 2 410 4
2 3 560 3
2 2 560 5
6 6 519 5
3 3 563 9
6 5 918 7
6 6 918 9
9 9 1126 1
8 8 651 2
8 2 175 2
8 8 175 21
9 3 1165 14
9 9 1165 6
2 8 990 7
2 2 990 8
1 5 1102 9
1 1 1102 2
5 5 1325 3
4 4 315 47
2 2 260 1
6 3 1267 12
6 6 1267 3
6 0 1348 1
6 6 1348 4
0 6 338 2
0 0 338 17
2 7 1025 3
2 2 1025 2
5 3 1140 2
5 5 1140 1
5 5 800 21
3 3 1068 14
2 2 1351 2
2 2 659 15
3 3 259 6
6 6 614 1
9 9 405 3
9 4 866 11
9 9 866 4
7 5 328 1
7 7 328 2
9 3 588 1
9 9 588 11
4 4 1375 11
2 6 840 13
2 2 840 4
4 4 559 35
6 3 1343 7
6 6 1343 3
6 6 896 1
6 8 469 6
6 6 469 7
8 3 1066 2
8 8 1066 19
7 7 1395 3
5 9 1149 7
5 5 1149 1
6 3 718 1
6 6 718 3
9 6 192 2
9 9 192 1
6 6 1044 19
8 8 1011 18
5 8 421 5
5 5 421 2
6 6 1261 6
4 4 1346 13
7 7 470 6
2 6 1043 1
2 2 1043 6
2 4 754 13
2 2 754 7
5 5 1126 11
6 9 1148 2
6 6 1148 10
5 4 140 4
5 5 140 7
8 9 245 10
8 8 245 4
7 7 103 1
1 8 796 5
1 1 796 20
1 1 1056 3
6 8 1230 1
6 6 1230 5
3 3 1179 24
7 7 244 4
9 2 749 12
9 9 749 1
0 0 78 21
1 3 368 4
1 1 368 4
9 1 939 10
9 9 939 8
2 3 273 6
2 2 273 4
5 5 1246 8
4 4 106 5
5 4 906 7
5 5 906 9
9 0 353 2
9 9 353 7
9 9 102 1
1 6 431 14
1 1 431 5
2 9 717 4
2 2 717 7
9 8 645 6
9 9 645 2
2 6 454 3
2 2 454 5
2 5 51 9
2 2 51 10
2 0 636 4
2 2 636 6
4 4 82 24
6 9 1030 11
6 6 1030 10
6 9 587 12
6 6 587 4
8 6 310 13
8 8 310 35
7 7 237 6
7 7 1031 14
1 1 329 6
5 8 1206 2
5 5 1206 4
9 9 615 7
1 8 1170 8
1 1 1170 6
1 2 567 14
1 1 567 14
2 4 853 13
2 2 853 6
3 2 65 9
3 3 65 10
7 7 915 5
1 1 416 6
1 1 107 18
1 8 1153 14
1 1 1153 4
6 5 1134 7
6 6 1134 1
6 7 772 13
6 6 772 23
9 3 251 1
9 9 251 2
9 9 654 3
3 3 310 62
1 7 465 5
1 1 465 23
8 8 426 7
2 2 631 4
6 0 151 3
6 6 151 10
9 1 316 13
9 9 316 4
7 5 234 9
7 7 234 2
9 3 1234 12
9 9 1234 1
3 3 396 1
6 2 1416 14
6 6 1416 10
9 2 706 10
9 9 706 2
5 5 1216 5
6 7 1238 10
6 6 1238 2
8 8 1201 7
8 0 710 9
8 8 710 9
2 8 1338 7
2 2 1338 2
1 1 1296 2
1 1 1014 3
0 0 1001 8
2 4 472 5
2 2 472 1
2 7 590 3
2 2 590 6
8 2 1114 11
8 8 1114 7
8 8 292 7
9 9 1243 3
5 0 409 6
5 5 409 1
9 4 267 4
9 9 267 1
7 7 880 3
1 1 1378 20
6 4 1225 9
6 6 1225 3
8 8 1208 10
6 0 871 3
6 6 871 4
9 6 148 1
9 9 148 5
1 7 101 7
1 1 101 3
2 6 109 5
2 2 109 1
5 5 1114 12
5 9 224 14
5 5 224 1
6 6 315 8
8 1 884 4
8 8 884 26
6 6 803 4
1 1 888 5
0 0 992 2
2 5 28 2
2 2 28 13
8 3 1089 8
8 8 1089 25
8 8 299 1
9 0 521 12
9 9 521 3
2 5 911 6
2 2 911 7
8 9 1232 11
8 8 1232 1
4 4 1182 6
9 5 268 3
9 9 268 8
5 5 329 16
0 0 1139 68
8 8 1386 12
9 6 157 4
9 9 157 3
7 5 1022 4
7 7 1022 6
3 7 1287 11
3 3 1287 6
1 3 395 2
1 1 395 14
4 4 1127 2
9 9 238 6
9 7 673 11
9 9 673 2
2 2 1332 6
0 0 1378 1
1 0 1029 5
1 1 1029 24
3 3 1276 3
6 8 120 12
6 6 120 15
9 9 562 12
5 5 492 8
9 9 721 2
2 7 1191 12
2 2 1191 10
2 1 349 6
2 2 349 5
3 3 44 1
3 8 483 14
3 3 483 25
3 3 1293 12
1 1 936 2
2 7 204 1
2 2 204 3
2 2 825 15
4 4 760 6
6 1 1211 14
6 6 1211 7
9 3 33 13
9 9 33 12
4 4 1134 36
9 4 23 3
9 9 23 10
7 7 516 12
2 0 1006 12
2 2 1006 14
2 4 603 8
2 2 603 4
4 4 363 14
5 5 574 5
7 1 1120 2
7 7 1120 3
5 5 1390 2
6 6 1396 4
8 0 531 12
8 8 531 8
7 9 400 5
7 7 400 2
7 7 1322 2
6 4 1287 14
6 6 1287 4
9 5 111 14
9 9 111 3
0 0 838 1
6 7 389 13
6 6 389 3
6 5 662 3
6 6 662 1
9 1 723 9
9 9 723 1
1 4 835 3
1 1 835 32
1 4 310 5
1 1 310 4
2 0 1001 8
2 2 1001 1
7 0 1113 14
7 7 1113 1
1 9 764 3
1 1 764 4
2 7 303 4
2 2 303 8
5 5 1180 9
4 8 262 14
4 4 262 9
9 5 1018 4
9 9 1018 3
1 1 1259 1
4 4 641 7
6 5 1205 11
6 6 1205 5
6 8 766 6
6 6 766 6
5 5 270 1
2 5 1390 2
2 2 1390 2
2 7 698 13
2 2 698 7
8 8 803 1
9 8 1 10
9 9 1 12
9 3 724 12
9 9 724 1
8 8 1149 3
5 4 544 12
5 5 544 8
9 3 1272 4
9 9 1272 1
1 1 757 7
3 3 941 6
9 6 995 5
9 9 995 5
0 0 368 1
2 2 770 3
3 7 1082 9
3 3 1082 1
0 0 495 10
6 6 1307 1
2 6 1304 4
2 2 1304 1
0 0 1288 14
6 2 531 6
6 6 531 2
4 4 1258 14
9 7 448 14
9 9 448 1
2 6 874 12
2 2 874 3
6 0 930 11
6 6 930 3
9 1 337 8
9 9 337 13
7 5 842 1
7 7 842 22
2 1 1082 7
2 2 1082 3
1 3 1368 2
1 1 1368 3
3 3 153 4
6 5 744 14
6 6 744 2
0 0 486 9
1 2 488 8
1 1 488 5
0 0 656 1
1 1 1225 2
2 2 1299 2
4 4 1010 9
5 2 71 5
5 5 71 17
9 8 457 7
9 9 457 4
9 9 599 1
2 2 312 4
2 2 869 2
6 1 1360 7
6 6 1360 1
6 8 933 10
6 6 933 18
7 4 835 8
7 7 835 3
0 0 334 4
4 4 731 8
3 3 597 1
5 5 377 11
2 1 90 7
2 2 90 5
1 1 1218 7
6 6 199 3
6 6 264 2
2 2 864 2
2 7 384 8
2 2 384 25
6 8 525 14
6 6 525 1
7 8 811 11
7 7 811 4
9 5 600 14
9 9 600 1
5 5 940 6
7 9 969 14
7 7 969 3
1 1 823 5
4 4 849 17
3 7 747 14
3 3 747 3
8 8 276 8
0 0 99 17
6 7 142 1
6 6 142 1
5 5 1315 10
6 0 73 5
6 6 73 1
7 4 751 9
7 7 751 10
7 8 1210 8
7 7 1210 5
1 5 1134 13
1 1 1134 19
1 6 132 3
1 1 132 7
5 0 982 12
5 5 982 16
6 9 1346 10
6 6 1346 2
8 9 573 2
8 8 573 3
5 5 917 7
9 2 324 2
9 9 324 2
9 7 133 7
9 9 133 5
2 2 1031 4
0 0 758 33
3 3 1046 22
7 4 966 7
7 7 966 3
9 7 1315 7
9 9 1315 1
6 6 14 3
2 7 1357 1
2 2 1357 11
1 7 499 5
1 1 499 17
2 1 1276 5
2 2 1276 14
7 7 1203 1
9 9 955 1
2 6 261 5
2 2 261 10
4 4 126 18
3 8 910 14
3 3 910 12
6 0 467 9
6 6 467 2
7 3 942 6
7 7 942 11
2 5 1166 14
2 2 1166 2
9 7 1134 2
9 9 1134 2
1 2 912 14
1 1 912 1
1 5 603 8
1 1 603 6
9 4 657 4
9 9 657 5
9 5 1316 12
9 9 1316 3
2 7 656 7
2 2 656 3
5 2 1412 12
5 5 1412 16
6 6 615 3
9 1 47 5
9 9 47 17
2 5 1271 7
2 2 1271 5
0 0 934 7
5 5 443 13
5 7 630 6
5 5 630 25
9 3 302 8
9 9 302 2
5 2 60 1
5 5 60 10
6 0 1259 10
6 6 1259 2
4 4 434 8
6 6 897 6
2 5 1049 1
2 2 1049 1
0 0 1033 1
3 3 250 2
6 5 212 9
6 6 212 5
7 2 105 5
7 7 105 1
2 2 807 3
2 2 1375 11
7 7 307 4
9 9 747 2
1 7 1119 9
1 1 1119 3
5 0 1236 12
5 5 1236 9
8 8 722 9
6 2 461 9
6 6 461 4
0 0 289 45
1 2 2 6
1 1 2 17
2 6 134 14
2 2 134 18
1 1 1206 5
7 0 102 14
7 7 102 1
2 9 1225 10
2 2 1225 4
1 1 1104 12
5 8 1287 7
5 5 1287 1
7 8 772 12
7 7 772 6
2 3 1144 10
2 2 1144 1
1 6 224 14
1 1 224 3
2 9 859 2
2 2 859 1
5 5 1245 1
7 7 462 4
9 5 827 11
9 9 827 1
1 9 1167 9
1 1 1167 1
9 2 1083 6
9 9 1083 9
9 8 1395 10
9 9 1395 2
8 8 994 1
9 4 1076 13
9 9 1076 3
7 4 236 12
7 7 236 1
9 2 1192 9
9 9 1192 11
2 3 374 7
2 2 374 7
9 6 280 9
9 9 280 2
1 3 249 10
1 1 249 36
2 6 850 11
2 2 850 1
8 9 1398 5
8 8 1398 7
5 5 1010 5
9 7 828 10
9 9 828 4
1 1 423 1
2 3 152 5
2 2 152 7
5 7 1111 3
5 5 1111 3
6 8 1135 14
6 6 1135 13
5 3 771 11
5 5 771 11
4 4 429 5
2 5 478 14
2 2 478 1
4 4 1335 1
4 4 827 11
6 6 148 1
9 9 542 5
3 3 1305 12
9 4 257 2
9 9 257 3
8 8 1405 17
6 2 1304 6
6 6 1304 3
4 4 1336 9
9 4 805 7
9 9 805 12
2 6 746 1
2 2 746 8
0 3 891 14
0 0 891 12
1 4 99 7
1 1 99 2
9 2 227 8
9 9 227 6
8 8 375 2
2 6 473 7
2 2 473 5
3 3 826 47
3 4 1265 7
3 3 1265 4
6 6 143 4
9 3 441 9
9 9 441 7
5 4 423 11
5 5 423 10
2 1 949 14
2 2 949 9
6 4 1408 13
6 6 1408 8
8 4 436 6
8 8 436 10
7 7 883 1
8 8 1380 6
0 0 679 5
2 3 727 12
2 2 727 6
5 5 885 2
8 8 829 13
1 1 895 17
2 2 582 1
3 3 803 1
8 8 300 10
2 2 908 3
4 4 611 30
8 8 1233 14
6 8 972 3
6 6 972 4
6 9 17 3
6 6 17 5
9 3 153 7
9 9 153 4
6 8 1328 8
6 6 1328 4
1 3 125 6
1 1 125 2
2 2 686 2
5 5 1090 11
4 4 222 8
6 0 677 2
6 6 677 15
6 6 238 2
7 7 67 3
9 9 1403 1
3 3 523 3
3 3 1279 1
6 5 1394 8
6 6 1394 2
6 6 967 5
7 2 1324 8
7 7 1324 9
0 0 364 4
0 0 1099 17
4 4 1301 12
7 6 43 6
7 7 43 3
9 8 1299 6
9 9 1299 14
1 2 1260 7
1 1 1260 8
4 4 648 4
6 5 1099 12
6 6 1099 4
8 8 822 2
9 9 1404 2
2 1 1292 4
2 2 1292 7
1 9 1053 2
1 1 1053 3
8 3 1136 4
8 8 1136 3
6 7 453 13
6 6 453 1
9 1 103 2
9 9 103 8
7 7 1123 3
9 8 1024 5
9 9 1024 17
2 2 926 1
8 0 1247 1
8 8 1247 10
8 8 425 1
0 0 355 9
8 8 1305 18
6 6 402 3
9 3 142 11
9 9 142 2
1 1 977 2
0 0 839 12
3 1 306 8
3 3 306 2
6 6 1090 6
6 4 663 11
6 6 663 4
7 9 636 11
7 7 636 5
5 5 508 3
4 4 877 1
2 3 998 8
2 2 998 3
9 9 547 7
5 6 1254 2
5 5 1254 16
6 6 194 5
8 8 539 22
7 3 392 4
7 7 392 7
4
2 7 232
7 6 412
2 5 560
5 1 300
