20 4984
12 10 687 1
12 12 687 21
15 8 909 4
15 15 909 18
19 5 1043 1
19 19 1043 10
0 0 175 11
0 0 532 16
3 18 170 7
3 3 170 2
4 4 36 18
5 4 178 6
5 5 178 2
13 5 108 14
13 13 108 11
5 2 984 10
5 5 984 1
16 16 1173 35
12 7 1355 7
12 12 1355 4
19 19 1152 1
6 13 211 7
6 6 211 22
6 6 292 4
7 18 629 7
7 7 629 1
14 14 1157 19
19 4 1265 13
19 19 1265 6
19 15 965 10
19 19 965 1
8 8 1150 1
3 0 1234 13
3 3 1234 25
5 5 122 1
9 9 1361 9
17 17 654 1
2 4 1201 1
2 2 1201 2
18 18 682 19
3 19 2 10
3 3 2 11
9 18 994 13
9 9 994 6
13 13 986 1
12 12 678 6
13 3 1275 9
13 13 1275 8
1 15 40 11
1 1 40 1
5 5 1045 9
4 4 35 1
6 6 827 15
8 12 38 3
8 8 38 16
1 1 1184 6
17 17 1042 16
14 19 1058 3
14 14 1058 5
5 10 528 12
5 5 528 2
0 0 1231 2
3 16 288 1
3 3 288 1
6 18 1084 4
6 6 1084 10
8 8 352 15
17 17 849 15
16 16 181 6
18 18 786 5
2 9 399 5
2 2 399 6
14 5 1359 10
14 14 1359 2
6 3 101 13
6 6 101 4
9 16 922 3
9 9 922 13
11 11 874 10
12 19 718 2
12 12 718 1
12 12 1051 2
14 15 286 3
14 14 286 1
13 4 1326 11
13 13 1326 5
19 0 644 11
19 19 644 6
5 14 1165 11
5 5 1165 3
6 1 931 7
6 6 931 6
2 11 1391 1
2 2 1391 2
13 16 252 7
13 13 252 3
12 12 272 8
12 6 861 13
12 12 861 7
13 1 1179 5
13 13 1179 8
5 16 1054 3
5 5 1054 24
6 0 745 4
6 6 745 15
5 3 970 6
5 5 970 2
7 3 986 8
7 7 986 4
13 13 804 2
12 12 812 10
17 17 606 19
17 17 417 20
18 1 1018 11
18 18 1018 5
19 19 866 17
3 3 297 13
13 19 394 14
13 13 394 3
19 11 1191 10
19 19 1191 1
10 10 631 2
12 12 41 7
15 15 1295 16
3 2 438 2
3 3 438 4
5 1 70 14
5 5 70 9
13 15 107 5
13 13 107 1
14 18 1030 3
14 14 1030 2
3 3 1356 6
13 16 1417 2
13 13 1417 2
4 4 565 18
19 19 1226 2
11 11 1126 3
5 5 46 1
12 12 59 2
1 1 908 18
2 2 789 8
19 6 491 12
19 19 491 8
0 0 803 1
4 13 875 4
4 4 875 10
7 0 149 4
7 7 149 24
7 0 608 12
7 7 608 3
10 10 1297 2
3 2 1167 8
3 3 1167 2
13 14 174 10
13 13 174 8
13 3 377 2
13 13 377 1
19 13 1284 2
19 19 1284 2
0 1 978 11
0 0 978 14
0 0 1287 3
3 4 1225 1
3 3 1225 1
7 7 224 1
13 14 1173 12
13 13 1173 1
0 4 577 10
0 0 577 1
1 1 1336 10
5 5 1279 3
4 4 454 11
19 12 778 7
19 19 778 1
18 18 93 7
0 0 1061 2
1 1 1193 1
6 5 369 12
6 6 369 18
17 14 864 5
17 17 864 14
12 12 802 1
3 3 431 6
10 10 633 53
7 6 601 12
7 7 601 1
13 10 540 13
13 13 540 3
15 15 1224 13
16 16 154 7
1 1 362 5
19 1 119 12
19 19 119 10
19 0 554 1
19 19 554 4
5 14 1314 8
5 5 1314 6
3 3 891 10
8 8 943 10
19 0 1139 4
19 19 1139 1
12 12 174 3
13 13 56 3
13 13 1166 7
8 8 677 4
2 17 1173 9
2 2 1173 2
19 9 228 10
19 19 228 7
5 5 1272 4
5 10 473 3
5 5 473 1
15 15 43 8
13 13 393 1
1 1 926 12
1 1 577 3
18 18 103 42
19 1 341 5
19 19 341 5
19 15 776 13
19 19 776 2
12 17 1380 10
12 12 1380 6
6 3 1098 10
6 6 1098 4
8 8 194 28
3 3 1108 1
12 10 396 10
12 12 396 12
17 17 625 1
4 4 583 4
13 18 1136 1
13 13 1136 3
4 4 150 13
3 2 1190 10
3 3 1190 2
2 2 88 6
9 1 402 14
9 9 402 2
13 3 160 5
13 13 160 2
3 3 90 1
14 14 331 1
2 2 988 6
5 13 1323 13
5 5 1323 4
14 3 104 13
14 14 104 5
12 12 754 18
6 11 197 2
6 6 197 14
18 18 649 8
3 0 103 12
3 3 103 11
3 15 1348 6
3 3 1348 4
4 5 1374 13
4 4 1374 6
10 10 777 22
11 15 999 3
11 11 999 21
13 19 1015 9
13 13 1015 5
18 18 386 4
18 18 79 13
16 16 1149 3
18 18 1253 16
3 16 244 1
3 3 244 7
3 10 587 13
3 3 587 1
6 6 798 1
0 0 112 1
9 18 656 3
9 9 656 2
13 13 840 15
12 12 976 3
15 16 321 8
15 15 321 20
19 11 20 9
19 19 20 3
3 3 261 4
3 3 728 23
3 3 1199 1
12 7 1256 5
12 12 1256 3
9 9 1204 15
15 15 1246 12
0 0 935 39
19 11 133 6
19 19 133 10
19 1 568 9
19 19 568 1
19 1 1007 1
19 19 1007 4
5 15 1300 11
5 5 1300 5
3 3 1340 2
6 2 56 6
6 6 56 1
7 7 1195 14
17 17 943 9
9 9 808 4
16 16 748 2
19 9 470 10
19 19 470 1
11 3 585 5
11 11 585 10
2 4 761 3
2 2 761 7
3 4 688 6
3 3 688 11
3 15 1031 7
3 3 1031 1
5 18 348 5
5 5 348 2
7 7 567 12
7 11 1410 13
7 7 1410 23
12 12 117 4
13 13 268 6
14 3 426 4
14 14 426 2
19 19 464 3
5 11 18 12
5 5 18 1
6 9 160 8
6 6 160 10
7 7 306 9
7 7 580 10
15 15 1384 2
19 19 1022 2
19 19 1312 8
18 18 872 1
2 14 357 9
2 2 357 11
4 1 990 14
4 4 990 21
10 10 936 31
11 11 331 15
12 11 347 5
12 12 347 24
16 16 329 4
4 10 109 13
4 4 109 1
6 6 450 24
15 15 1038 15
1 1 596 3
1 1 89 11
2 5 135 9
2 2 135 4
2 0 752 10
2 2 752 5
17 5 1178 9
17 17 1178 4
5 8 784 4
5 5 784 4
9 9 207 1
11 11 1288 9
12 0 108 12
12 12 108 8
15 15 618 17
0 14 1200 7
0 0 1200 4
4 4 944 5
4 4 822 2
10 10 423 2
14 6 722 5
14 14 722 2
1 1 374 2
19 16 582 1
19 19 582 7
1 1 1111 6
3 16 384 12
3 3 384 6
6 16 42 2
6 6 42 10
12 12 1060 10
1 1 572 5
0 0 548 7
19 13 256 3
19 19 256 3
19 19 695 2
5 7 1244 4
5 5 1244 1
5 7 317 11
5 5 317 5
11 11 1200 1
17 17 987 11
13 2 994 10
13 13 994 10
13 13 429 3
12 1 1211 10
12 12 1211 6
4 19 538 3
4 4 538 6
1 1 16 6
8 8 788 1
8 8 681 3
6 12 340 3
6 6 340 5
14 8 1237 9
14 14 1237 7
14 3 1294 11
14 14 1294 10
18 18 382 4
19 11 478 13
19 19 478 7
3 15 719 5
3 3 719 9
4 8 1052 6
4 4 1052 3
7 7 288 1
11 11 805 4
11 15 1205 6
11 11 1205 5
14 14 295 14
14 19 920 7
14 14 920 5
18 18 145 13
14 19 664 7
14 14 664 2
2 2 928 2
5 5 608 8
7 7 217 7
15 15 858 12
17 17 713 20
13 9 1398 11
13 13 1398 8
1 1 565 2
2 2 851 1
7 16 909 2
7 7 909 1
17 17 913 6
13 8 422 10
13 13 422 3
13 3 1084 7
13 13 1084 2
7 7 602 5
18 18 636 13
2 0 706 4
2 2 706 2
4 4 1140 7
11 11 1286 2
9 9 1351 1
14 18 1244 9
14 14 1244 9
13 8 876 14
13 13 876 3
15 5 1165 13
15 15 1165 17
17 17 550 8
5 7 728 7
5 5 728 9
2 2 612 11
17 17 695 18
14 14 867 2
0 0 94 9
19 1 596 3
19 19 596 2
3 2 59 1
3 3 59 5
5 19 414 2
5 5 414 9
5 1 617 9
5 5 617 3
18 10 912 5
18 18 912 43
12 7 1242 10
12 12 1242 10
8 8 684 1
6 16 1236 4
6 6 1236 25
4 4 1337 2
10 10 688 13
14 12 1385 1
14 14 1385 2
0 18 892 4
0 0 892 3
6 8 1127 8
6 6 1127 13
9 1 269 9
9 9 269 1
9 0 1352 9
9 9 1352 6
10 10 1350 3
14 6 1304 3
14 14 1304 3
12 12 102 1
13 12 1414 1
13 13 1414 3
2 17 470 13
2 2 470 5
8 8 913 18
10 10 67 1
7 8 1143 8
7 7 1143 4
12 12 565 1
19 19 1024 7
14 14 874 2
2 2 946 11
6 14 31 4
6 6 31 4
9 3 988 1
9 9 988 6
11 15 375 11
11 11 375 13
16 16 1051 6
15 15 936 3
15 15 359 10
0 0 196 3
2 10 248 1
2 2 248 8
2 2 805 3
8 8 222 2
4 4 414 1
5 5 296 5
11 8 49 7
11 11 49 13
13 18 781 5
13 13 781 1
4 4 824 9
19 0 388 6
19 19 388 2
3 16 222 6
3 3 222 3
10 0 686 12
10 10 686 2
12 1 16 6
12 12 16 3
0 0 1367 36
19 1 501 9
19 19 501 11
3 1 367 9
3 3 367 2
5 2 127 12
5 5 127 1
6 18 135 10
6 6 135 7
7 7 271 2
12 12 1414 1
13 5 1296 9
13 13 1296 17
19 11 610 7
19 19 610 1
3 4 41 13
3 3 41 6
8 4 615 10
8 8 615 40
4 3 1176 11
4 4 1176 1
14 8 57 6
14 14 57 13
12 12 643 7
12 2 1224 5
12 12 1224 17
16 16 881 13
4 4 733 2
2 2 1117 5
1 1 1401 5
3 4 182 14
3 3 182 4
6 6 860 2
5 5 1004 1
9 9 131 9
13 8 774 5
13 13 774 7
12 12 786 6
14 14 602 19
19 5 1132 2
19 19 1132 2
18 17 617 9
18 18 617 3
3 3 199 1
4 4 1121 16
9 9 679 19
3 6 1329 2
3 3 1329 8
17 17 1222 6
2 2 21 3
3 3 811 2
10 10 568 28
5 12 143 5
5 5 143 1
13 3 1032 14
13 13 1032 1
16 16 217 5
8 8 398 29
5 17 393 9
5 5 393 1
5 9 580 9
5 5 580 1
10 10 395 8
9 9 1409 25
11 11 990 9
15 15 373 13
18 18 443 44
14 15 1041 12
14 14 1041 4
13 12 1093 2
13 13 1093 25
3 3 626 3
3 3 969 1
5 11 981 9
5 5 981 3
13 13 458 1
16 16 50 1
0 0 284 22
0 0 694 4
19 4 402 14
19 19 402 4
16 16 1240 4
4 16 649 12
4 4 649 15
7 7 518 1
9 9 1379 25
5 5 616 1
13 17 347 3
13 13 347 10
19 16 76 8
19 19 76 3
2 2 1004 11
1 1 1052 5
5 12 97 9
5 5 97 10
7 7 393 1
9 9 102 11
12 12 546 4
14 14 895 12
0 18 623 6
0 0 623 7
2 9 927 8
2 2 927 1
3 3 564 5
3 1 1396 5
3 3 1396 3
4 4 1166 10
6 6 1344 7
14 7 568 12
14 14 568 1
13 4 935 9
13 13 935 4
18 18 712 7
2 18 197 9
2 2 197 2
19 5 737 14
19 19 737 7
4 18 1309 13
4 4 1309 1
7 17 1006 7
7 7 1006 9
19 19 705 2
11 11 491 3
13 13 824 6
15 15 1145 4
14 5 499 12
14 14 499 39
2 8 673 12
2 2 673 2
6 13 612 6
6 6 612 1
7 7 639 16
12 12 61 3
18 18 801 6
3 3 339 7
4 17 1254 6
4 4 1254 12
5 19 123 10
5 5 123 4
13 12 26 6
13 13 26 7
12 11 1126 13
12 12 1126 14
1 1 165 29
2 3 301 11
2 2 301 14
19 3 633 12
19 19 633 5
5 5 1178 7
19 4 591 4
19 19 591 1
11 11 569 1
10 10 1116 19
17 17 1423 13
4 15 1011 10
4 4 1011 4
6 18 404 1
6 6 404 10
3 8 1418 14
3 3 1418 6
9 9 182 8
11 3 662 14
11 11 662 7
0 0 267 14
14 4 559 1
14 14 559 3
19 12 1155 10
19 19 1155 9
19 19 416 4
2 18 696 5
2 2 696 7
5 5 872 2
19 19 579 2
11 11 743 21
17 17 71 3
5 5 977 4
0 0 974 4
0 0 1331 8
19 3 964 9
19 19 964 1
3 3 798 2
9 9 912 10
9 1 555 12
9 9 555 25
11 11 884 7
13 9 584 6
13 13 584 10
12 8 1053 5
12 12 1053 7
14 14 276 8
19 19 203 1
19 19 638 3
5 12 1155 4
5 5 1155 1
8 8 1230 1
6 4 937 2
6 6 937 5
5 7 959 7
5 5 959 6
10 1 875 4
10 10 875 20
4 5 245 2
4 4 245 10
13 12 100 2
13 13 100 4
13 9 643 9
13 13 643 4
2 15 215 1
2 2 215 4
2 9 768 11
2 2 768 21
3 16 146 8
3 3 146 7
3 6 1084 10
3 3 1084 3
8 8 658 1
14 0 1338 7
14 14 1338 4
15 15 1103 20
11 11 1339 10
18 18 896 16
13 9 1135 4
13 13 1135 1
4 18 179 11
4 4 179 5
3 5 1101 11
3 3 1101 5
5 5 849 8
19 6 653 9
19 19 653 1
14 14 929 3
14 10 714 3
14 14 714 8
0 10 1290 11
0 0 1290 6
12 12 426 13
5 5 874 5
5 18 92 1
5 5 92 2
10 10 476 22
7 10 1097 14
7 7 1097 17
5 12 602 6
5 5 602 6
13 13 577 5
12 6 719 3
12 12 719 4
14 14 287 8
19 18 96 4
19 19 96 1
4 4 465 6
10 10 425 14
12 13 1259 3
12 12 1259 28
15 9 1342 9
15 15 1342 10
6 12 1189 9
6 6 1189 12
5 3 163 7
5 5 163 15
6 6 819 6
4 12 1290 6
4 4 1290 4
11 11 1265 15
14 14 1253 13
17 17 1034 5
16 16 995 3
3 17 296 3
3 3 296 1
3 9 767 6
3 3 767 3
5 11 858 4
5 5 858 8
10 10 1303 8
7 7 437 14
17 9 750 11
17 17 750 35
3 12 186 13
3 3 186 1
19 10 104 4
19 19 104 3
19 19 543 9
4 19 1020 2
4 4 1020 32
3 3 780 6
4 15 1235 11
4 4 1235 8
7 7 812 10
7 7 763 17
9 9 1256 18
13 13 634 7
12 12 710 1
16 16 828 18
2 16 867 14
2 2 867 9
3 19 454 10
3 3 454 30
7 7 1147 47
16 16 998 25
13 15 1260 5
13 13 1260 2
1 1 899 9
0 0 762 38
18 18 1273 11
10 10 748 11
12 2 82 4
12 12 82 15
13 13 860 10
17 17 598 5
0 0 804 19
18 18 1032 1
3 14 273 3
3 3 273 3
6 0 624 6
6 6 624 1
8 8 367 14
5 5 835 3
7 5 611 5
7 7 611 4
13 11 738 5
13 13 738 1
15 15 116 9
2 9 414 13
2 2 414 11
2 12 564 6
2 2 564 7
8 2 937 9
8 8 937 6
9 5 907 3
9 9 907 5
13 10 62 5
13 13 62 20
15 18 883 8
15 15 883 26
0 0 578 1
13 11 1253 12
13 13 1253 4
8 8 433 48
11 17 1263 1
11 11 1263 2
13 9 650 14
13 13 650 2
12 12 803 6
14 5 470 12
14 14 470 3
17 17 402 5
14 11 86 3
14 14 86 1
19 19 883 5
3 3 278 4
8 14 171 11
8 8 171 2
7 13 141 10
7 7 141 8
14 11 321 10
14 14 321 1
15 15 125 20
19 4 1292 10
19 19 1292 20
19 19 118 1
2 15 962 11
2 2 962 15
3 6 890 7
3 3 890 1
6 6 1018 11
4 4 1302 1
9 18 583 1
9 9 583 6
10 10 1256 13
13 2 620 7
13 13 620 9
18 18 867 5
5 3 1255 13
5 5 1255 1
6 16 1279 3
6 6 1279 11
3 3 907 7
6 6 917 1
7 7 484 14
7 7 1406 4
7 7 1221 2
15 15 1074 5
13 3 987 13
13 13 987 5
19 2 779 10
19 19 779 10
7 7 960 6
12 12 64 4
16 16 1257 4
15 15 1187 20
14 13 473 11
14 14 473 26
12 12 32 3
19 2 14 7
19 19 14 6
19 19 888 4
5 5 47 7
6 19 183 8
6 6 183 14
19 13 949 13
19 19 949 4
14 6 758 3
14 14 758 3
4 1 294 5
4 4 294 18
4 9 1224 3
4 4 1224 2
14 14 134 3
4 3 547 6
4 4 547 13
5 5 924 4
9 9 371 17
11 11 595 5
13 18 1014 9
13 13 1014 1
17 8 1125 8
17 17 1125 25
13 0 1047 14
13 13 1047 2
2 9 178 1
2 2 178 19
6 6 1153 36
6 6 799 1
17 17 299 19
16 16 1307 34
5 16 79 3
5 5 79 3
13 13 274 5
12 3 1310 6
12 12 1310 15
2 12 1346 13
2 2 1346 34
19 4 23 6
19 19 23 10
19 0 897 1
19 19 897 15
5 17 1410 13
5 5 1410 2
6 6 613 11
10 10 616 15
7 17 590 13
7 7 590 5
17 0 29 5
17 17 29 33
0 0 115 5
18 18 1339 69
4 4 967 7
5 9 441 5
5 5 441 2
5 1 628 12
5 5 628 3
7 7 784 4
7 7 735 1
7 19 1194 12
7 7 1194 1
13 5 926 8
13 13 926 5
14 14 137 12
13 5 1215 3
13 13 1215 4
6 6 862 6
2 11 1124 9
2 2 1124 19
6 16 903 14
6 6 903 13
5 3 901 6
5 5 901 9
4 9 621 9
4 4 621 4
5 5 1044 1
13 8 700 3
13 13 700 6
14 19 621 3
14 14 621 2
1 1 594 2
0 0 710 16
2 6 141 1
2 2 141 1
12 0 388 2
12 12 388 3
5 5 128 2
9 12 1077 11
9 9 1077 13
5 12 790 7
5 5 790 2
9 5 664 10
9 9 664 14
12 10 1301 2
12 12 1301 9
9 4 698 1
9 9 698 17
19 18 1202 2
19 19 1202 4
18 18 982 25
2 2 60 2
3 3 269 4
6 17 604 2
6 6 604 4
4 4 1071 31
4 6 427 14
4 4 427 1
12 4 530 14
12 12 530 13
18 18 873 18
1 1 1117 47
8 8 180 10
3 5 1316 4
3 3 1316 4
9 9 935 1
7 7 724 6
11 11 330 1
12 15 1070 9
12 12 1070 8
19 9 1424 13
4 4 833 2
19 14 250 4
19 19 250 4
4 15 110 6
4 4 110 1
5 19 307 9
5 5 307 8
5 6 910 8
5 5 910 7
11 9 1210 9
11 11 1210 12
19 0 697 9
19 19 697 1
14 9 1429 5
16 16 473 77
13 5 1033 12
13 13 1033 5
15 15 369 4
2 17 132 11
2 2 132 3
5 14 324 7
5 5 324 8
5 5 799 36
14 5 1235 10
14 14 1235 2
13 11 889 2
13 13 889 3
17 7 126 14
17 17 126 5
18 13 1127 12
18 18 1127 10
2 2 608 4
6 12 152 10
6 6 152 1
9 0 388 4
9 9 388 5
10 10 87 4
19 13 732 7
19 19 732 2
15 15 815 34
2 2 1223 4
2 10 381 5
2 2 381 12
2 5 934 7
2 2 934 6
10 10 977 20
4 5 966 2
4 4 966 1
9 8 936 7
9 9 936 7
13 7 91 6
13 13 91 9
19 9 259 7
19 19 259 2
8 17 54 8
8 8 54 2
4 12 418 2
4 4 418 9
8 8 953 77
17 17 1096 11
15 15 973 2
14 4 639 5
14 14 639 5
1 1 1017 12
2 3 159 9
2 2 159 3
4 8 228 11
4 4 228 3
6 17 703 10
6 6 703 2
5 5 792 2
11 0 1280 7
11 11 1280 6
14 11 437 8
14 14 437 17
15 15 41 2
19 17 1216 6
19 19 1216 1
3 3 379 2
3 14 718 6
3 3 718 1
9 9 397 3
9 14 64 6
9 9 64 14
13 11 568 1
13 13 568 9
13 12 195 4
13 13 195 2
12 12 1101 2
0 0 88 5
6 6 57 11
6 15 1428 5
6 6 1428 4
19 2 611 1
19 19 611 2
7 7 895 7
3 16 1143 6
3 3 1143 4
13 7 905 3
13 13 905 6
12 8 663 14
12 12 663 3
14 0 98 8
14 14 98 6
13 14 1397 1
13 13 1397 1
19 16 264 14
19 19 264 13
5 4 1220 3
5 5 1220 8
4 3 92 6
4 4 92 3
19 19 406 2
13 11 481 4
13 13 481 1
7 7 908 1
7 7 1371 20
14 7 13 8
14 14 13 7
18 18 487 49
0 0 1040 13
5 18 1109 8
5 5 1109 2
9 9 270 5
10 10 701 10
12 18 1079 8
12 12 1079 5
12 12 424 2
13 1 310 13
13 13 310 18
15 15 635 16
17 2 104 13
17 17 104 16
1 1 803 2
19 9 51 11
19 19 51 5
5 5 1369 13
5 5 711 6
3 3 914 4
7 7 690 22
11 11 224 14
12 15 575 6
12 12 575 7
5 5 495 2
16 0 245 7
16 16 245 4
19 19 1334 2
19 3 599 11
19 19 599 2
4 18 639 10
4 4 639 5
4 11 1195 5
4 4 1195 7
10 10 415 1
10 10 40 18
13 14 1187 1
13 13 1187 4
5 2 1229 2
5 5 1229 8
7 17 62 4
7 7 62 29
11 11 462 23
14 1 1390 8
14 14 1390 3
12 18 797 13
12 12 797 5
14 14 20 11
19 10 382 13
19 19 382 3
2 17 730 3
2 2 730 1
3 6 687 13
3 3 687 1
5 5 228 5
5 12 703 7
5 5 703 3
6 11 327 3
6 6 327 6
7 10 538 7
7 7 538 4
14 14 1188 14
12 13 423 3
12 12 423 1
14 14 1016 14
0 0 1004 9
18 18 1415 13
2 2 589 7
5 13 117 12
5 5 117 5
7 7 273 15
11 11 1423 6
12 19 566 13
12 12 566 2
14 14 253 1
19 6 1343 1
19 19 1343 2
5 2 1392 1
5 5 1392 12
5 5 593 3
11 11 374 1
8 8 533 24
17 17 1013 21
13 13 1244 4
17 17 131 5
3 11 176 9
3 3 176 4
3 13 986 6
3 3 986 3
5 5 279 2
9 9 812 2
11 11 48 1
14 14 1393 5
14 14 31 4
19 19 391 2
4 4 644 5
4 11 1147 14
4 4 1147 19
8 8 148 23
11 11 129 4
17 17 1228 27
16 16 84 31
14 12 963 13
14 14 963 6
0 0 1320 1
8 8 302 14
10 10 997 114
9 17 123 8
9 9 123 1
4 4 625 2
12 12 1415 20
13 10 1295 4
13 13 1295 1
19 10 1348 5
19 19 1348 5
18 18 1297 25
14 6 1368 8
14 14 1368 2
5 5 1198 4
4 10 954 13
4 4 954 11
3 17 946 6
3 3 946 7
19 16 393 3
19 19 393 8
4 14 1177 2
4 4 1177 18
9 17 305 13
9 9 305 48
7 7 874 4
11 11 533 2
10 10 1184 19
13 14 127 7
13 13 127 2
14 14 1040 1
1 1 194 60
4 4 764 26
10 10 711 6
17 17 639 15
13 4 1062 9
13 13 1062 4
4 4 939 5
3 3 198 1
9 9 678 1
10 10 1353 23
13 9 150 6
13 13 150 1
12 11 1327 12
12 12 1327 16
2 2 483 2
2 11 425 7
2 2 425 1
16 16 966 15
3 3 810 1
9 15 124 1
9 9 124 7
9 8 1226 4
9 9 1226 1
5 12 54 7
5 5 54 1
19 0 183 13
19 19 183 8
2 2 901 7
5 10 1175 8
5 5 1175 3
3 2 484 13
3 3 484 5
6 6 965 15
19 6 467 7
19 19 467 3
10 10 895 1
11 11 522 11
15 15 953 6
19 12 1031 6
19 19 1031 7
13 13 698 1
19 8 292 10
19 19 292 8
2 2 820 10
6 6 1214 22
5 19 281 4
5 5 281 5
4 4 1303 6
13 13 830 10
12 12 778 7
16 16 51 29
17 17 443 40
19 15 1140 9
19 19 1140 2
5 3 1097 9
5 5 1097 12
4 2 199 6
4 4 199 29
3 15 1113 11
3 3 1113 8
6 6 296 13
9 9 20 11
2 2 578 11
17 17 513 14
17 17 84 20
19 16 1253 4
19 19 1253 11
18 18 807 3
0 1 1318 13
0 0 1318 2
19 4 953 14
19 19 953 8
3 7 348 11
3 3 348 6
5 12 571 12
5 5 571 3
7 15 662 6
7 7 662 20
13 7 597 5
13 13 597 3
15 15 1370 14
14 15 214 2
14 14 214 1
19 19 102 2
5 9 1168 9
5 5 1168 4
5 5 1387 2
5 10 497 1
5 5 497 4
6 6 1 5
6 6 761 13
17 17 984 3
17 17 291 8
2 2 1068 11
14 13 1180 12
14 14 1180 5
0 1 1092 12
0 0 1092 7
3 5 167 13
3 3 167 1
3 19 634 7
3 3 634 5
3 5 1073 5
3 3 1073 8
6 6 847 13
4 5 1310 13
4 4 1310 27
9 9 140 8
14 14 1354 5
16 16 1023 3
0 0 857 35
2 2 117 3
19 13 1115 3
19 19 1115 5
10 10 600 16
11 2 737 13
11 11 737 6
15 15 1330 8
2 8 1285 8
2 2 1285 3
19 0 84 10
19 19 84 12
3 3 792 3
6 2 548 12
6 6 548 24
6 13 105 14
6 6 105 4
9 9 475 5
7 18 655 2
7 7 655 5
7 11 1114 12
7 7 1114 24
16 16 259 3
15 15 725 2
13 14 1338 4
13 13 1338 2
19 2 1371 9
19 19 1371 5
15 15 975 5
3 17 1404 14
3 3 1404 11
5 5 949 6
7 7 394 22
10 10 442 6
9 9 1093 17
13 12 106 10
13 13 106 1
3 10 172 4
3 3 172 4
8 8 855 4
7 12 27 9
7 7 27 17
13 13 816 4
12 3 824 8
12 12 824 4
17 17 437 6
0 15 848 2
0 0 848 9
15 15 289 16
6 14 282 5
6 6 282 4
13 13 129 13
12 0 911 4
12 12 911 5
19 2 528 5
19 19 528 3
2 1 552 13
2 2 552 7
5 10 82 5
5 5 82 7
6 6 825 2
10 7 1269 10
10 10 1269 8
13 13 1331 3
1 1 714 86
19 0 348 7
19 19 348 9
19 19 641 3
4 4 926 5
8 8 1231 15
3 3 1381 1
7 7 1248 4
14 8 644 11
14 14 644 20
0 0 749 13
3 7 555 12
3 3 555 2
5 18 185 7
5 5 185 5
5 5 372 3
9 9 190 4
9 9 1284 5
19 2 924 6
19 19 924 3
17 17 603 3
14 14 567 1
2 2 1380 11
0 0 668 23
4 4 1357 6
3 4 1100 2
3 3 1100 1
13 16 186 9
13 13 186 9
14 0 934 1
14 14 934 9
18 18 327 20
17 0 266 1
17 17 266 4
19 2 537 5
19 19 537 4
10 10 896 18
7 7 822 4
13 10 51 7
13 13 51 5
14 14 284 2
19 19 1385 13
19 16 211 6
19 19 211 2
3 3 13 3
5 14 1350 2
5 5 1350 12
6 15 1372 12
6 6 1372 1
3 14 1386 7
3 3 1386 10
6 6 490 4
9 9 1143 8
12 12 1252 2
4 7 735 4
4 4 735 4
5 5 381 12
5 5 968 2
19 16 563 12
19 19 563 2
14 16 1375 10
14 14 1375 9
10 10 99 7
19 19 433 5
5 8 857 2
5 5 857 1
10 10 142 9
9 15 1182 5
9 9 1182 22
13 7 382 12
13 13 382 11
17 17 749 1
18 18 190 2
19 9 107 13
19 19 107 2
19 13 542 10
19 19 542 1
6 6 519 5
5 18 68 11
5 5 68 2
4 15 1244 14
4 4 1244 4
9 13 596 10
9 9 596 4
16 16 262 7
12 9 711 4
12 12 711 7
15 15 288 1
3 3 114 3
8 14 248 5
8 8 248 21
5 3 928 7
5 5 928 3
7 7 1238 10
5 19 1029 9
5 5 1029 12
9 9 168 3
6 6 665 9
12 17 408 8
12 12 408 5
2 4 492 14
2 2 492 5
0 0 1247 2
2 17 642 12
2 2 642 10
8 8 1414 13
5 6 60 8
5 5 60 8
10 10 596 4
10 6 1311 9
10 10 1311 12
13 13 737 1
5 11 487 12
5 5 487 8
19 0 1286 14
19 19 1286 6
12 12 374 3
3 9 417 7
3 3 417 2
4 18 1243 4
4 4 1243 1
7 7 804 3
12 9 177 5
12 12 177 14
17 17 812 22
0 0 579 34
19 0 660 4
19 19 660 11
3 14 123 14
3 3 123 7
3 2 901 10
3 3 901 2
3 14 1368 2
3 3 1368 2
11 11 446 16
12 15 845 13
12 12 845 16
14 14 833 3
0 2 1063 5
0 0 1063 4
17 17 1275 6
13 7 1141 6
13 13 1141 4
2 2 1393 3
4 8 169 11
4 4 169 10
3 3 1187 3
5 5 843 3
9 9 34 28
10 10 176 11
15 15 1311 9
14 3 955 14
14 14 955 8
1 1 360 2
0 4 1296 2
0 0 1296 4
1 11 1097 10
1 1 1097 7
3 8 422 10
3 3 422 8
4 4 312 19
7 7 342 6
11 12 915 14
11 11 915 21
13 4 619 8
13 13 619 1
17 17 805 7
16 16 811 17
13 3 1367 14
13 13 1367 3
19 8 1404 1
19 19 1404 2
19 0 111 1
19 19 111 6
5 16 1254 7
5 5 1254 1
19 15 1085 13
19 19 1085 3
19 11 499 6
19 19 499 2
0 0 153 10
13 5 1020 3
13 13 1020 8
12 18 1169 1
12 12 1169 3
19 14 1078 10
19 19 1078 7
1 1 583 4
2 16 741 7
2 2 741 9
8 8 1317 12
3 17 1051 7
3 3 1051 6
8 8 655 3
19 0 1320 1
19 19 1320 4
9 10 1312 11
9 9 1312 7
2 2 121 11
12 3 1376 6
12 12 1376 1
13 6 1134 9
13 13 1134 1
14 7 1063 11
14 14 1063 25
3 3 286 2
12 13 550 9
12 12 550 2
3 7 1192 3
3 3 1192 7
19 15 1120 3
19 19 1120 12
9 19 400 1
9 9 400 2
10 3 187 10
10 10 187 12
11 11 827 2
2 2 531 2
0 0 1303 11
19 0 565 4
19 19 565 3
2 0 519 5
2 2 519 10
5 8 1321 8
5 5 1321 2
3 4 1337 10
3 3 1337 3
8 8 493 14
19 10 420 3
19 19 420 5
17 17 180 23
14 12 1032 9
14 14 1032 2
2 0 256 7
2 2 256 22
19 13 385 8
19 19 385 3
3 6 1011 7
3 3 1011 4
9 9 773 6
9 9 1159 9
14 19 54 3
14 14 54 3
0 0 1077 6
14 6 1333 10
14 14 1333 1
8 8 694 3
13 19 699 6
13 13 699 1
15 15 614 4
14 18 538 2
14 14 538 13
2 10 623 8
2 2 623 4
3 0 1169 1
3 3 1169 18
7 11 130 3
7 7 130 2
9 9 743 6
7 1 1044 13
7 7 1044 23
11 11 199 25
12 12 929 13
15 15 663 5
2 2 542 10
5 16 1298 9
5 5 1298 2
3 16 1342 1
3 3 1342 2
5 13 627 2
5 5 627 1
7 7 324 3
7 7 734 1
16 16 750 61
5 6 1256 6
5 5 1256 10
6 6 1262 10
6 6 1331 4
7 9 1391 13
7 7 1391 15
11 11 30 18
11 11 421 4
13 4 441 12
13 13 441 17
12 11 1159 2
12 12 1159 3
19 1 357 5
19 19 357 1
3 0 1033 7
3 3 1033 13
14 14 1282 12
13 3 1120 1
13 13 1120 3
11 11 830 9
10 10 967 10
11 11 809 11
15 15 1386 23
16 16 316 13
15 15 668 4
2 2 1229 2
2 4 940 12
2 2 940 6
6 19 1212 14
6 6 1212 2
8 8 1073 15
9 3 275 11
9 9 275 23
10 10 564 4
13 13 33 2
6 6 842 5
4 4 111 8
12 5 292 9
12 12 292 3
15 4 434 12
15 15 434 73
5 3 1122 12
5 5 1122 7
3 3 699 2
5 10 136 6
5 5 136 3
11 11 1153 8
17 17 1255 2
18 18 261 66
13 13 1139 2
5 19 25 8
5 5 25 4
6 6 153 7
8 8 790 8
10 10 1338 12
12 1 253 5
12 12 253 6
12 0 522 10
12 12 522 2
9 9 871 14
0 0 66 22
18 18 1322 17
5 8 1284 8
5 5 1284 6
9 18 943 12
9 9 943 3
7 0 716 13
7 7 716 8
8 8 789 1
13 6 911 6
13 13 911 4
13 9 90 8
13 13 90 1
14 14 152 24
2 19 1143 9
2 2 1143 16
13 13 855 2
14 16 845 1
14 14 845 22
5 18 315 12
5 5 315 2
7 4 918 4
7 7 918 15
13 7 992 14
13 13 992 2
1 1 22 18
1 1 1164 20
6 6 700 3
5 5 332 11
8 8 224 13
7 12 551 3
7 7 551 13
17 17 785 15
13 1 881 11
13 13 881 8
13 13 259 9
2 11 450 12
2 2 450 16
2 2 632 10
3 3 817 4
9 9 538 12
13 12 567 1
13 13 567 1
0 14 910 10
0 0 910 5
2 16 373 6
2 2 373 8
5 6 1202 12
5 5 1202 3
4 9 974 3
4 4 974 16
4 17 283 7
4 4 283 5
5 10 403 12
5 5 403 4
6 12 35 14
6 6 35 1
10 10 405 1
13 1 83 6
13 13 83 5
16 16 441 2
14 14 724 16
1 1 254 3
18 18 1204 43
1 8 1300 10
1 1 1300 13
4 4 512 26
5 5 1023 6
13 8 344 8
13 13 344 1
15 15 1054 20
16 16 925 2
0 0 306 25
6 6 1029 1
6 13 333 12
6 6 333 7
9 1 1349 4
9 9 1349 2
16 16 1152 21
13 0 1419 12
13 13 1419 3
1 1 866 13
19 16 50 1
19 19 50 1
2 2 627 1
4 15 371 2
4 4 371 11
5 9 11 3
5 5 11 7
11 11 860 2
12 12 568 2
16 16 289 27
15 15 166 30
2 19 1238 5
2 2 1238 5
0 0 901 9
19 9 163 8
19 19 163 13
19 12 598 2
19 19 598 1
5 17 1211 6
5 5 1211 4
4 4 949 2
8 10 432 10
8 8 432 1
11 11 1107 2
2 16 1097 3
2 2 1097 1
2 2 808 8
5 5 1228 1
5 15 301 4
5 5 301 6
4 15 1339 13
4 4 1339 8
13 13 786 10
2 7 1423 10
2 2 1423 4
18 18 629 7
14 14 1398 3
2 18 731 14
2 2 731 1
3 15 1125 1
3 3 1125 9
11 15 1329 9
11 11 1329 4
9 9 1358 3
11 11 139 46
12 8 27 8
12 12 27 5
13 0 302 4
13 13 302 8
19 14 1233 2
19 19 1233 1
18 18 827 21
19 4 155 10
19 19 155 8
4 4 813 9
3 3 831 1
9 9 446 6
9 9 113 4
7 8 682 2
7 7 682 8
15 15 1358 2
0 0 1414 15
14 11 872 12
14 14 872 2
18 18 620 9
6 15 29 10
6 6 29 2
10 10 842 19
12 18 377 9
12 12 377 11
14 15 109 6
14 14 109 1
19 19 281 1
19 19 716 4
3 3 989 5
9 9 977 11
13 2 694 9
13 13 694 4
14 9 593 7
14 14 593 1
0 0 698 1
19 12 390 1
19 19 390 1
14 8 1307 10
14 14 1307 15
13 17 1370 3
13 13 1370 16
8 8 779 9
5 4 882 3
5 5 882 7
10 10 249 51
1 1 892 7
0 0 1321 10
2 2 24 27
11 10 1415 10
11 11 1415 8
14 14 1119 24
15 15 1367 3
16 16 228 15
13 13 1294 1
2 13 1192 7
2 2 1192 8
0 0 915 20
19 11 177 13
19 19 177 6
5 3 1197 2
5 5 1197 1
3 11 1288 9
3 3 1288 5
7 13 1328 12
7 7 1328 16
7 7 1279 3
13 4 1236 8
13 13 1236 8
0 0 1143 22
5 8 1086 13
5 5 1086 11
8 8 13 6
13 9 185 5
13 13 185 1
14 7 1401 5
14 14 1401 13
0 0 263 4
1 1 399 17
3 9 201 6
3 3 201 4
6 14 1111 8
6 6 1111 3
5 18 672 10
5 5 672 2
6 4 310 2
6 6 310 4
11 11 185 5
13 13 714 23
17 18 527 14
17 17 527 4
3 3 813 4
4 18 1266 7
4 4 1266 7
9 9 424 3
14 7 204 13
14 14 204 10
19 10 621 12
19 19 621 1
3 6 16 1
3 3 16 3
5 4 503 9
5 5 503 8
16 16 1035 16
13 13 119 8
17 17 998 15
18 18 719 26
3 3 161 1
6 17 414 3
6 6 414 27
2 2 1231 7
12 12 510 6
15 15 553 28
13 13 1118 2
1 1 989 15
1 1 75 9
3 0 206 3
3 3 206 9
6 9 1102 8
6 6 1102 1
6 0 659 3
6 6 659 3
3 12 1046 5
3 3 1046 5
11 11 190 3
14 19 1214 3
14 14 1214 5
12 17 589 9
12 12 589 2
13 13 345 2
14 14 409 14
18 18 347 6
14 8 690 13
14 14 690 22
3 3 786 6
8 8 904 9
4 4 1273 5
10 10 545 4
10 10 122 20
6 2 719 12
6 6 719 3
17 17 846 3
14 14 264 4
13 13 798 2
19 19 191 12
5 1 1386 1
5 5 1386 1
6 5 1384 5
6 6 1384 12
6 2 6 4
6 6 6 4
7 7 859 15
7 7 1261 10
16 16 1026 9
14 14 70 10
17 17 290 1
0 12 171 3
0 0 171 4
0 0 528 4
19 7 300 6
19 19 300 3
1 1 1353 18
4 17 739 10
4 4 739 20
3 16 1072 13
3 3 1072 1
3 11 1415 14
3 3 1415 3
9 9 179 3
12 12 1359 3
2 1 1427 7
0 0 655 6
2 2 703 3
3 7 311 4
3 3 311 1
8 8 800 8
9 9 727 13
13 10 764 13
13 13 764 5
15 15 679 8
18 18 799 2
2 2 440 10
12 0 1078 5
12 12 1078 1
3 1 324 8
3 3 324 3
3 3 795 2
5 14 547 4
5 5 547 3
10 10 552 1
11 12 260 12
11 11 260 48
12 12 142 6
15 15 724 1
14 14 836 9
3 3 936 10
0 0 1099 44
8 8 83 58
19 11 1225 5
19 19 1225 1
13 14 105 13
13 13 105 1
12 12 1122 4
2 2 1060 8
1 1 1346 7
3 10 610 6
3 3 610 5
3 3 1081 3
4 6 1286 6
4 4 1286 4
13 13 815 1
13 6 506 13
13 13 506 9
2 0 77 11
2 2 77 4
2 16 694 2
2 2 694 2
6 8 653 5
6 6 653 5
7 15 630 5
7 7 630 9
15 15 1338 1
12 12 904 7
15 19 341 7
15 15 341 18
7 0 270 14
7 7 270 1
19 5 531 10
19 19 531 6
19 3 966 4
19 19 966 8
7 10 365 9
7 7 365 14
10 10 467 9
13 5 364 13
13 13 364 7
9 6 1276 14
9 9 1276 8
13 17 582 14
13 13 582 2
16 16 379 7
14 14 330 1
16 16 661 9
1 1 713 1
5 5 482 5
6 6 496 7
7 7 841 18
11 10 560 4
11 11 560 9
14 19 80 2
14 14 80 6
19 15 1053 1
19 19 1053 8
19 3 314 13
19 19 314 2
1 1 1371 16
8 8 1331 27
6 6 387 13
19 12 560 5
19 19 560 3
7 9 990 10
7 7 990 16
3 2 1065 14
3 3 1065 6
13 11 669 7
13 13 669 7
12 15 1405 12
12 12 1405 9
1 1 800 3
0 2 1218 5
0 0 1218 13
4 4 864 11
19 12 360 14
19 19 360 6
9 9 14 6
5 5 751 4
6 7 494 4
6 6 494 2
17 1 62 13
17 17 62 4
2 4 1300 3
2 2 1300 23
2 13 1015 13
2 2 1015 6
4 4 1015 5
19 13 1134 5
19 19 1134 4
9 4 452 13
9 9 452 12
10 10 1277 20
7 7 793 11
15 14 145 7
15 15 145 21
2 4 1159 7
2 2 1159 14
0 0 630 25
6 6 1373 3
5 5 934 7
13 8 490 3
13 13 490 11
9 9 1000 18
7 7 97 4
11 11 1020 22
10 13 199 14
10 10 199 50
0 0 331 5
19 19 323 2
19 11 758 6
19 19 758 17
8 8 1329 2
5 5 380 1
9 9 889 5
13 6 687 9
13 13 687 7
4 4 1102 1
10 10 1301 2
12 12 36 5
13 13 381 1
14 8 373 10
14 14 373 8
1 1 682 9
2 1 571 9
2 2 571 7
4 17 331 12
4 4 331 4
5 5 542 1
7 4 355 6
7 7 355 4
9 16 896 8
9 9 896 11
12 0 887 14
12 12 887 7
13 13 632 2
9 17 1021 13
9 9 1021 27
12 12 1037 4
14 14 1207 7
18 18 206 40
19 19 654 6
3 3 117 1
3 14 927 2
3 3 927 8
3 9 1362 14
3 3 1362 2
12 17 841 8
12 12 841 4
7 13 959 14
7 7 959 1
9 9 1151 8
13 5 969 8
13 13 969 4
17 17 270 20
2 17 167 13
2 2 167 11
4 18 711 1
4 4 711 11
7 10 972 5
7 7 972 2
14 10 1266 3
14 14 1266 12
13 13 858 2
17 17 596 2
3 8 75 8
3 3 75 1
1 1 818 48
2 2 86 2
5 6 1429 3
4 17 163 7
4 4 163 2
5 12 758 14
5 5 758 13
12 15 35 6
12 12 35 1
16 16 619 25
18 18 182 8
1 1 278 21
16 16 1119 1
3 3 1226 6
7 7 807 5
7 6 1209 5
7 7 1209 2
12 12 1165 4
19 19 1398 6
13 3 1049 8
13 13 1049 2
14 14 215 13
5 9 1276 8
5 5 1276 3
7 7 262 8
13 13 962 7
15 15 1079 19
12 18 1179 2
12 12 1179 10
2 17 1032 7
2 2 1032 28
15 15 1124 2
9 14 208 7
9 9 208 6
12 15 1194 13
12 12 1194 4
15 15 531 10
19 16 988 10
19 19 988 17
1 1 510 39
2 5 81 13
2 2 81 5
2 15 666 13
2 2 666 7
3 8 751 5
3 3 751 16
8 8 173 7
11 11 1406 9
16 16 278 11
15 15 1237 7
18 18 177 5
1 1 367 7
4 4 965 1
5 19 1327 7
5 5 1327 23
5 18 437 6
5 5 437 4
6 17 77 7
6 6 77 24
9 9 946 31
14 17 824 10
14 14 824 3
11 11 914 1
13 18 618 2
13 13 618 1
14 8 189 5
14 14 189 15
15 15 305 16
18 18 192 14
15 15 939 1
3 7 99 2
3 3 99 4
3 11 1344 5
3 3 1344 4
14 14 806 1
11 11 1161 10
11 9 604 13
11 11 604 13
7 7 1223 11
11 10 438 1
11 11 438 7
14 3 1414 10
14 14 1414 15
13 13 1052 6
0 13 336 9
0 0 336 19
18 18 540 1
8 8 237 2
6 6 794 1
17 17 1264 2
9 11 1319 14
9 9 1319 13
13 6 641 10
13 13 641 2
12 16 980 1
12 12 980 3
12 19 1377 8
12 12 1377 1
5 0 1415 14
5 5 1415 6
6 1 1055 2
6 6 1055 1
6 6 608 4
7 12 132 10
7 7 132 8
7 5 595 13
7 7 595 6
8 8 808 19
19 19 129 4
1 12 1089 8
1 1 1089 8
5 13 1320 11
5 5 1320 1
4 4 288 3
6 1 1011 6
6 6 1011 6
6 6 68 9
9 9 480 29
10 10 11 29
13 19 611 11
13 13 611 7
3 10 1364 12
3 3 1364 4
14 3 761 9
14 14 761 40
17 17 171 9
4 4 839 23
6 2 480 3
6 6 480 10
12 0 1217 14
12 12 1217 2
18 18 826 1
16 16 946 9
0 0 1361 6
3 19 588 8
3 3 588 2
3 16 1027 8
3 3 1027 1
6 6 358 11
9 0 194 5
9 9 194 13
12 12 121 9
12 7 979 6
12 12 979 1
10 10 917 19
5 2 1408 11
5 5 1408 2
5 16 737 13
5 5 737 14
1 1 258 13
19 7 346 2
19 19 346 2
5 14 423 2
5 5 423 7
7 7 327 1
2 13 1122 1
2 2 1122 2
4 4 446 7
5 8 899 5
5 5 899 2
4 5 276 3
4 4 276 7
13 16 1038 13
13 13 1038 9
19 19 1095 20
0 18 147 14
0 0 147 6
16 16 932 14
2 2 139 2
19 1 795 8
19 19 795 7
3 18 254 7
3 3 254 5
3 17 1032 10
3 3 1032 1
5 5 1187 10
5 6 788 11
5 5 788 2
7 7 101 12
12 9 1091 2
12 12 1091 4
14 14 425 1
2 2 497 20
8 8 269 14
18 18 1181 23
12 12 199 46
12 9 524 14
12 12 524 6
19 5 143 8
19 19 143 2
3 3 412 5
5 5 635 7
9 11 632 9
9 9 632 20
13 13 917 9
15 15 849 1
15 15 251 37
0 0 1429 2
3 10 557 11
3 3 557 1
9 9 822 6
1 1 879 13
17 17 483 13
13 9 1145 14
13 13 1145 1
4 16 255 7
4 4 255 21
5 5 247 6
5 5 322 2
5 5 797 2
9 4 1370 10
9 9 1370 6
16 16 575 2
0 0 1358 3
8 8 63 4
3 1 372 2
3 3 372 7
7 3 292 5
7 7 292 2
14 14 1088 31
16 16 249 10
1 1 640 7
2 19 529 14
2 2 529 2
6 17 1427 9
6 6 1427 1
19 19 1217 6
9 9 1076 1
5 5 57 1
12 12 666 3
13 13 1199 16
6 6 722 5
8 8 659 3
19 7 261 10
19 19 261 3
3 10 95 11
3 3 95 3
4 4 428 18
6 14 887 8
6 6 887 10
7 10 458 9
7 7 458 26
17 17 1213 4
16 16 1208 16
13 13 426 3
3 0 1354 13
3 3 1354 2
0 0 726 3
2 19 710 6
2 2 710 19
5 16 240 9
5 5 240 5
6 6 774 1
7 18 91 12
7 7 91 1
16 16 1282 25
5 5 1078 5
2 12 12 7
2 2 12 9
3 7 381 12
3 3 381 3
4 18 1055 10
4 4 1055 16
9 11 435 11
9 9 435 11
4 4 415 1
12 7 245 12
12 12 245 3
12 10 1103 13
12 12 1103 3
15 15 386 30
1 1 332 14
19 14 592 10
19 19 592 2
3 3 833 2
12 1 1156 8
12 12 1156 3
13 2 82 6
13 13 82 1
13 1 1192 1
13 13 1192 7
5 0 1041 12
5 5 1041 3
0 0 574 3
1 1 1387 11
5 5 1218 2
3 0 1006 7
3 3 1006 5
7 7 451 4
7 11 910 4
7 7 910 8
3 3 1057 4
15 18 980 2
15 15 980 2
1 1 1008 9
8 8 798 2
6 6 322 5
9 3 254 7
9 9 254 12
19 19 1326 1
9 15 1348 10
9 9 1348 1
13 13 873 3
15 15 581 15
6 18 1396 12
6 6 1396 6
19 19 927 7
3 8 354 13
3 3 354 11
6 1 583 11
6 6 583 6
7 11 225 13
7 7 225 4
5 9 130 1
5 5 130 6
13 13 559 8
19 19 1336 5
18 18 848 19
12 6 484 12
12 12 484 9
3 10 838 3
3 3 838 8
6 13 27 6
6 6 27 2
13 8 896 5
13 13 896 4
15 6 940 2
15 15 940 13
17 16 136 13
17 17 136 7
4 16 402 6
4 4 402 12
7 17 903 10
7 7 903 1
7 7 1362 9
15 15 1126 19
16 16 917 8
5 12 696 12
5 5 696 3
0 7 895 7
0 0 895 3
18 18 1087 1
6 12 1114 8
6 6 1114 13
3 16 1124 14
3 3 1124 1
6 6 240 36
8 8 239 9
17 17 1257 3
7 15 532 9
7 7 532 6
12 2 20 4
12 12 20 7
2 10 1343 7
2 2 1343 3
18 18 1413 2
17 17 391 11
3 3 830 1
17 13 544 5
17 17 544 6
10 10 1236 20
13 13 552 5
12 12 560 5
12 16 1149 3
12 12 1149 5
17 17 240 26
19 11 1345 4
19 19 1345 2
4 15 608 10
4 4 608 13
8 8 1070 3
7 4 416 12
7 7 416 2
17 17 318 25
0 0 199 10
0 0 524 4
4 4 759 5
9 9 850 5
11 11 505 15
1 1 962 23
0 0 699 7
19 10 65 3
19 19 65 11
17 17 1372 1
11 11 764 23
12 12 19 1
12 12 600 8
0 5 997 7
0 0 997 7
1 1 1031 21
9 2 524 7
9 9 524 14
12 19 1140 13
12 12 1140 1
19 4 176 10
19 19 176 1
9 9 416 5
11 0 535 13
11 11 535 15
13 0 1235 14
13 13 1235 1
1 1 938 24
19 6 289 7
19 19 289 3
1 1 1406 22
3 13 187 10
3 3 187 10
5 17 286 5
5 5 286 4
5 4 1001 14
5 5 1001 3
18 18 536 4
7 7 1344 18
3 19 200 3
3 3 200 1
3 3 1106 2
5 6 687 13
5 5 687 9
2 12 977 6
2 2 977 7
7 8 522 11
7 7 522 5
9 12 298 6
9 9 298 7
7 0 969 5
7 7 969 3
18 18 353 20
18 18 810 16
18 18 1088 29
4 4 361 1
7 7 257 5
9 9 98 4
9 2 1224 3
9 9 1224 2
12 12 153 3
17 17 1281 19
13 18 1286 11
13 13 1286 8
18 18 701 11
3 14 19 1
3 3 19 1
4 7 931 2
4 4 931 8
5 1 502 8
5 5 502 1
19 17 613 12
19 19 613 6
7 17 1271 4
7 7 1271 8
13 9 939 7
13 13 939 1
3 5 40 7
3 3 40 1
3 7 631 8
3 3 631 3
3 3 970 3
5 7 263 10
5 5 263 12
4 4 1297 1
11 11 669 7
12 12 772 6
9 9 652 1
19 8 1142 3
19 19 1142 10
18 18 607 10
2 2 120 1
6 1 1103 14
6 6 1103 8
5 0 680 11
5 5 680 6
9 9 1376 3
13 19 706 14
13 13 706 3
12 4 923 3
12 12 923 6
15 15 601 13
17 15 74 10
17 17 74 10
2 10 1288 9
2 2 1288 1
2 11 596 4
2 2 596 6
8 8 1140 5
8 8 1310 7
9 9 464 11
11 11 891 23
13 7 1343 1
13 13 1343 1
0 0 61 5
5 5 443 23
5 5 511 17
9 17 1090 6
9 9 1090 3
12 0 684 10
12 12 684 3
19 19 1038 5
19 6 303 11
19 19 303 11
6 6 760 1
10 10 759 12
11 11 89 40
14 14 1352 2
16 16 44 6
4 4 595 13
19 3 254 11
19 19 254 1
4 4 1347 7
3 12 310 5
3 3 310 1
6 6 1094 4
6 6 651 2
7 7 173 44
16 16 386 10
8 8 1151 79
16 3 187 11
16 16 187 8
2 2 994 7
2 10 559 3
2 2 559 1
3 3 327 5
6 12 111 6
6 6 111 12
10 10 553 9
9 5 1274 5
9 9 1274 2
1 1 626 14
19 16 961 5
19 19 961 1
15 15 727 10
13 13 1336 2
2 10 296 4
2 2 296 5
13 1 35 6
13 13 35 10
3 8 1 12
3 3 1 1
5 17 1362 10
5 5 1362 7
6 6 1376 8
12 12 886 1
7 1 388 1
7 7 388 5
7 5 44 2
7 7 44 14
11 2 570 8
11 11 570 2
13 2 104 9
13 13 104 1
0 15 163 3
0 0 163 8
4 12 1248 4
4 4 1248 6
2 2 219 5
8 4 1284 10
8 8 1284 8
5 17 190 13
5 5 190 20
8 8 35 3
7 7 21 6
2 2 930 4
10 10 1425 1
11 11 485 6
12 17 493 3
12 12 493 17
12 8 1351 7
12 12 1351 3
14 3 562 2
14 14 562 3
8 8 1427 5
6 12 642 1
6 6 642 5
8 19 381 10
8 8 381 2
10 10 1376 49
12 6 55 2
12 12 55 4
5 5 1245 7
15 17 687 8
15 15 687 5
18 18 791 8
2 16 1021 5
2 2 1021 9
3 3 332 2
6 10 541 11
6 6 541 2
5 8 555 9
5 5 555 16
12 7 723 1
12 12 723 21
19 19 204 2
2 2 876 5
16 16 670 7
3 3 489 12
0 0 1300 3
5 10 1156 3
5 5 1156 5
0 15 186 10
0 0 186 10
6 10 36 4
6 6 36 6
2 2 799 6
4 3 722 6
4 4 722 2
8 8 832 23
4 4 1294 3
7 7 985 1
13 12 668 1
13 13 668 1
14 14 1370 5
14 14 565 1
18 18 1023 9
18 18 584 2
14 16 569 6
14 14 569 24
13 13 184 1
17 2 1191 12
17 17 1191 22
15 15 692 32
14 17 932 11
14 14 932 2
0 10 403 2
0 0 403 17
19 5 100 12
19 19 100 2
19 15 974 8
19 19 974 7
3 17 437 6
3 3 437 1
5 12 89 8
5 5 89 3
11 5 309 13
11 11 309 21
13 3 9 4
13 13 9 6
19 8 213 11
19 19 213 8
5 11 1161 10
5 5 1161 4
3 3 450 4
4 15 1382 4
4 4 1382 42
13 2 895 6
13 13 895 1
13 17 975 9
13 13 975 5
17 17 1150 27
12 5 1254 12
12 12 1254 2
19 19 1061 14
2 2 1079 18
0 0 1067 10
3 1 595 1
3 3 595 8
3 0 1062 5
3 3 1062 3
13 13 800 4
17 17 1039 3
15 15 507 24
0 0 800 3
0 0 661 1
11 17 550 8
11 11 550 4
4 4 165 4
4 2 1103 14
4 4 1103 18
7 16 615 4
7 7 615 14
7 7 1074 18
14 14 1179 1
14 3 943 10
14 14 943 10
0 0 106 6
19 16 109 6
19 19 109 2
19 17 983 4
19 19 983 5
3 6 442 8
3 3 442 8
8 8 1099 34
9 6 602 10
9 9 602 15
19 10 744 4
19 19 744 14
14 14 1034 6
14 18 176 6
14 14 176 6
16 16 644 17
5 15 1266 6
5 5 1266 5
3 16 926 4
3 3 926 1
8 8 564 40
7 7 499 19
14 14 35 16
13 17 1257 9
13 13 1257 3
18 18 405 38
1 15 587 14
1 1 587 7
5 5 965 3
4 4 29 6
3 9 1071 5
3 3 1071 1
7 6 0 1
7 7 0 2
9 1 1332 4
9 9 1332 16
13 13 857 1
13 5 484 3
13 13 484 6
14 14 466 4
13 5 1146 10
13 13 1146 18
2 0 1396 7
2 2 1396 23
2 2 490 2
0 15 1233 4
0 0 1233 14
1 1 1221 79
5 12 58 6
5 5 58 2
7 3 1067 14
7 7 1067 7
13 12 543 9
13 13 543 6
2 2 533 9
14 6 381 6
14 14 381 28
2 0 563 11
2 2 563 1
3 12 419 5
3 3 419 3
3 7 886 9
3 3 886 4
6 11 518 4
6 6 518 1
8 8 481 12
13 11 59 3
13 13 59 3
17 17 802 3
14 18 801 6
14 14 801 5
18 18 659 2
3 9 903 9
3 3 903 4
3 6 1370 3
3 3 1370 7
6 6 474 6
10 10 771 6
11 11 1171 29
7 11 1282 6
7 7 1282 32
11 11 432 6
12 10 1172 12
12 12 1172 7
19 18 1075 11
19 19 1075 3
12 12 393 3
3 5 138 1
3 3 138 6
13 7 1315 9
13 13 1315 6
6 6 800 19
12 19 68 12
12 12 68 14
12 12 990 30
17 3 407 5
17 17 407 9
2 6 485 5
2 2 485 5
4 4 862 2
14 3 149 12
14 14 149 3
12 12 608 2
17 17 733 16
14 16 953 2
14 14 953 2
0 0 120 27
18 18 891 5
19 14 558 9
19 19 558 2
13 0 1406 8
13 13 1406 2
6 16 1017 6
6 6 1017 1
9 9 580 3
12 8 1084 4
12 12 1084 4
19 13 1406 2
19 19 1406 16
5 18 1413 2
5 5 1413 2
19 19 671 14
5 14 1252 1
5 5 1252 2
3 0 569 10
3 3 569 2
6 0 1351 7
6 6 1351 21
4 4 1363 10
7 5 940 9
7 7 940 19
11 3 425 6
11 11 425 7
12 7 313 14
12 12 313 2
15 15 1002 19
13 17 1051 8
13 13 1051 1
18 18 541 43
19 19 57 1
1 1 1190 3
4 4 694 5
3 3 582 5
5 13 155 4
5 5 155 8
6 6 795 3
15 15 1265 7
14 3 1334 6
14 14 1334 4
17 17 1266 9
12 14 1378 6
12 12 1378 2
0 0 448 76
6 17 170 1
6 6 170 13
11 11 829 1
12 1 543 11
12 12 543 3
14 18 335 12
14 14 335 31
2 11 1273 13
2 2 1273 12
16 16 846 8
2 10 984 13
2 2 984 1
2 2 517 2
3 3 629 2
3 2 868 8
3 3 868 3
7 7 788 5
9 9 589 1
14 17 1055 14
14 14 1055 3
15 15 1431 2
14 3 332 7
14 14 332 3
17 17 170 1
2 2 843 3
3 14 1352 2
3 3 1352 2
7 7 933 7
12 12 304 9
12 12 1162 3
17 17 496 13
0 5 706 1
0 0 706 4
19 15 789 9
19 19 789 2
5 6 351 7
5 5 351 17
9 0 660 4
9 9 660 4
11 2 1052 8
11 11 1052 55
12 18 391 14
12 12 391 2
14 1 423 13
14 14 423 2
10 10 108 14
1 1 1064 25
3 3 265 2
8 14 1030 4
8 8 1030 28
7 1 252 5
7 7 252 5
14 14 1143 14
13 13 213 5
14 2 907 1
14 14 907 13
1 1 376 13
19 14 1011 5
19 19 1011 10
3 14 406 3
3 3 406 6
3 3 703 5
4 9 1202 2
4 4 1202 1
9 9 630 2
15 14 870 4
15 15 870 13
12 14 878 11
12 12 878 7
2 2 281 15
19 19 685 8
5 12 898 6
5 5 898 1
8 8 890 10
13 0 1004 10
13 13 1004 10
17 16 1107 12
17 17 1107 18
1 1 1004 4
1 1 599 27
0 0 729 20
2 7 757 6
2 2 757 4
3 5 225 3
3 3 225 19
8 8 703 53
19 1 1179 11
19 19 1179 12
6 1 658 14
6 6 658 1
13 1 893 6
13 13 893 2
17 17 1260 4
12 12 1296 5
19 19 33 13
1 1 1057 7
6 18 595 12
6 6 595 9
19 4 440 14
19 19 440 1
13 10 515 3
13 13 515 12
14 17 228 12
14 14 228 16
17 17 11 18
2 2 1227 2
19 12 581 10
19 19 581 1
5 5 1305 6
10 10 58 9
12 12 343 4
11 11 1133 6
16 5 333 10
16 16 333 46
14 12 712 7
14 14 712 2
13 4 1344 13
13 13 1344 5
0 0 252 1
19 7 255 7
19 19 255 1
6 6 1320 11
19 5 1021 2
19 19 1021 1
13 8 432 1
13 13 432 5
13 17 501 8
13 13 501 5
4 9 675 3
4 4 675 19
3 10 701 10
3 3 701 2
5 11 796 9
5 5 796 1
15 15 1211 13
19 3 79 11
19 19 79 1
19 10 912 2
19 19 912 12
9 8 393 5
9 9 393 4
6 17 1296 4
6 6 1296 11
7 6 1028 1
7 7 1028 16
12 10 516 2
12 12 516 6
1 0 647 14
1 1 647 25
5 3 1282 11
5 5 1282 2
6 10 1424 2
6 6 1424 3
13 10 88 11
13 13 88 2
2 4 852 12
2 2 852 15
3 1 94 6
3 3 94 1
3 3 1000 6
6 6 884 3
6 6 441 9
13 10 397 6
13 13 397 5
12 12 477 7
13 19 425 13
13 13 425 1
16 19 467 4
16 16 467 6
13 13 1087 1
17 17 1363 9
5 4 1129 11
5 5 1129 5
4 4 231 13
8 8 685 9
12 12 103 3
13 13 879 2
3 14 251 13
3 3 251 3
18 18 1117 10
11 11 641 19
6 5 589 7
6 6 589 6
6 3 150 3
6 6 150 2
6 6 718 1
8 8 697 6
19 10 1330 8
19 19 1330 4
1 1 323 9
4 4 627 10
3 3 832 1
3 7 1303 11
3 3 1303 2
5 3 620 6
5 5 620 7
10 10 403 2
9 9 617 13
6 3 916 11
6 6 916 1
16 16 1057 28
16 7 443 8
16 16 443 24
13 13 1191 1
17 17 150 20
5 5 1112 10
18 18 745 30
19 6 704 14
19 19 704 1
4 4 95 11
15 6 1409 10
15 15 1409 8
5 7 290 1
5 5 290 6
12 12 1198 12
16 16 927 3
14 14 1342 9
3 12 1150 12
3 3 1150 17
7 7 542 9
13 14 872 4
13 13 872 1
3 16 1399 4
3 3 1399 1
15 15 51 7
18 18 373 9
1 1 299 24
2 5 475 12
2 2 475 8
8 8 427 5
5 10 9 2
5 5 9 2
9 9 78 20
10 10 68 19
11 11 862 12
12 12 570 5
12 12 1095 2
5 5 1209 2
4 15 951 2
4 4 951 1
11 11 1109 17
5 18 476 11
5 5 476 6
17 17 143 7
3 16 76 4
3 3 76 7
3 7 515 3
3 3 515 8
3 12 982 8
3 3 982 2
9 4 149 1
9 9 149 7
7 7 902 1
11 11 617 24
13 9 784 9
13 13 784 2
12 12 792 5
12 10 1189 14
12 12 1189 5
0 0 1204 14
2 18 1421 7
2 2 1421 2
13 3 1223 3
13 13 1223 3
2 12 108 13
2 2 108 5
2 7 729 5
2 2 729 1
4 12 664 14
4 4 664 11
6 6 314 1
11 4 710 14
11 11 710 27
12 10 418 7
12 12 418 2
16 16 80 1
2 9 466 9
2 2 466 1
3 16 801 10
3 3 801 8
3 3 1268 5
5 9 717 10
5 5 717 4
15 17 1360 12
15 15 1360 7
10 10 562 2
3 3 1273 3
15 15 1352 2
14 1 309 14
14 14 309 12
6 16 1201 7
6 6 1201 11
3 5 846 3
3 3 846 22
7 8 419 8
7 7 419 9
7 16 878 2
7 7 878 17
16 1 894 14
16 16 894 10
6 3 400 6
6 6 400 4
15 15 1053 1
19 8 775 14
19 19 775 1
16 19 269 12
16 16 269 9
13 0 1066 11
13 13 1066 18
1 1 436 74
2 9 103 10
2 2 103 5
19 14 831 2
19 19 831 15
5 6 880 4
5 5 880 2
19 6 601 7
19 19 601 1
14 5 1202 7
14 14 1202 5
13 18 154 4
13 13 154 5
17 17 1217 5
19 12 940 2
19 19 940 9
4 4 790 19
4 1 355 12
4 4 355 6
3 17 1277 4
3 3 1277 7
6 15 123 2
6 6 123 12
9 13 421 8
9 9 421 3
9 9 120 3
12 8 552 5
12 12 552 2
12 12 1141 2
18 18 246 15
5 5 1382 2
6 18 10 5
6 6 10 7
5 1 253 1
5 5 253 10
11 11 352 22
13 2 647 5
13 13 647 3
13 7 1234 4
13 13 1234 1
5 12 1084 13
5 5 1084 2
3 2 625 7
3 3 625 1
11 15 497 10
11 11 497 2
13 1 1059 5
13 13 1059 3
0 6 281 11
0 0 281 3
0 0 691 3
19 19 401 1
3 4 1109 12
3 3 1109 4
5 19 686 9
5 5 686 1
5 8 889 11
5 5 889 7
16 0 174 1
16 16 174 7
14 19 969 12
14 14 969 47
0 0 392 2
0 19 1314 12
0 0 1314 4
2 15 602 12
2 2 602 1
4 18 362 11
4 4 362 9
3 17 918 1
3 3 918 2
13 6 601 3
13 13 601 5
15 15 789 9
0 0 620 3
5 16 1172 1
5 5 1172 3
8 8 557 7
5 12 501 9
5 5 501 1
10 10 439 3
14 14 118 16
12 5 1219 9
12 12 1219 2
5 5 1237 7
1 1 1398 3
3 13 973 13
3 3 973 3
4 4 1298 4
10 10 717 31
0 0 558 11
2 2 628 4
17 17 1058 1
12 4 1362 1
12 12 1362 2
18 18 1065 3
4 4 885 26
8 8 827 5
5 18 866 7
5 5 866 6
12 12 591 9
12 2 916 12
12 12 916 6
2 2 1289 11
16 16 854 26
19 19 80 2
3 6 1259 2
3 3 1259 9
10 10 914 3
13 15 594 2
13 13 594 3
13 4 1342 5
13 13 1342 1
5 14 1384 3
5 5 1384 2
3 18 1400 13
3 3 1400 4
8 8 1145 5
9 9 1019 2
5 5 541 1
13 15 931 8
13 13 931 4
17 17 1418 5
3 3 168 2
3 9 639 14
3 3 639 6
5 5 180 5
5 3 986 8
5 5 986 15
9 16 177 4
9 9 177 2
11 11 1230 33
13 12 820 8
13 13 820 4
12 0 828 1
12 12 828 13
3 3 1091 9
13 2 465 2
13 13 465 9
0 0 93 1
12 10 582 14
12 12 582 1
15 15 1258 7
17 17 66 5
0 0 390 2
19 19 963 1
3 4 797 12
3 3 797 1
3 10 1232 4
3 3 1232 2
9 9 550 5
15 15 798 6
12 19 136 9
12 12 136 6
3 2 56 1
3 3 56 1
2 2 1203 6
3 13 1377 9
3 3 1377 4
7 7 1252 9
4 4 724 9
5 19 674 11
5 5 674 6
0 0 664 4
2 2 75 2
2 10 692 9
2 2 692 2
12 11 48 14
12 12 48 1
1 1 257 1
3 3 770 10
7 7 826 15
10 10 106 2
12 9 135 13
12 12 135 1
13 13 15 6
12 1 1049 3
12 12 1049 2
3 12 98 5
3 3 98 1
13 0 666 2
13 13 666 2
4 2 588 1
4 4 588 7
3 3 1382 4
5 1 955 7
5 5 955 4
10 2 416 10
10 10 416 7
9 9 1139 4
16 16 1138 11
16 16 396 12
19 19 316 7
8 8 1292 1
8 8 662 15
5 13 972 14
5 5 972 5
9 15 1289 6
9 9 1289 23
13 2 806 2
13 13 806 9
19 13 1164 2
19 19 1164 8
2 9 66 12
2 2 66 9
5 2 55 11
5 5 55 2
5 6 642 5
5 5 642 8
17 19 1177 1
17 17 1177 1
19 19 82 2
13 12 748 6
13 13 748 16
15 15 1293 2
15 15 1272 18
14 5 368 12
14 14 368 5
9 6 749 11
9 9 749 8
8 3 190 9
8 8 190 3
11 8 308 8
11 11 308 1
13 12 1321 4
13 13 1321 5
2 6 315 7
2 2 315 8
1 1 1313 14
4 4 587 1
3 1 920 6
3 3 920 6
8 16 67 14
8 8 67 4
12 9 269 1
12 12 269 3
14 19 89 13
14 14 89 9
13 4 1263 10
13 13 1263 12
18 18 100 3
19 14 325 5
19 19 325 16
3 8 594 10
3 3 594 1
9 9 1227 29
8 8 1135 5
13 13 660 6
12 12 809 3
13 7 1088 4
13 13 1088 5
0 0 662 2
0 0 1278 9
6 14 637 7
6 6 637 5
5 15 651 12
5 5 651 21
5 2 838 13
5 5 838 5
14 14 1278 2
8 8 1088 11
10 10 1299 2
14 14 1176 3
15 15 1290 3
18 18 663 19
16 16 161 13
3 19 880 12
3 3 880 6
6 15 524 7
6 6 524 17
8 8 507 16
8 8 1246 38
13 19 630 8
13 13 630 2
5 19 430 3
5 5 430 7
19 11 221 3
19 19 221 7
2 2 895 6
3 17 119 1
3 3 119 4
4 16 911 2
4 4 911 11
5 16 466 7
5 5 466 7
5 5 941 8
7 7 498 1
19 2 619 9
19 19 619 2
16 16 1120 18
13 13 402 20
14 12 740 4
14 14 740 17
18 5 1269 3
18 18 1269 4
2 2 750 2
3 7 603 4
3 3 603 7
7 5 974 10
7 7 974 11
17 17 1373 17
16 16 990 1
19 19 1178 1
3 3 1215 10
5 10 847 14
5 5 847 2
9 9 62 2
7 7 607 1
14 7 322 2
14 14 322 8
15 15 112 3
19 2 117 4
19 19 117 1
19 15 552 1
19 19 552 2
2 2 560 3
17 17 531 13
4 4 1222 1
7 17 1211 2
7 7 1211 10
14 14 184 5
15 15 225 26
2 2 1175 17
1 1 1331 5
6 3 1272 1
6 6 1272 7
6 6 918 13
12 3 259 10
12 12 259 10
9 13 785 11
9 9 785 8
2 14 1030 2
2 2 1030 2
4 7 106 7
4 4 106 3
9 8 214 8
9 9 214 24
10 10 300 74
15 15 541 12
16 16 981 9
19 0 13 9
19 19 13 1
19 3 448 2
19 19 448 16
3 7 282 7
3 3 282 4
11 11 1392 14
13 1 162 3
13 13 162 12
12 12 942 1
2 15 405 11
2 2 405 9
17 17 1336 7
9 8 509 14
9 9 509 15
14 9 1045 3
14 14 1045 10
15 15 1417 14
16 16 149 5
13 16 1364 13
13 13 1364 3
19 8 235 2
19 19 235 15
2 10 881 14
2 2 881 14
4 4 544 1
15 15 1339 3
6 17 543 7
6 6 543 5
15 15 416 18
3 9 130 10
3 3 130 8
1 1 580 3
14 13 632 2
14 14 632 7
3 3 645 29
6 6 727 18
7 7 113 17
9 7 658 2
9 9 658 2
11 11 687 23
16 16 1261 21
19 0 1192 12
19 19 1192 10
0 0 1403 11
19 19 892 5
3 13 259 9
3 3 259 2
13 11 182 11
13 13 182 2
7 7 315 9
19 12 1341 13
19 19 1341 2
13 5 528 14
13 13 528 12
17 1 1343 3
17 17 1343 20
15 17 1244 13
15 15 1244 2
15 15 651 2
1 3 691 8
1 1 691 20
2 16 985 10
2 2 985 3
19 9 1005 14
19 19 1005 2
3 4 400 14
3 3 400 6
3 14 871 3
3 3 871 9
6 6 1009 2
5 16 631 13
5 5 631 4
7 7 328 14
6 8 696 1
6 6 696 4
10 10 1183 1
12 12 162 12
7 7 739 24
6 3 1343 13
6 6 1343 1
19 5 1376 6
19 19 1376 9
12 2 894 1
12 12 894 10
19 12 1088 13
19 19 1088 7
2 17 142 8
2 2 142 17
5 17 1149 1
5 5 1149 6
3 3 590 4
13 12 45 14
13 13 45 6
5 1 350 10
5 5 350 1
11 11 1297 32
11 11 676 3
14 16 1221 3
14 14 1221 14
16 16 1252 5
12 5 342 6
12 12 342 1
18 18 1137 33
5 15 1422 9
5 5 1422 7
19 5 441 2
19 19 441 7
9 9 740 3
6 6 942 17
18 18 161 16
5 19 1311 1
5 5 1311 3
4 2 1203 6
4 4 1203 16
7 7 780 4
16 16 1085 15
13 1 709 5
13 13 709 5
14 3 827 6
14 14 827 6
1 12 549 11
1 1 549 5
0 0 555 3
2 7 278 10
2 2 278 1
3 0 83 10
3 3 83 7
6 6 1261 1
10 10 374 12
16 16 1100 19
12 9 885 4
12 12 885 1
12 0 1154 11
12 12 1154 2
19 15 358 11
19 19 358 2
6 7 705 7
6 6 705 7
6 9 351 2
6 6 351 7
13 13 892 1
9 9 779 6
15 15 39 2
19 19 1206 8
19 19 471 6
3 18 369 13
3 3 369 3
3 19 708 12
3 3 708 3
5 4 29 7
5 5 29 17
18 18 1170 11
7 1 579 4
7 7 579 1
12 19 193 11
12 12 193 6
15 15 84 28
19 19 145 10
3 1 1320 7
3 3 1320 3
6 0 52 14
6 6 52 1
10 10 1153 6
13 12 915 14
13 13 915 2
12 16 669 8
12 12 669 9
0 0 253 10
19 13 693 5
19 19 693 2
8 8 1358 47
3 3 994 6
9 9 353 18
3 19 1087 8
3 3 1087 4
12 12 295 9
14 1 7 9
14 14 7 6
16 16 930 2
19 7 802 10
19 19 802 3
5 9 1135 8
5 5 1135 4
6 6 1143 10
5 12 245 14
5 5 245 2
7 4 92 3
7 7 92 5
9 9 171 6
14 11 594 1
14 14 594 8
2 13 51 5
2 2 51 6
6 14 1030 10
6 6 1030 25
5 0 721 5
5 5 721 7
7 7 294 12
10 11 518 4
10 10 518 22
12 11 248 12
12 12 248 5
12 1 1106 5
12 12 1106 16
19 17 1324 12
19 19 1324 2
19 12 589 2
19 19 589 2
16 16 677 19
5 9 407 9
5 5 407 7
11 11 944 46
12 16 660 10
12 12 660 3
1 1 567 5
0 0 569 5
19 3 698 5
19 19 698 1
6 1 1312 1
6 6 1312 8
19 19 624 9
17 17 919 24
13 0 1086 13
13 13 1086 1
1 1 416 20
18 5 586 7
18 18 586 16
0 0 1053 8
2 13 708 6
2 2 708 2
6 19 959 4
6 6 959 6
12 2 1287 2
12 12 1287 9
2 8 1323 8
2 2 1323 20
19 11 46 2
19 19 46 4
2 2 10 2
4 1 188 6
4 4 188 8
6 6 647 4
13 13 255 4
12 5 1097 14
12 12 1097 4
14 16 925 7
14 14 925 4
13 13 739 9
2 13 368 9
2 2 368 5
2 7 957 3
2 2 957 5
3 8 57 14
3 3 57 2
5 0 1290 13
5 5 1290 6
8 8 1058 12
5 19 400 6
5 5 400 3
7 15 428 6
7 7 428 9
10 10 1203 33
2 15 1101 2
2 2 1101 16
19 19 707 9
3 3 976 6
7 7 904 4
14 14 1387 3
15 15 982 20
19 2 63 12
19 19 63 2
3 7 215 14
3 3 215 7
3 3 1121 3
4 14 1137 6
4 4 1137 3
17 17 1059 10
16 16 1403 16
12 12 420 3
0 11 420 1
0 0 420 8
4 12 382 11
4 4 382 20
5 5 707 4
19 18 1272 12
19 19 1272 12
10 10 1323 15
13 0 557 1
13 13 557 2
12 12 1088 3
3 8 501 6
3 3 501 14
6 2 980 8
6 6 980 9
5 5 596 6
12 9 650 8
12 12 650 10
13 19 1386 12
13 13 1386 11
19 3 277 1
19 19 277 4
9 9 148 1
5 5 1389 3
13 12 474 3
13 13 474 7
17 17 1300 36
5 15 224 1
5 5 224 4
5 19 699 8
5 5 699 4
6 16 315 1
6 6 315 6
11 13 1042 10
11 11 1042 10
16 16 81 1
16 11 550 4
16 16 550 25
19 7 1234 3
19 19 1234 9
0 0 992 5
2 2 467 3
5 4 1296 1
5 5 1296 2
19 15 934 2
19 19 934 6
3 5 365 7
3 3 365 2
3 12 800 12
3 3 800 1
6 16 572 5
6 6 572 11
7 6 1138 2
7 7 1138 2
19 0 811 12
19 19 811 20
19 9 1347 11
19 19 1347 1
2 13 911 6
2 2 911 9
5 13 1185 6
5 5 1185 2
5 11 1404 2
5 5 1404 4
6 1 1402 4
6 6 1402 3
3 0 1284 6
3 3 1284 4
10 10 841 1
10 17 386 5
10 10 386 9
9 9 1434 3
13 6 951 14
13 13 951 11
18 18 15 45
19 15 282 6
19 19 282 3
2 2 830 13
3 13 180 4
3 3 180 2
3 11 523 10
3 3 523 30
8 8 756 23
4 4 186 2
19 18 846 2
19 19 846 12
12 12 1386 19
3 3 197 1
5 17 233 6
5 5 233 7
6 18 233 13
6 6 233 7
19 13 5 10
19 19 5 7
9 9 238 16
7 0 527 1
7 7 527 5
11 11 133 6
16 16 1385 18
0 0 829 19
15 15 1182 5
19 19 1243 10
2 0 426 2
2 2 426 14
1 1 1029 2
3 3 809 1
3 10 1276 1
3 3 1276 1
0 0 1249 29
12 16 156 5
12 12 156 6
13 6 234 6
13 13 234 18
8 8 523 10
17 17 239 1
18 13 1293 1
18 18 1293 4
4 4 1380 2
6 8 1405 9
6 6 1405 14
3 3 1293 10
9 9 1110 29
12 13 371 10
12 12 371 3
12 12 1221 3
14 15 684 8
14 14 684 1
5 13 1083 4
5 5 1083 1
6 6 1292 4
19 5 485 10
19 19 485 6
7 11 1015 5
7 7 1015 13
13 7 769 11
13 13 769 5
12 15 1364 6
12 12 1364 12
13 8 1058 12
13 13 1058 1
1 3 985 1
1 1 985 4
2 8 680 14
2 2 680 12
4 4 196 3
5 5 210 8
6 19 309 14
6 6 309 1
15 0 1320 11
15 15 1320 10
2 2 603 5
8 8 900 1
5 13 574 3
5 5 574 6
10 10 549 3
13 2 600 3
13 13 600 1
16 7 222 2
16 16 222 6
14 14 889 6
18 18 1284 9
19 19 622 2
4 4 506 6
0 0 103 3
10 10 1111 5
16 16 408 33
13 5 1226 11
13 13 1226 8
2 5 199 11
2 2 199 6
2 2 816 4
3 7 162 11
3 3 162 3
4 4 1424 2
17 0 878 14
17 17 878 35
14 17 1351 12
14 14 1351 1
1 1 389 10
2 9 675 4
2 2 675 5
16 16 583 36
6 12 662 4
6 6 662 3
0 0 1013 1
4 4 1219 3
2 6 1001 8
2 2 1001 3
4 7 338 4
4 4 338 17
11 18 787 4
11 11 787 18
19 19 594 2
15 10 927 9
15 15 927 9
5 7 1215 6
5 5 1215 3
2 2 1209 14
2 16 920 7
2 2 920 7
9 9 1048 28
3 2 835 8
3 3 835 3
9 9 1018 1
6 17 989 9
6 6 989 13
13 12 1219 2
13 13 1219 4
5 0 985 7
5 5 985 1
11 8 660 2
11 11 660 2
11 7 494 5
11 11 494 3
12 12 1354 1
19 19 1153 2
1 1 65 10
2 2 113 4
14 15 1280 10
14 14 1280 2
3 3 312 12
2 2 94 9
8 8 141 7
0 0 22 12
12 12 583 6
15 11 672 7
15 15 672 7
1 2 271 10
1 1 271 7
19 18 527 9
19 19 527 1
19 4 962 3
19 19 962 1
6 19 109 9
6 6 109 2
13 5 21 4
13 13 21 5
17 18 655 8
17 17 655 40
13 15 1334 5
13 13 1334 2
2 2 1200 1
6 4 276 12
6 6 276 6
11 8 1129 11
11 11 1129 4
11 9 572 8
11 11 572 13
12 7 280 14
12 12 280 12
12 12 1325 2
9 9 715 12
1 1 41 24
3 8 144 4
3 3 144 2
3 3 615 10
8 8 859 31
5 10 375 11
5 5 375 2
11 8 1222 9
11 11 1222 8
14 7 1361 10
14 14 1361 7
19 5 858 14
19 19 858 8
3 14 289 6
3 3 289 7
8 8 383 15
6 17 286 13
6 6 286 6
6 6 1307 5
9 11 1168 3
9 9 1168 9
12 12 49 6
13 0 328 3
13 13 328 16
14 14 366 2
19 14 1271 7
19 19 1271 1
19 0 97 6
19 19 97 2
3 4 334 1
3 3 334 5
5 5 94 3
16 16 195 22
17 17 203 36
16 16 955 11
19 19 206 5
1 1 1327 4
4 3 922 14
4 4 922 4
4 8 471 10
4 4 471 7
18 18 390 15
6 2 503 14
6 6 503 15
13 16 980 10
13 13 980 6
19 19 981 2
14 10 87 4
14 14 87 2
7 14 455 11
7 7 455 3
2 3 797 13
2 2 797 2
3 3 153 8
8 8 1293 17
5 13 368 3
5 5 368 4
9 9 793 15
9 13 885 7
9 9 885 4
16 16 1341 2
8 8 931 6
15 15 1098 5
14 13 454 4
14 14 454 12
1 1 805 13
15 15 1149 16
5 10 543 6
5 5 543 4
2 2 652 14
4 4 184 2
3 19 1200 14
3 3 1200 14
9 9 1177 5
12 13 629 3
12 12 629 14
5 5 343 5
2 1 393 6
2 2 393 6
19 19 541 1
4 4 335 3
19 3 381 3
19 19 381 1
5 7 530 12
5 5 530 6
7 7 359 6
11 9 1143 8
11 11 1143 10
12 8 191 2
12 12 191 2
12 12 708 2
12 12 1041 8
1 18 711 8
1 1 711 2
19 13 650 10
19 19 650 3
5 14 1271 11
5 5 1271 1
4 7 478 6
4 4 478 28
5 7 931 2
5 5 931 3
10 8 799 1
10 10 799 13
11 11 554 6
7 7 1237 1
11 18 388 2
11 11 388 33
13 13 973 2
13 13 1262 1
5 5 377 3
13 5 279 2
13 13 279 4
9 10 894 2
9 9 894 2
12 4 413 2
12 12 413 5
19 19 1172 6
1 1 84 5
5 19 650 4
5 5 650 1
11 11 1349 43
17 17 1182 9
14 14 1185 3
18 18 775 11
7 7 1324 4
13 8 676 5
13 13 676 11
7 7 348 7
10 10 448 19
9 9 600 2
13 17 629 10
13 13 629 1
14 14 182 2
13 15 1174 8
13 13 1174 5
13 0 1313 7
13 13 1313 2
1 1 131 34
8 8 71 12
3 9 118 13
3 3 118 1
4 4 453 1
7 13 1234 10
7 7 1234 3
11 11 445 1
17 17 952 32
14 11 666 3
14 14 666 18
18 2 92 2
18 18 92 1
2 13 162 12
2 2 162 5
1 5 1194 4
1 1 1194 27
5 5 151 4
7 5 2 9
7 7 2 19
7 7 291 1
13 8 652 7
13 13 652 8
14 14 1322 11
13 2 482 8
13 13 482 2
16 16 991 4
18 18 1007 11
3 19 276 1
3 3 276 2
6 12 1056 4
6 6 1056 28
3 7 1214 9
3 3 1214 1
5 10 755 4
5 5 755 3
5 0 846 11
5 5 846 1
19 0 1264 14
19 19 1264 1
11 11 193 6
13 13 371 4
15 15 115 1
1 1 672 10
6 6 142 8
12 5 922 2
12 12 922 1
4 4 1223 1
17 17 800 2
14 14 807 17
18 18 657 2
4 5 119 9
4 4 119 31
5 13 474 10
5 5 474 2
5 8 917 14
5 5 917 7
11 11 600 4
13 13 151 3
13 10 1248 8
13 13 1248 5
0 0 1083 9
4 17 6 5
4 4 6 23
5 5 144 7
8 8 193 1
7 7 966 3
14 14 254 10
13 17 283 8
13 13 283 19
19 19 12 1
3 3 430 1
17 17 1069 27
8 5 283 13
8 8 283 19
9 9 761 12
12 16 610 9
12 12 610 19
12 8 943 10
12 12 943 33
15 18 653 8
15 15 653 10
4 4 1226 9
19 15 1353 14
19 19 1353 18
10 10 498 20
11 11 346 6
12 10 753 6
12 12 753 1
14 4 757 2
14 14 757 1
1 1 554 11
7 9 736 7
7 7 736 3
2 15 846 12
2 2 846 5
4 12 545 1
4 4 545 2
3 1 571 1
3 3 571 11
4 9 1373 6
4 4 1373 1
19 18 58 2
19 19 58 5
12 12 315 27
14 0 51 10
14 14 51 3
17 17 509 4
5 8 1139 11
5 5 1139 10
14 17 1219 9
14 14 1219 1
12 12 983 7
0 0 823 6
13 1 1360 11
13 13 1360 4
5 12 1412 2
5 5 1412 1
19 19 438 2
9 9 404 12
13 16 378 8
13 13 378 3
13 13 527 1
13 13 218 16
13 9 357 14
13 13 357 7
0 1 113 12
0 0 113 2
19 3 569 13
19 19 569 10
4 12 291 4
4 4 291 3
8 8 604 11
6 5 625 10
6 6 625 12
12 12 744 9
19 7 56 2
19 19 56 1
13 6 142 11
13 13 142 8
3 18 1015 3
3 3 1015 12
6 6 897 6
19 3 477 12
19 19 477 1
11 15 29 14
11 11 29 1
10 15 1135 10
10 10 1135 18
15 15 1021 17
14 3 623 6
14 14 623 9
18 18 1247 6
19 0 791 12
19 19 791 4
4 0 244 9
4 4 244 1
3 1 1028 3
3 3 1028 3
0 0 394 9
7 7 564 3
11 11 679 8
12 12 116 1
15 15 1207 4
13 13 1123 11
2 2 62 4
5 1 1421 7
5 5 1421 1
5 9 19 1
5 5 19 6
13 7 375 4
13 13 375 2
11 11 820 7
15 15 804 6
18 18 158 3
1 1 1428 6
7 7 58 4
7 15 730 7
7 7 730 4
10 10 1159 24
17 17 350 41
13 9 1349 12
13 13 1349 11
19 4 1422 2
19 19 1422 2
2 16 279 10
2 2 279 2
3 3 553 2
6 18 1335 4
6 6 1335 8
5 7 896 8
5 5 896 2
13 10 437 11
13 13 437 4
13 13 1408 6
5 5 139 4
16 9 1244 12
16 16 1244 8
14 17 428 9
14 14 428 9
17 17 120 6
5 9 536 14
5 5 536 5
2 2 57 3
3 15 711 14
3 3 711 5
10 10 540 5
6 1 712 2
6 6 712 6
8 8 1133 2
1 1 1104 7
3 19 1323 13
3 3 1323 6
6 5 53 4
6 6 53 3
12 9 822 6
12 12 822 2
15 15 850 8
17 17 343 7
15 15 196 20
9 9 590 6
14 0 566 12
14 14 566 1
3 9 91 11
3 3 91 3
3 4 558 7
3 3 558 6
4 4 416 2
4 8 1354 4
4 4 1354 3
11 11 1201 4
12 4 1210 9
12 12 1210 1
13 13 1028 4
18 18 955 27
19 11 366 8
19 19 366 15
19 19 805 6
5 5 1134 1
6 6 1140 3
19 7 425 12
19 19 425 8
5 18 794 5
5 5 794 2
12 12 106 2
12 0 439 9
12 12 439 38
12 18 1020 12
12 12 1020 17
17 17 558 38
18 18 661 2
19 19 1214 2
0 0 1345 13
3 2 716 14
3 3 716 2
7 7 289 2
13 13 197 16
15 15 810 5
15 15 737 52
16 16 577 6
19 15 1327 3
19 19 1327 3
5 3 1205 10
5 5 1205 4
3 13 390 12
3 3 390 9
4 8 1426 1
10 10 861 14
10 10 406 9
7 7 712 4
4 4 835 4
3 1 64 1
3 3 64 11
6 6 874 10
10 10 812 29
9 9 828 22
19 5 699 12
19 19 699 5
13 13 796 2
12 13 868 2
12 12 868 10
5 16 1111 9
5 5 1111 1
3 3 676 9
3 14 1147 10
3 3 1147 3
5 3 771 9
5 5 771 13
9 6 653 12
9 9 653 3
12 12 97 5
13 12 1422 13
19 15 1223 1
19 19 1223 2
0 0 1165 5
8 14 19 12
8 8 19 16
3 2 821 9
3 3 821 9
7 7 229 23
10 10 91 8
11 11 238 22
14 13 244 11
14 14 244 9
16 15 243 8
16 16 243 2
16 16 696 21
2 16 1243 9
2 2 1243 30
0 0 898 3
19 14 99 11
19 19 99 1
4 15 637 14
4 4 637 2
3 18 399 6
3 3 399 1
3 3 1305 11
7 7 1092 5
11 16 936 10
11 11 936 8
13 3 900 14
13 13 900 5
12 17 1241 14
12 12 1241 1
2 11 1098 11
2 2 1098 3
2 4 224 7
2 2 224 24
8 8 1405 9
14 14 1384 1
16 16 913 4
5 5 879 1
2 13 732 5
2 2 732 9
3 7 685 5
3 3 685 2
6 3 321 11
6 6 321 1
18 18 1033 32
13 13 870 2
12 4 1343 4
12 12 1343 8
19 0 1228 3
19 19 1228 5
5 1 706 7
5 5 706 1
7 10 1140 13
7 7 1140 3
6 0 1002 2
6 6 1002 7
14 14 869 3
12 8 130 11
12 12 130 5
1 1 346 14
2 0 328 3
2 2 328 29
19 3 602 13
19 19 602 8
3 11 674 13
3 3 674 2
18 18 60 19
9 13 266 8
9 9 266 3
18 18 1086 1
14 14 110 8
6 8 775 14
6 6 775 19
16 15 717 10
16 16 717 31
3 16 984 7
3 3 984 2
6 13 868 5
6 6 868 6
9 9 814 8
11 11 62 27
13 5 782 10
13 13 782 2
15 15 1123 1
16 16 904 7
2 2 1419 2
4 4 560 5
1 1 100 25
6 1 674 8
6 6 674 22
7 12 418 8
7 7 418 1
11 11 1333 6
13 8 159 14
13 13 159 1
16 16 82 2
15 17 58 13
15 15 58 26
18 18 1408 5
16 16 1224 16
4 4 809 4
5 2 112 8
5 5 112 5
9 19 117 12
9 9 117 3
9 9 1219 5
13 13 549 3
15 15 1354 4
12 6 1144 9
12 12 1144 5
14 14 876 13
2 5 323 9
2 2 323 5
2 2 908 3
4 4 952 2
6 6 17 10
0 0 428 7
16 16 880 1
15 15 216 9
19 19 285 4
19 3 720 8
19 19 720 9
6 6 1290 2
13 4 940 9
13 13 940 3
5 9 1005 13
5 5 1005 18
9 9 156 12
9 9 855 16
7 7 140 1
12 12 785 1
16 16 911 2
9 10 757 14
9 9 757 4
1 1 125 6
3 3 1134 9
15 15 596 5
0 16 435 6
0 0 435 13
8 8 316 36
0 0 1170 30
9 9 427 8
14 4 1220 2
14 14 1220 1
13 2 606 2
13 13 606 5
12 14 554 11
12 12 554 6
12 11 1143 10
12 12 1143 1
5 14 275 9
5 5 275 4
0 0 34 27
3 16 47 3
3 3 47 9
3 3 953 16
5 9 394 3
5 5 394 6
5 4 581 2
5 5 581 9
11 17 520 11
11 11 520 2
13 11 943 1
13 13 943 8
15 5 959 6
15 15 959 14
14 0 685 14
14 14 685 5
0 0 209 43
2 2 205 10
19 4 729 4
19 19 729 3
4 4 54 38
3 8 267 2
3 3 267 2
3 15 1061 13
3 3 1061 1
11 11 499 6
13 9 459 5
13 13 459 6
17 17 626 13
19 12 1138 3
19 19 1138 1
18 8 1068 5
18 18 1068 18
3 19 205 1
3 3 205 1
7 13 519 8
7 7 519 3
9 9 1404 5
16 16 1377 8
4 4 699 12
19 17 512 1
19 19 512 15
3 15 346 13
3 3 346 2
8 8 901 3
4 2 1278 7
4 4 1278 8
7 7 660 2
11 11 839 21
12 12 148 5
16 16 1343 34
13 15 1283 10
13 13 1283 3
3 9 20 14
3 3 20 20
6 11 345 1
6 6 345 6
5 19 590 4
5 5 590 3
6 6 1419 5
0 0 355 35
17 17 416 1
19 9 734 6
19 19 734 3
3 3 165 2
8 8 56 7
14 14 551 8
13 19 1164 8
13 13 1164 2
18 0 602 11
18 18 602 5
19 19 408 8
5 2 218 1
5 5 218 6
9 4 31 4
9 9 31 3
10 12 151 2
10 10 151 25
17 17 1390 28
16 11 115 14
16 16 115 34
0 0 1014 26
0 16 1339 2
0 0 1339 6
5 4 107 4
5 5 107 5
5 7 550 14
5 5 550 5
7 7 379 9
17 17 834 12
14 17 268 2
14 14 268 8
13 13 1340 2
0 0 613 7
3 3 935 1
11 11 1139 4
7 7 1314 10
5
17 7 311
9 4 167
16 8 690
6 0 662
9 3 375
