100 287
58 1
25 90
29 66
85 74
18 71
97 19
38 85
18 7
0 3
53 21
6 63
82 93
30 96
17 98
82 43
15 92
83 87
39 36
62 60
21 14
78 38
12 18
11 93
53 39
39 38
85 39
86 59
64 66
94 80
89 5
40 58
50 58
59 45
28 79
15 6
84 2
91 71
78 53
27 28
53 38
51 72
36 39
90 67
34 95
31 48
74 38
67 90
29 23
76 43
0 92
28 6
34 45
63 0
48 36
73 15
34 22
72 29
7 18
81 77
36 85
12 23
0 69
5 25
52 71
23 16
1 58
20 98
94 5
73 44
91 7
26 48
32 80
4 75
28 84
37 68
76 43
17 62
79 84
86 95
85 57
75 4
45 96
77 9
9 33
84 28
6 69
35 97
9 17
10 72
86 95
8 88
3 73
69 63
40 91
93 76
71 52
17 62
65 88
63 73
73 68
99 74
43 87
59 22
16 23
55 65
49 24
84 2
95 30
2 56
76 13
5 80
27 79
10 4
15 69
16 35
57 14
52 42
20 62
33 60
98 81
9 61
11 83
7 50
61 17
92 44
46 64
36 26
33 20
9 20
4 46
98 62
2 56
5 25
32 80
96 22
85 48
58 42
22 59
7 23
49 64
21 99
65 8
74 38
54 26
99 57
42 50
47 19
33 61
90 80
35 88
80 44
30 96
89 94
24 51
62 77
14 99
93 11
71 58
36 85
25 41
50 71
38 85
31 26
86 95
80 41
43 82
92 15
88 55
57 39
23 47
44 15
77 81
81 75
54 39
40 12
88 19
61 98
41 89
66 75
39 99
20 61
80 25
47 88
14 31
70 83
4 46
40 52
91 71
22 95
87 77
34 95
26 54
24 64
15 3
44 6
68 3
96 45
8 47
29 10
54 14
21 94
55 8
21 48
82 13
30 95
48 14
42 12
30 45
71 40
52 91
99 36
97 35
39 78
71 40
2 84
83 70
95 86
6 63
32 94
29 51
33 40
72 29
13 87
0 73
69 37
56 27
87 82
75 46
64 72
22 45
19 35
4 49
83 82
79 84
66 49
50 1
51 49
96 86
60 98
12 91
16 8
95 59
65 55
3 92
6 69
56 16
7 18
63 0
13 76
24 51
46 24
44 6
23 97
28 2
81 98
67 32
45 34
52 91
63 68
67 32
45 34
23 8
75 10
56 79
8 23
82 87
47 16
68 73
53 36
75 29
41 90
81 62
16 97
22 30
60 52
24 29
69 73
37 68
72 75
37 0
12 42
64 24
70 13
17 9
11 93
66 24
32 90
