100 278
90 16
83 77
92 33
51 80
61 48
82 95
8 69
7 1
95 67
49 75
26 15
29 24
5 53
91 30
14 60
95 82
81 55
38 18
0 40
67 76
58 76
92 94
46 4
88 87
3 97
70 97
65 74
24 2
80 73
30 14
40 52
40 83
65 41
91 86
1 18
56 67
76 67
25 66
54 44
78 63
6 0
18 47
7 99
66 73
38 32
47 49
49 17
22 37
53 41
48 78
59 26
52 77
35 82
36 86
23 26
75 62
1 99
23 68
94 90
20 70
78 48
14 30
33 28
32 99
74 53
97 3
32 1
56 61
62 47
69 0
86 74
44 1
63 21
36 86
15 72
96 66
57 65
12 78
93 36
34 16
10 40
19 97
28 49
33 28
42 10
87 50
47 84
52 64
80 66
88 50
42 8
60 91
19 25
74 34
60 36
87 24
43 39
53 90
49 61
94 92
67 71
6 69
0 6
67 35
59 15
74 82
7 1
12 21
94 28
51 19
64 41
13 18
17 11
82 35
93 36
62 17
71 58
76 35
18 45
2 29
46 96
36 30
70 66
68 89
43 48
77 0
41 90
11 47
77 64
43 48
85 18
94 33
32 1
38 44
85 7
60 93
40 64
80 20
23 59
28 94
24 88
31 34
72 59
17 33
57 45
36 91
30 86
73 3
37 57
82 67
44 32
37 22
41 22
79 86
50 29
21 56
73 66
50 88
61 43
75 49
84 33
98 12
39 78
42 64
67 76
82 58
29 81
16 5
69 77
21 56
99 13
84 28
96 80
44 13
56 27
61 12
66 96
74 31
27 61
39 98
68 23
19 20
47 62
48 63
66 20
45 37
90 24
23 37
70 66
7 31
86 14
20 4
27 63
2 9
84 94
1 18
33 92
66 3
68 89
15 26
61 27
72 26
15 23
5 37
44 7
78 61
81 9
83 6
45 34
25 70
30 60
54 38
73 97
57 25
62 92
58 82
11 75
46 20
9 2
68 89
4 73
89 15
25 80
47 11
89 23
5 22
64 69
26 23
34 22
13 18
54 85
76 82
32 99
57 31
4 19
91 79
42 6
69 83
90 16
83 40
10 8
16 65
11 62
9 88
64 42
55 29
1 54
58 71
97 70
8 52
6 69
45 74
5 37
87 24
48 12
13 85
99 44
96 46
31 45
89 68
2 9
87 24
75 33
64 42
18 38
34 90
3 51
56 48
49 84
22 65
98 27
55 87
63 48
3 29
85 84
28 11
71 58
98 39
