100 293
8 70
4 63
49 53
40 7
52 11
90 74
57 91
18 58
28 39
51 94
81 68
5 67
23 52
27 7
74 72
82 21
7 47
34 96
21 69
7 40
86 36
0 23
90 48
35 45
65 33
27 31
91 57
21 95
34 59
25 39
70 11
64 41
68 97
88 92
31 47
18 73
9 18
55 67
85 79
75 20
44 96
34 38
66 40
68 10
72 35
84 42
63 81
5 94
32 9
98 44
33 89
83 76
48 26
71 22
75 49
2 92
96 59
87 99
76 95
56 60
77 29
43 64
61 76
92 97
33 29
60 56
25 13
71 93
94 71
97 1
51 5
19 75
23 0
43 99
3 64
78 57
30 74
12 2
79 50
15 8
76 80
26 45
60 85
59 85
11 53
45 72
15 65
61 76
98 34
4 68
22 51
46 95
95 21
43 25
27 7
2 63
35 48
67 94
14 54
80 82
92 97
26 45
21 62
61 83
24 66
24 31
41 87
95 76
41 6
79 85
63 1
84 67
50 44
26 30
12 97
73 15
66 40
86 55
80 76
39 13
18 53
96 44
20 65
68 2
20 37
25 6
0 32
19 15
21 16
16 80
69 61
31 66
24 40
89 77
81 4
20 37
32 20
97 92
88 97
94 45
9 18
6 99
13 43
0 73
93 14
37 20
14 36
65 89
57 91
85 60
53 23
40 27
45 90
77 37
49 75
71 94
11 49
78 91
38 44
36 67
28 3
54 22
17 46
90 72
42 22
73 9
47 27
36 71
87 99
8 9
62 16
94 51
47 40
30 74
83 17
84 14
62 21
7 47
52 53
82 61
6 3
58 75
3 43
85 79
4 88
6 99
95 76
92 63
75 0
62 61
74 90
29 33
55 84
5 51
52 58
51 67
99 39
19 53
57 91
24 7
67 14
54 51
65 20
63 1
78 57
48 35
3 25
35 26
4 10
69 21
69 21
22 14
33 37
66 7
50 60
96 56
34 59
47 24
60 98
48 74
0 18
41 64
8 53
27 47
61 83
80 62
10 1
40 31
57 78
1 10
59 11
25 87
82 62
97 81
20 77
87 6
22 14
50 38
62 61
94 37
90 48
43 3
56 60
73 53
10 12
64 43
66 24
73 58
74 45
18 73
70 73
13 28
70 52
87 43
58 19
8 32
93 55
53 58
50 56
30 26
39 64
40 27
91 57
88 1
16 21
9 32
44 85
6 28
42 86
26 45
33 65
84 5
17 80
63 1
79 96
89 33
46 61
80 76
89 77
37 65
64 3
65 89
72 45
41 99
78 91
91 57
54 42
51 14
54 93
30 45
1 4
93 42
93 71
