100 288
48 20
33 80
71 94
78 62
60 88
66 87
81 8
36 20
93 74
66 30
90 59
45 98
8 31
95 72
22 40
6 11
72 24
50 63
72 30
96 27
76 91
79 78
16 46
89 95
29 43
96 85
46 72
55 15
19 85
65 85
67 28
48 18
39 84
28 70
59 41
13 38
26 33
66 95
5 23
64 81
28 39
18 48
92 46
99 8
47 76
23 26
73 78
83 0
43 62
94 95
87 89
60 41
56 50
79 42
39 67
28 84
71 90
90 88
4 56
6 77
28 70
33 26
98 25
61 59
49 78
95 92
53 77
69 78
77 3
54 14
9 72
35 29
14 83
14 27
1 99
12 2
3 78
88 60
94 88
63 50
10 45
58 9
56 32
70 7
43 23
53 77
72 66
80 5
86 8
76 27
14 82
31 86
36 18
79 93
40 5
91 65
83 10
7 37
76 65
75 15
75 74
61 41
65 85
99 17
16 23
81 17
98 54
32 12
82 21
37 28
26 5
13 89
41 61
37 84
6 32
74 42
59 71
68 71
57 97
27 11
71 44
48 36
76 6
90 59
96 27
45 0
51 34
51 39
66 72
49 57
23 33
63 56
49 55
62 97
24 89
73 5
43 15
35 3
32 56
70 39
35 49
39 51
69 29
38 46
4 50
89 38
55 69
68 59
43 62
45 0
64 8
7 67
98 45
85 47
14 83
54 82
73 79
46 92
19 77
59 71
37 67
2 4
40 23
68 14
91 19
85 77
7 67
53 19
87 89
29 78
5 33
86 81
22 5
16 9
38 30
47 65
32 50
58 24
50 4
87 9
3 43
15 79
36 15
0 10
19 96
91 47
30 16
79 35
88 44
7 34
83 0
30 38
0 25
44 28
24 38
47 91
77 11
12 56
63 50
90 60
64 17
78 75
44 94
42 40
74 57
57 79
10 83
68 60
8 86
93 69
82 21
17 64
45 98
59 88
27 76
87 24
97 74
11 53
38 95
95 13
73 15
84 28
72 95
0 82
23 5
17 31
88 64
10 21
10 45
16 13
34 67
31 1
20 18
33 23
61 90
15 74
77 6
53 91
78 62
49 42
55 35
21 10
50 2
25 14
18 48
13 80
99 64
21 54
78 49
2 63
3 93
83 25
60 68
38 46
92 46
62 35
84 51
89 95
55 35
42 69
42 57
39 52
23 40
95 3
61 44
97 73
41 94
24 92
42 49
32 93
21 54
11 91
9 30
6 96
65 78
24 30
80 22
98 25
54 14
54 45
75 69
52 7
46 58
94 61
94 41
37 7
30 87
25 54
