1000 2941
114 180
809 277
927 500
544 609
772 551
606 395
30 320
327 750
430 136
244 379
595 199
357 317
180 629
981 364
929 320
955 566
89 729
903 523
135 675
539 951
736 729
948 263
353 452
34 721
782 18
798 825
339 260
345 887
752 195
694 55
233 335
483 761
342 259
887 717
198 562
876 365
360 638
776 379
880 423
799 490
275 894
549 199
144 91
67 97
946 143
859 567
664 756
117 203
23 467
673 923
965 992
717 257
207 738
593 921
21 300
370 959
944 935
179 628
776 651
528 831
340 920
545 123
804 949
506 20
679 339
809 648
167 607
404 800
869 878
972 903
39 406
584 996
428 800
213 31
828 19
495 81
873 196
800 903
370 912
575 434
152 616
480 952
143 906
463 589
881 804
55 913
855 469
849 85
362 369
97 615
498 156
749 515
397 844
63 98
497 766
656 557
229 789
848 929
269 43
166 703
730 560
716 448
114 758
153 203
604 922
245 775
802 268
247 390
486 595
741 65
39 530
675 326
234 897
569 950
611 702
956 221
84 738
30 51
546 994
635 570
413 573
874 309
784 814
6 810
240 441
927 688
353 843
116 581
599 961
429 792
706 658
420 941
446 508
496 132
936 813
252 407
118 365
382 14
910 752
374 606
155 874
48 996
470 849
835 408
89 658
362 820
61 945
894 522
663 649
771 217
30 96
551 8
176 822
598 228
131 450
695 574
962 209
286 55
487 259
297 932
431 701
82 274
577 461
504 205
794 266
970 995
541 828
234 575
775 277
160 892
768 494
612 219
890 2
251 132
236 729
623 870
336 238
458 279
447 992
374 254
900 622
304 659
188 658
703 700
637 179
714 600
599 868
522 683
392 649
379 561
121 537
131 342
525 148
388 183
278 763
433 104
567 310
720 847
272 498
526 540
724 240
733 642
195 666
122 868
439 928
806 95
458 1
59 380
859 620
100 0
422 443
296 234
99 216
761 588
611 182
540 288
991 155
475 508
493 644
840 643
853 526
918 975
221 237
615 878
898 645
766 763
825 29
878 938
925 64
322 22
624 883
524 733
536 277
132 251
410 445
861 717
274 974
776 990
545 781
402 73
575 421
855 104
686 672
53 883
194 549
672 598
955 255
455 521
366 204
485 56
533 703
519 451
45 215
497 129
537 77
869 267
508 429
205 246
631 791
988 349
670 421
498 486
290 673
908 329
317 45
330 986
119 16
503 304
593 585
133 855
364 821
407 891
500 110
173 688
463 589
751 626
17 194
88 868
802 376
340 759
81 599
737 727
514 333
465 796
522 894
259 343
613 224
219 818
516 375
888 135
72 494
827 93
985 931
702 346
831 81
689 553
909 747
609 802
118 530
461 966
177 176
237 22
954 15
810 625
397 474
335 864
553 899
789 164
466 786
729 70
453 121
911 954
906 179
24 666
740 723
967 792
119 29
829 188
742 403
286 227
601 715
415 361
642 765
103 663
850 349
122 781
60 448
14 693
593 872
497 917
835 712
961 486
892 28
834 725
494 729
602 264
676 326
400 738
392 561
747 87
986 122
630 818
396 786
400 123
437 395
287 495
796 978
79 693
359 727
228 576
267 749
222 134
661 755
839 759
396 161
734 725
960 247
3 330
472 305
646 640
889 285
653 75
371 516
81 591
865 2
218 374
374 734
365 740
805 891
954 237
449 547
805 887
723 118
938 749
783 271
937 405
186 865
894 332
247 597
810 724
981 743
952 896
283 992
376 66
995 861
127 194
535 953
663 902
982 6
163 325
594 199
225 419
755 970
150 624
308 392
595 272
994 895
764 469
977 186
513 70
531 969
711 98
354 646
113 778
793 982
151 389
104 855
420 264
521 835
634 474
739 530
594 440
722 614
183 693
383 871
811 601
468 392
234 670
66 435
545 831
910 870
198 713
153 696
298 208
650 151
253 576
550 358
410 572
986 330
331 379
281 212
565 702
655 588
848 563
120 105
165 539
643 991
129 735
114 893
190 218
388 693
769 660
888 266
688 167
887 970
18 450
60 615
526 238
543 661
560 221
865 756
886 507
656 264
38 903
283 354
941 557
423 555
413 143
704 401
221 154
758 376
565 263
183 79
993 312
465 97
267 867
897 293
20 83
182 906
843 329
893 68
260 73
735 478
456 855
191 244
558 828
446 917
493 577
341 924
713 999
149 499
584 39
216 301
780 247
437 460
844 968
403 62
614 224
885 101
324 744
662 590
127 81
537 720
294 865
499 190
884 184
396 886
134 129
989 925
474 634
345 678
332 854
854 517
625 441
782 131
361 522
558 389
1 612
87 294
122 599
421 575
73 958
718 24
212 174
673 54
707 241
333 811
148 645
710 916
325 506
570 944
146 938
683 794
932 656
296 482
825 466
414 583
847 159
530 406
199 615
941 420
852 542
794 517
125 292
259 9
664 197
610 279
582 164
134 766
563 257
263 723
173 136
260 402
391 281
172 629
512 470
851 790
96 367
652 908
777 506
681 319
98 526
42 567
492 851
252 819
655 152
924 468
292 753
344 832
222 708
459 558
317 862
72 203
990 145
279 284
508 429
947 361
159 604
491 687
657 141
842 294
489 95
766 652
845 135
60 67
567 17
362 531
550 76
497 277
37 20
990 130
948 780
729 307
713 260
942 579
397 901
851 105
734 781
773 137
744 739
674 864
684 444
135 415
20 34
563 995
239 816
799 383
295 38
96 970
241 589
792 508
962 135
665 483
548 884
899 811
786 319
757 481
59 66
808 296
40 784
428 237
190 609
979 422
485 70
380 890
878 549
214 644
270 466
900 499
344 83
255 496
144 91
352 589
915 468
914 437
59 380
809 406
579 195
94 373
633 353
852 145
161 825
111 826
964 997
896 792
953 586
376 111
481 233
52 83
856 926
751 987
478 708
317 862
544 128
587 526
461 269
453 525
499 468
967 952
742 383
327 786
202 975
920 998
576 174
921 84
310 930
301 47
125 328
69 314
529 113
14 85
299 183
723 39
846 25
387 978
796 498
464 271
39 648
424 41
627 173
833 767
184 39
137 614
154 295
143 784
101 686
40 813
920 854
24 109
933 613
905 689
744 345
896 835
77 620
383 594
935 102
891 246
951 300
262 508
511 130
160 657
394 436
220 671
255 789
213 942
475 485
398 857
209 840
316 148
958 616
207 607
436 737
743 933
978 448
145 511
875 359
880 841
647 809
913 694
243 104
128 554
262 480
226 342
749 11
999 152
76 550
549 749
498 465
178 935
666 291
180 758
382 207
798 311
774 425
43 847
34 169
297 753
223 37
507 327
161 786
311 161
460 770
436 364
386 520
706 411
937 748
578 344
812 772
892 28
422 472
794 275
578 391
16 586
578 210
534 323
333 774
464 214
23 49
165 259
778 425
861 993
621 661
880 539
732 7
25 484
139 675
509 347
29 64
239 13
268 376
600 215
987 367
194 0
378 332
181 225
64 220
850 795
598 315
52 228
736 590
413 143
99 493
41 690
291 570
276 10
270 953
26 313
411 729
401 898
973 187
632 449
932 292
826 413
44 267
140 651
549 498
93 361
475 236
52 228
891 929
14 640
266 93
96 929
750 119
997 469
496 757
609 914
487 131
192 291
908 680
158 565
57 762
855 475
912 201
979 422
744 884
954 108
625 655
74 89
409 444
869 199
507 786
712 455
926 316
828 756
533 785
512 14
352 349
571 188
700 703
612 630
576 325
50 438
583 21
168 20
753 602
337 138
725 395
616 912
885 210
477 152
630 251
451 157
512 600
525 47
464 935
208 63
906 565
525 216
265 440
244 667
207 551
409 556
954 211
466 886
445 710
31 804
325 101
424 971
49 26
302 148
795 418
328 27
319 953
618 850
969 918
809 184
139 309
181 310
763 803
822 682
246 231
724 370
786 16
756 196
926 321
298 98
922 801
673 117
931 841
642 916
874 603
242 243
64 750
875 727
928 605
178 102
825 535
713 959
866 131
200 453
162 784
363 665
902 632
300 185
370 588
667 379
535 681
179 346
889 306
84 872
442 207
884 769
221 154
902 437
919 65
388 82
796 515
896 917
770 928
520 261
6 441
11 60
471 658
247 112
406 647
490 313
696 46
405 76
46 734
426 889
411 923
71 541
883 403
341 244
246 929
982 665
345 996
553 109
556 728
189 631
232 956
561 511
636 685
869 938
668 771
934 615
645 170
742 589
88 921
102 949
660 245
175 18
427 817
693 974
530 744
304 38
124 225
16 825
83 169
177 176
833 533
215 45
542 471
838 888
58 383
721 57
596 292
931 487
153 879
282 293
725 734
366 700
597 587
237 840
912 363
35 179
109 715
928 318
777 919
636 981
75 472
788 75
748 426
905 944
547 736
705 851
412 735
491 587
491 336
662 994
788 75
626 207
261 815
378 139
102 79
565 114
672 174
998 124
77 645
684 364
947 484
271 310
580 296
73 33
77 99
943 349
551 564
684 362
628 683
250 355
311 750
369 685
883 490
68 40
631 735
91 868
767 478
797 705
492 459
197 842
894 888
606 834
805 887
769 277
330 781
572 566
320 891
203 188
168 686
478 204
816 392
349 943
208 491
686 344
182 346
731 530
877 287
489 806
940 858
323 356
828 674
993 312
957 42
258 248
108 22
894 361
850 909
20 919
389 459
307 768
858 281
382 571
741 686
553 368
248 386
927 110
559 373
820 556
619 282
188 952
788 472
288 491
280 883
4 998
860 381
719 598
445 733
148 159
492 638
585 781
889 772
687 214
578 858
601 635
670 619
591 986
868 122
250 944
72 706
589 349
806 451
83 697
973 503
482 676
407 549
527 395
943 618
384 41
368 811
406 345
572 496
640 862
321 704
130 393
966 340
829 658
306 110
573 849
158 40
112 336
476 863
985 343
818 860
955 964
289 655
21 985
195 689
264 479
538 29
818 445
479 472
105 120
553 666
295 972
456 258
26 799
115 641
618 197
715 355
230 228
184 277
435 906
831 122
215 646
437 725
765 572
510 977
790 19
667 511
123 3
496 171
837 815
589 813
240 152
871 208
201 483
944 337
863 871
585 738
143 35
577 898
304 404
211 560
690 217
605 528
523 38
11 938
273 171
195 804
527 902
585 921
471 13
568 948
420 653
638 151
8 688
203 923
80 332
309 675
8 110
281 315
550 8
369 737
156 976
472 602
364 436
561 468
448 486
761 616
747 463
808 676
412 134
432 229
5 742
772 688
966 720
138 31
541 638
355 195
132 171
615 976
53 23
904 621
382 306
238 853
203 89
402 78
487 782
29 817
622 140
998 124
949 935
186 431
227 53
422 27
993 350
318 961
213 250
570 666
429 446
629 826
792 187
435 35
423 782
838 839
777 741
971 529
812 607
563 350
405 927
179 180
122 439
671 466
138 214
200 525
800 304
692 136
959 33
95 913
849 79
780 863
358 500
864 266
138 935
997 371
592 49
170 301
785 716
84 738
325 212
148 200
358 411
432 733
685 377
447 795
254 770
74 188
459 541
781 787
654 566
522 827
470 354
877 605
633 744
306 30
327 886
533 907
445 682
10 746
706 673
266 962
646 299
78 665
957 714
136 910
433 997
862 45
257 350
787 69
591 144
183 388
211 22
522 830
758 435
16 538
190 356
115 641
564 405
334 838
678 277
464 635
273 381
67 754
406 345
838 334
643 93
257 563
654 445
992 283
539 985
588 982
241 186
843 809
561 145
22 25
840 209
344 163
191 308
363 347
176 171
913 5
172 574
693 600
164 273
782 342
879 153
375 669
304 38
79 646
992 418
872 591
4 225
152 363
765 171
327 953
587 336
197 756
92 147
767 166
780 238
473 425
494 882
103 437
354 849
164 410
974 470
372 668
467 650
204 533
92 329
171 190
974 849
112 960
309 522
919 281
367 246
391 168
385 901
123 287
390 948
334 100
789 146
691 254
946 68
61 556
882 54
901 523
214 899
326 522
570 718
440 26
422 627
113 726
300 782
754 67
921 591
108 154
275 378
75 479
395 770
208 853
851 249
631 907
805 887
170 856
69 287
348 705
162 462
438 459
308 149
117 72
708 412
196 579
697 672
678 744
77 43
502 517
644 350
658 117
126 419
649 190
197 589
68 946
61 933
128 709
681 989
925 535
612 284
733 916
144 593
542 308
157 383
767 843
590 518
258 837
824 990
768 188
350 993
658 513
982 6
718 464
66 180
536 740
626 405
679 959
808 623
171 955
91 88
38 15
739 740
807 466
820 224
308 244
463 836
318 928
524 458
256 226
54 56
656 627
376 435
931 487
446 952
136 856
883 490
846 911
819 448
18 931
964 698
237 659
635 644
142 730
265 95
610 496
956 730
817 270
48 416
450 983
940 858
502 894
313 519
621 133
221 846
394 61
746 987
97 934
483 73
812 626
562 958
44 978
197 504
313 62
589 890
42 620
137 918
707 842
741 777
890 988
373 731
444 613
211 428
778 529
193 351
821 444
516 469
868 144
857 390
923 236
844 424
649 374
710 682
815 235
987 10
229 171
375 386
660 739
935 666
947 911
343 256
819 978
56 706
477 959
534 709
168 163
696 527
741 315
574 172
984 282
616 982
28 172
950 778
913 58
277 536
253 223
568 298
588 655
346 946
685 737
514 333
470 849
632 544
673 829
991 522
452 204
824 561
880 21
994 518
790 510
10 350
432 116
945 436
839 340
123 400
719 37
747 349
140 471
485 513
720 856
523 322
114 813
116 654
392 140
457 355
349 909
35 462
786 671
873 977
436 820
672 885
693 447
675 93
488 360
649 153
748 382
430 113
338 864
492 249
653 617
658 475
892 762
381 390
468 824
747 59
945 206
299 354
509 588
614 685
955 612
620 957
693 795
754 80
482 984
116 757
875 827
515 486
917 662
216 159
219 1
109 250
818 229
271 194
695 182
413 376
243 104
810 477
622 511
169 576
139 502
0 194
429 455
764 837
309 840
411 303
331 852
317 418
930 823
567 859
313 871
831 605
238 491
796 515
126 74
68 611
351 218
188 829
819 552
416 819
486 448
916 458
697 919
915 392
924 379
647 963
90 221
294 865
322 304
219 279
625 810
607 72
164 177
85 354
175 555
328 422
867 498
98 960
467 53
914 46
331 392
206 202
386 469
664 2
946 111
389 19
285 626
727 409
574 637
881 644
706 72
700 189
293 984
712 546
735 652
323 691
146 199
836 795
813 66
208 526
433 904
248 764
645 401
355 24
2 238
555 539
899 881
22 659
176 789
653 479
866 21
591 831
14 354
988 589
968 430
323 103
348 389
303 80
348 151
888 139
657 580
335 860
568 711
245 779
539 951
28 575
819 754
409 531
28 676
911 38
671 311
112 597
759 920
192 109
476 568
217 569
403 451
380 850
686 296
132 432
202 684
72 729
882 290
293 141
399 593
573 447
950 397
81 868
419 714
142 25
605 599
384 752
65 777
616 240
438 541
224 727
629 376
49 150
310 920
863 112
246 970
501 402
435 629
559 118
700 633
147 77
635 457
841 9
964 242
396 886
475 56
353 129
187 408
326 93
190 534
513 74
443 297
232 295
765 219
867 156
751 442
644 601
560 322
193 663
106 564
848 995
790 908
9 985
119 507
666 192
519 280
759 920
235 516
16 538
950 385
296 676
354 965
652 452
600 215
282 670
907 708
699 676
416 267
124 859
562 289
17 859
275 139
618 2
745 281
263 48
350 96
104 248
181 759
3 921
430 971
729 706
139 266
466 825
485 729
408 262
468 561
952 455
484 142
663 632
924 393
5 265
502 517
897 762
106 812
682 630
498 252
845 332
821 722
441 73
70 307
490 150
574 629
509 761
659 232
840 643
452 760
133 456
934 267
592 624
757 630
734 723
258 516
223 169
283 862
605 399
351 103
526 863
676 575
330 69
45 795
339 958
50 151
529 968
588 289
936 906
844 115
729 290
196 59
303 829
441 152
746 987
997 242
626 812
434 699
989 327
795 183
518 749
118 648
359 743
951 423
107 21
870 956
87 977
762 670
790 828
667 149
85 447
695 179
762 721
888 827
473 692
479 608
414 165
451 443
801 926
217 115
654 642
434 619
611 114
965 573
28 454
878 869
906 322
806 58
453 461
559 39
711 288
992 274
929 563
620 0
660 530
779 731
509 33
96 276
616 793
261 543
750 586
983 165
878 869
471 588
813 66
879 691
22 730
663 649
702 629
546 455
355 687
398 568
338 249
763 366
80 796
280 624
36 18
940 598
263 48
692 41
50 418
832 701
216 847
930 920
432 132
683 830
330 585
172 68
78 679
540 288
504 842
140 417
617 788
797 151
185 931
368 214
617 125
93 275
934 749
138 944
338 360
83 506
237 90
858 719
109 687
773 918
778 910
617 328
720 302
586 886
36 555
3 84
265 227
55 806
544 696
960 871
593 787
31 635
602 443
884 530
517 894
939 50
801 200
65 940
397 41
241 352
118 809
520 543
479 788
716 366
969 722
899 579
131 583
11 552
102 464
371 698
101 253
768 547
830 139
183 215
436 981
564 76
666 935
691 663
864 50
274 357
414 226
717 350
333 113
127 677
803 222
126 485
31 214
803 475
817 427
786 953
793 509
135 361
675 603
202 773
853 857
375 964
969 945
690 430
704 43
278 843
336 398
990 191
254 609
634 971
915 561
559 345
936 826
991 522
606 460
585 495
95 26
227 23
172 893
15 523
861 987
698 386
763 129
677 973
474 372
59 352
145 915
390 247
881 811
440 474
552 819
346 637
737 61
299 283
408 187
246 993
308 980
47 216
604 121
360 348
395 218
340 419
557 479
804 666
54 39
404 378
356 691
958 724
439 528
933 394
605 399
714 838
676 721
618 532
35 376
301 966
210 745
689 213
909 380
661 242
307 89
387 156
2 504
724 33
902 128
808 676
639 560
84 921
225 823
746 350
848 581
42 930
75 443
93 888
427 466
830 361
726 529
724 655
427 786
86 592
328 617
363 810
842 943
709 879
607 106
420 305
316 216
302 301
345 723
521 590
813 172
454 670
500 306
821 918
857 911
423 175
568 597
795 992
109 929
572 689
320 848
41 901
74 485
514 425
249 790
119 732
411 303
386 261
804 138
655 761
538 807
928 122
134 833
599 3
488 120
152 588
373 263
697 101
889 550
910 181
740 779
950 333
963 548
421 699
734 323
210 223
966 525
872 330
535 64
590 187
811 683
332 962
834 632
463 40
206 684
787 399
194 310
968 726
816 308
89 54
821 61
351 193
104 248
994 546
262 508
60 156
752 397
895 835
873 664
198 483
386 433
418 470
933 981
163 919
361 209
149 417
916 610
971 385
251 789
110 106
944 689
150 742
393 651
6 441
588 625
10 312
783 419
257 805
86 462
185 487
851 541
253 661
337 178
448 416
728 722
94 887
108 211
163 20
261 371
603 415
916 481
836 510
324 963
644 213
1 458
983 36
21 931
788 979
56 449
953 671
770 437
378 332
434 676
356 534
258 375
523 108
85 447
738 252
642 822
36 343
29 953
517 845
623 954
49 806
986 872
705 492
923 736
529 641
255 481
13 990
723 263
780 112
252 805
634 641
458 642
104 133
442 167
864 851
532 836
189 680
670 721
384 385
709 544
948 960
156 252
654 860
974 965
739 876
319 396
85 354
141 580
609 209
857 948
858 169
316 148
868 91
315 101
958 33
450 342
511 379
419 42
648 39
425 397
905 942
377 821
908 147
841 259
461 720
701 842
985 175
958 477
466 427
255 860
791 497
856 926
42 839
182 936
70 706
32 107
617 420
326 415
352 977
55 49
947 15
445 132
124 759
33 501
404 659
169 101
532 349
201 588
861 320
561 542
121 43
264 596
100 783
438 488
457 811
179 462
54 117
31 102
760 907
361 332
58 5
840 209
939 338
47 801
695 574
948 871
289 152
518 408
737 684
285 889
814 162
434 619
62 594
624 49
129 703
586 29
462 936
648 80
683 830
452 353
953 586
111 906
205 197
518 967
756 59
364 362
822 955
105 790
626 889
157 489
230 672
995 887
171 1
587 960
737 918
627 979
444 409
680 478
484 800
439 781
302 921
278 204
845 603
714 181
510 707
653 557
285 76
161 466
477 616
540 711
383 403
473 950
449 411
403 519
774 968
349 873
876 94
495 986
482 293
511 542
271 838
469 904
230 858
260 588
247 587
236 829
427 886
274 388
75 557
753 608
834 663
372 690
728 137
385 692
722 206
914 879
859 4
613 636
885 483
823 334
408 508
43 856
566 229
12 711
937 751
529 217
214 368
852 924
887 891
661 837
294 431
256 21
506 719
433 669
315 741
763 766
19 558
273 955
609 103
459 705
399 91
542 990
668 774
909 707
350 96
690 569
547 126
414 259
865 463
752 690
827 266
708 723
639 623
130 980
898 316
441 793
699 57
472 788
15 972
242 855
862 573
244 667
335 765
597 871
358 607
749 867
945 362
78 625
302 159
792 446
551 215
212 83
981 556
976 754
393 900
4 181
604 99
853 12
377 727
791 907
441 370
331 980
890 352
744 373
213 644
425 514
349 352
135 502
784 826
226 131
73 793
482 28
576 832
527 46
488 650
98 12
929 51
232 428
380 2
975 369
782 343
155 326
166 708
51 10
505 575
587 112
223 344
976 978
827 845
934 387
619 670
117 411
493 453
269 645
27 653
228 281
298 587
33 363
711 98
972 211
0 838
973 221
25 870
779 723
909 873
970 887
647 876
803 791
108 947
791 412
736 89
354 283
703 809
547 829
571 110
847 269
80 199
853 398
30 861
886 327
400 545
393 852
276 563
627 420
140 308
107 983
665 912
895 455
200 898
494 736
787 318
44 387
232 295
979 557
69 81
601 949
203 188
8 607
604 922
501 201
455 712
922 453
687 891
859 309
39 48
801 599
916 273
63 476
849 470
783 957
930 69
194 156
3 318
175 165
681 953
532 909
905 687
439 330
532 618
770 914
5 742
175 36
696 351
534 606
636 224
121 847
161 311
321 898
306 76
676 293
911 523
573 388
789 610
996 530
547 126
895 446
372 910
531 556
977 873
249 558
48 559
657 234
88 123
535 825
26 58
410 710
976 252
917 408
892 421
266 683
981 975
418 992
359 636
938 486
462 813
830 603
719 253
218 460
807 953
623 127
170 922
379 852
379 471
563 581
995 993
241 850
32 450
784 376
691 193
7 798
276 861
199 44
489 383
17 4
835 896
781 591
570 666
667 783
443 27
964 516
469 746
837 768
651 191
725 709
669 764
369 614
9 539
832 230
893 14
286 592
336 390
352 664
986 528
548 373
312 995
231 581
347 655
907 278
554 193
945 436
555 21
54 590
7 319
935 355
269 847
979 617
787 122
451 286
199 878
17 839
523 22
506 20
204 478
531 209
312 887
951 414
785 353
583 866
7 270
506 34
648 324
342 32
727 394
51 367
321 525
933 394
530 365
761 810
715 944
730 972
195 102
287 439
738 928
644 291
46 193
162 611
136 668
850 197
645 170
13 980
279 765
866 343
238 526
250 102
866 880
462 376
440 55
918 728
525 159
483 655
692 726
201 240
18 300
448 934
895 187
591 986
990 915
207 426
972 404
599 877
557 264
769 647
71 488
329 633
674 71
596 479
789 524
149 924
401 966
56 72
192 811
95 624
496 765
209 840
764 855
843 134
284 654
608 264
468 667
728 685
677 404
46 460
79 992
204 760
596 328
355 811
240 679
80 387
936 172
412 785
157 55
301 926
488 939
328 557
829 236
229 116
562 588
725 527
770 234
628 182
151 249
913 5
45 299
284 410
366 353
154 38
408 118
47 159
503 947
38 870
637 695
315 832
651 471
860 229
457 899
582 524
867 749
996 39
935 31
9 487
743 820
628 802
333 384
602 27
893 158
713 198
426 889
62 58
141 892
720 922
820 969
367 891
931 450
581 563
93 840
987 320
898 401
731 660
46 351
566 1
854 309
811 689
917 555
261 621
218 902
640 85
860 255
984 892
73 289
187 480
904 371
749 615
801 47
479 125
970 805
86 5
366 843
652 147
952 994
227 440
173 941
454 296
211 404
460 709
392 149
204 129
167 927
52 940
691 734
416 867
556 359
849 512
95 913
288 247
743 362
513 485
975 875
37 578
480 508
158 946
314 399
174 52
12 540
107 165
262 662
505 160
216 77
11 754
365 769
815 386
598 83
771 968
800 108
732 807
431 294
404 127
233 171
980 239
903 560
45 512
528 872
860 916
167 688
107 18
777 578
864 851
141 699
638 558
228 578
627 420
682 765
580 808
769 744
364 266
925 798
657 28
361 502
596 479
643 794
149 341
231 30
793 724
251 273
336 250
515 934
548 530
835 712
970 995
812 8
27 173
459 360
762 421
552 867
280 286
854 991
312 96
874 962
959 793
944 553
120 797
458 757
963 39
134 353
698 433
481 458
86 26
144 287
450 414
536 648
881 570
110 772
383 451
406 209
363 198
686 672
13 331
550 748
732 586
267 60
930 4
960 208
76 167
167 306
244 776
223 885
608 443
505 434
347 625
277 739
372 41
730 38
517 854
871 298
896 917
504 380
694 58
351 632
240 655
264 994
726 715
579 31
235 133
36 175
63 780
543 661
891 987
743 362
807 427
357 317
753 479
314 400
841 107
517 415
90 639
174 391
870 237
779 740
381 481
826 814
891 96
705 151
924 244
152 201
537 302
419 957
305 979
206 975
394 362
867 199
323 356
451 86
186 197
417 776
306 937
477 810
367 970
721 505
901 634
554 254
971 473
217 668
750 732
641 844
968 385
961 986
8 748
965 357
684 531
176 284
301 43
494 303
838 0
988 836
19 492
687 464
810 339
185 985
761 562
755 133
405 8
873 317
19 338
270 681
928 545
843 631
918 206
24 804
659 127
416 878
746 861
937 10
569 570
415 517
701 747
524 765
287 585
552 878
251 496
419 920
823 957
173 941
29 586
641 424
680 92
814 182
675 155
154 846
999 665
719 578
650 389
637 413
316 43
356 723
260 152
127 639
421 482
7 119
898 604
949 553
348 650
13 379
501 999
767 222
305 125
65 281
918 728
920 567
543 964
291 905
272 146
268 162
932 608
886 311
774 384
417 690
545 84
151 828
512 600
294 873
708 735
82 795
976 465
224 684
671 16
55 26
854 209
290 736
994 508
347 441
939 790
915 499
147 833
381 255
742 157
220 825
487 450
215 447
708 833
611 628
329 353
669 261
688 889
358 927
642 582
346 574
581 231
647 584
745 777
467 313
375 621
