100 291
95 12
6 90
75 9
9 84
12 0
13 10
81 15
51 1
67 37
33 3
79 19
13 10
65 44
23 27
23 52
25 84
46 37
7 13
24 96
97 41
41 47
43 6
41 17
20 50
27 35
66 89
29 2
57 27
92 61
2 68
2 89
3 38
48 92
30 55
51 10
4 65
86 53
24 54
42 91
71 77
77 69
31 38
31 92
7 51
0 96
72 92
41 17
76 88
12 24
91 3
20 22
67 43
62 35
47 99
46 84
20 50
73 9
9 67
93 6
80 45
51 63
5 65
48 92
49 11
14 29
86 53
51 10
54 95
90 38
74 48
28 73
82 94
55 89
63 13
61 82
83 64
65 59
70 47
54 96
61 94
79 49
91 61
49 20
1 7
76 85
20 78
90 36
60 37
1 21
26 77
26 34
2 99
98 56
56 98
5 34
8 35
12 96
54 12
40 19
7 21
55 79
15 42
92 61
44 39
16 23
11 78
28 64
13 51
86 18
88 76
72 58
50 11
11 79
76 85
17 14
62 16
57 35
96 24
44 8
12 0
78 45
80 45
48 33
5 71
56 47
67 28
86 30
19 79
97 70
10 7
54 0
60 81
33 31
96 12
34 5
87 86
28 6
59 4
39 57
99 21
36 46
58 37
77 4
83 75
67 28
90 6
32 15
16 39
84 73
2 98
10 22
18 30
21 51
82 33
4 69
74 91
95 12
78 20
56 17
57 52
47 2
19 80
66 68
16 35
53 87
1 51
46 25
98 97
9 6
14 23
71 5
25 93
99 97
82 42
32 72
52 8
80 78
43 75
43 75
64 83
53 87
3 81
21 22
0 96
35 16
41 68
92 91
85 88
58 94
72 58
85 88
11 80
17 97
33 31
42 72
29 66
50 80
24 54
14 56
28 43
37 33
45 20
94 37
59 26
71 59
37 31
29 99
25 84
10 51
93 46
13 7
19 80
99 98
78 45
84 73
63 21
55 53
16 62
72 38
34 77
80 11
48 37
26 4
92 3
38 48
37 72
77 35
44 16
98 17
10 7
59 69
22 63
68 66
52 8
70 29
68 70
8 44
94 74
32 94
61 32
27 62
66 56
98 56
62 27
39 23
57 44
30 54
89 29
64 84
75 83
23 52
35 44
18 97
9 46
64 67
36 25
59 65
36 93
68 23
69 65
17 10
37 82
77 5
14 99
69 26
99 68
7 1
46 36
82 72
21 7
36 73
75 84
3 60
87 53
50 40
21 81
22 10
58 74
27 23
96 54
45 50
81 60
38 74
35 23
60 61
73 83
68 47
22 63
89 41
44 16
43 67
