100 286
4 99
48 79
5 41
69 64
73 23
8 25
63 18
20 43
61 8
49 26
48 60
65 46
17 52
52 21
51 4
89 18
13 27
51 99
91 75
94 44
56 0
67 32
54 39
89 18
52 93
58 11
81 65
45 54
72 30
60 33
55 93
74 59
91 99
71 33
56 66
77 45
17 55
61 86
88 93
77 47
1 39
75 91
13 27
99 73
82 13
16 15
50 81
30 58
99 75
39 78
12 29
36 13
28 96
74 59
24 23
62 47
68 58
14 87
68 80
62 87
29 94
87 28
18 92
98 34
0 3
9 79
37 56
76 69
45 54
22 35
10 74
66 51
17 93
26 20
15 73
84 48
43 49
25 61
0 8
43 65
39 1
50 13
3 25
32 73
5 41
69 89
33 84
49 50
7 78
76 64
99 75
21 88
10 55
40 69
41 38
95 70
31 95
59 4
89 40
72 30
25 3
5 76
20 46
29 36
85 94
30 58
4 15
11 68
96 28
37 8
34 98
77 62
23 4
44 83
2 89
81 65
21 42
75 51
84 79
38 41
42 93
88 19
27 82
94 6
42 10
55 52
38 41
52 21
73 74
32 16
19 34
59 51
96 1
53 0
73 91
38 99
47 28
18 5
47 7
81 50
27 13
19 42
3 0
14 77
15 24
48 71
80 90
38 2
23 15
92 40
76 38
90 95
59 67
22 44
91 75
28 62
18 63
6 35
27 97
16 74
49 20
33 60
73 51
37 53
83 6
5 92
97 36
54 87
44 29
12 44
67 23
70 68
1 77
70 58
68 70
53 24
96 54
4 75
35 44
78 14
0 25
2 89
30 90
31 95
90 72
29 85
8 3
55 88
37 53
36 97
69 41
26 49
79 60
49 64
1 96
79 71
86 37
19 17
2 38
2 64
14 77
78 39
66 67
1 7
70 80
23 59
19 34
64 38
24 23
12 22
86 0
62 77
39 62
75 32
32 51
54 14
16 51
35 83
97 36
34 88
65 43
85 22
53 56
21 98
64 92
57 68
48 79
89 63
51 59
82 13
98 19
18 63
23 91
91 24
3 66
82 36
50 26
83 22
56 25
66 8
8 86
43 50
80 70
25 86
34 42
66 3
78 54
98 17
75 24
57 31
86 56
6 94
24 67
46 50
88 52
46 5
55 52
93 52
87 28
71 9
93 55
62 87
25 8
43 26
98 19
11 57
61 66
79 48
58 90
69 92
63 38
64 76
44 12
67 24
15 67
9 60
36 82
41 5
95 30
40 92
29 35
30 70
70 31
60 48
40 2
17 19
