100 594
50 12
39 6
76 68
86 71
81 63
68 61
24 52
24 63
70 70
47 32
36 69
29 59
33 94
80 58
8 75
16 94
98 98
70 86
69 80
57 99
49 9
68 77
36 73
55 86
68 5
44 90
14 94
72 72
26 91
79 9
11 58
20 1
8 66
10 57
63 81
63 53
43 62
95 86
84 75
33 38
8 42
11 80
88 85
64 90
96 1
5 56
98 97
30 8
95 71
48 57
49 59
27 97
37 34
76 61
12 50
86 82
13 92
53 63
73 11
97 98
53 81
9 29
53 81
99 85
65 64
68 91
11 33
3 89
30 50
62 38
96 40
32 15
31 38
4 47
10 10
28 34
67 24
84 78
54 80
80 94
46 46
83 54
27 55
26 26
38 94
9 46
95 82
80 62
24 45
50 66
96 63
46 29
48 0
68 5
77 91
53 53
67 45
67 14
42 75
44 13
29 46
39 24
59 9
77 5
91 61
35 97
85 99
99 88
98 86
13 92
12 92
82 55
52 24
41 3
82 86
54 31
27 55
34 32
56 5
82 13
40 72
37 4
93 57
90 60
27 71
51 14
87 89
50 50
91 91
71 82
90 78
2 98
22 42
98 86
28 89
57 85
7 94
29 21
49 74
43 73
38 16
74 3
58 31
81 40
98 97
29 29
57 85
5 5
87 4
52 45
71 95
41 15
99 88
58 43
21 29
52 52
66 50
76 26
70 95
55 95
97 98
96 23
71 31
34 3
50 66
4 47
21 21
61 63
15 3
8 44
47 3
16 31
99 48
78 42
75 78
96 63
56 61
7 16
93 99
94 80
87 34
79 4
44 78
77 68
73 80
15 87
21 46
45 17
18 26
36 11
19 18
96 53
59 49
2 27
35 2
16 38
5 19
44 84
54 58
27 39
57 48
61 68
91 19
3 89
1 72
78 75
33 62
79 29
8 25
3 47
50 12
60 75
19 68
16 43
93 88
94 16
44 65
69 80
43 83
49 21
70 86
4 74
15 28
59 59
82 27
5 56
24 52
35 86
26 56
84 13
90 44
60 78
0 10
94 7
63 63
39 17
58 83
29 46
67 52
88 85
43 16
63 1
59 59
89 4
69 16
64 22
10 48
78 25
17 67
5 76
91 68
74 41
1 96
80 7
96 40
43 54
94 33
30 60
65 60
61 26
91 18
39 67
99 88
72 23
46 49
65 84
84 64
53 53
87 34
35 82
18 76
34 15
3 89
21 9
31 62
22 25
51 6
33 11
18 77
51 67
82 55
23 81
22 64
76 77
83 69
43 38
24 14
47 3
5 13
54 33
58 80
46 59
53 1
52 52
46 29
20 40
90 60
75 42
43 36
62 11
88 28
0 0
56 61
79 29
0 99
30 8
28 89
14 17
88 57
28 4
0 10
71 2
58 94
39 51
25 60
60 25
99 85
70 2
50 13
10 57
44 25
32 4
23 96
77 26
95 35
92 66
10 0
0 93
82 86
55 98
23 63
52 67
94 54
9 49
84 8
29 49
80 36
86 33
28 87
82 2
50 13
54 16
74 4
50 66
42 92
92 66
97 27
51 14
21 21
89 15
79 29
66 66
2 98
43 94
34 47
65 64
12 13
11 58
47 89
94 80
24 17
37 4
27 55
66 92
58 62
78 90
12 13
17 39
45 39
72 23
20 20
24 24
6 52
53 40
36 83
12 13
61 19
19 76
40 40
12 13
79 46
42 25
87 3
34 47
26 91
91 56
42 30
74 15
35 86
18 77
2 95
35 98
18 77
19 77
94 58
29 9
93 99
68 26
53 40
78 78
35 35
37 3
25 30
29 46
1 81
8 65
80 73
28 87
43 43
0 48
11 73
87 37
39 81
20 40
77 77
62 69
77 18
3 41
15 4
59 59
49 49
74 41
23 96
38 58
68 61
14 24
67 17
11 11
42 30
78 42
83 83
46 9
84 44
0 93
99 48
74 34
96 1
82 97
7 43
26 77
1 23
31 94
58 36
81 20
88 88
4 37
48 99
11 58
98 82
49 83
65 64
71 82
47 87
26 19
60 90
77 26
52 62
60 65
22 78
85 93
70 35
25 42
16 7
19 66
38 38
8 75
53 1
61 77
92 66
17 17
57 0
49 79
40 23
1 96
41 3
73 33
2 27
38 16
57 99
31 38
84 90
39 67
72 20
47 47
16 33
19 26
67 6
91 19
35 95
42 84
13 92
61 19
13 92
14 24
12 92
0 85
78 84
67 17
69 43
95 82
59 59
45 17
13 66
55 95
88 95
45 52
12 92
75 22
93 0
96 96
14 67
26 19
24 6
6 14
3 34
71 2
8 65
42 64
61 61
54 38
37 74
94 80
41 15
32 32
71 55
32 4
55 98
47 32
91 26
39 14
67 14
78 44
61 76
7 11
81 72
38 33
1 23
55 27
78 30
47 4
51 14
26 76
26 5
90 42
71 70
2 70
17 39
57 0
86 13
75 22
87 47
14 28
55 35
50 12
32 87
64 65
10 93
83 36
12 92
38 73
39 67
38 31
5 56
57 57
56 5
37 15
80 38
97 86
37 37
58 94
7 16
10 99
85 93
95 35
49 34
94 33
2 97
89 32
59 49
5 5
6 45
93 0
91 40
4 41
16 38
36 31
93 99
59 9
20 32
71 2
84 12
9 49
59 29
68 26
