100 287
47 60
43 16
53 41
18 46
69 28
71 42
73 54
5 40
93 79
95 25
93 41
34 39
60 34
12 30
0 42
99 66
40 61
51 15
53 44
13 69
85 43
56 75
37 43
70 54
34 55
97 87
80 56
75 19
10 82
28 64
47 36
32 49
30 52
85 65
53 74
10 82
51 66
21 4
76 94
31 81
49 7
46 63
48 73
20 66
60 42
28 84
23 94
11 41
52 4
35 29
98 50
58 71
12 74
26 95
80 67
19 90
18 25
31 14
94 99
41 11
84 28
22 85
88 6
48 54
92 35
19 75
10 82
66 51
25 63
57 11
70 72
79 25
78 6
15 97
38 59
74 44
83 78
88 83
3 48
16 81
89 41
25 63
99 76
55 42
96 56
45 77
58 42
89 8
42 71
21 96
95 26
14 95
90 21
81 94
27 62
8 49
17 89
36 60
43 16
26 95
45 83
35 45
86 70
9 84
51 15
56 80
55 60
13 84
20 1
63 2
33 71
99 20
59 40
81 65
8 93
28 64
17 32
15 66
6 92
98 32
81 94
71 36
68 82
66 1
46 18
98 17
82 20
17 32
52 53
68 82
66 1
1 15
6 35
34 42
50 98
24 97
98 49
44 4
84 9
59 38
68 51
31 37
33 47
67 96
59 38
1 14
50 11
15 68
76 1
18 95
41 57
6 83
61 13
75 81
46 26
37 23
69 64
68 15
82 87
75 54
9 28
2 18
80 90
54 72
67 44
91 10
39 34
82 91
93 49
7 25
91 68
69 9
92 35
15 24
72 54
5 62
32 93
2 63
86 72
30 80
95 2
14 10
87 10
73 3
0 39
23 31
83 92
67 12
76 22
22 99
41 93
26 63
40 5
18 95
77 92
63 46
66 1
54 48
11 8
38 61
62 40
39 42
4 75
42 71
47 39
38 5
38 69
13 69
53 19
62 5
72 3
81 22
45 78
83 26
0 33
16 94
85 43
64 9
83 88
55 33
34 0
65 23
35 78
72 3
58 34
20 15
25 2
48 54
93 98
78 29
39 58
20 66
49 89
27 38
61 27
37 43
80 44
71 47
60 58
44 56
45 92
25 63
14 20
29 45
52 74
12 43
64 28
36 55
4 30
8 11
32 89
29 78
87 68
14 10
6 77
86 70
33 47
94 14
59 38
60 33
36 47
96 19
90 52
85 43
84 13
3 48
73 72
79 93
7 50
62 59
50 89
19 76
75 30
74 96
86 72
3 86
97 51
46 25
57 89
79 32
58 47
69 64
29 92
33 47
65 50
55 47
77 92
