10372
8933
302
1738
355
1875
8301
5394
2880
10029
5656
8140
3093
4828
569
2007
8555
3235
233
702
3412
8987
6934
6150
1876
3526
8044
9743
4062
3007
2297
6462
826
9875
8583
2220
2469
9818
2599
5924
6194
505
8532
1359
6265
6650
9959
3023
3610
8499
8661
6306
3993
8607
5986
8627
1917
1230
8133
2759
5798
8114
9033
2724
8520
6013
2817
5708
7291
2862
9051
1672
4891
5754
5968
2092
1769
10214
6998
5458
1169
1391
2045
171
4686
1974
8232
1834
534
4802
9915
3926
10197
861
8173
4920
2444
2029
7033
3314
1070
6195
1114
2972
3560
2564
1321
9455
1933
6091
215
3721
4797
1684
5320
882
5192
2272
9697
2025
7363
1555
2751
5012
2992
3788
1858
10167
3956
6419
368
2576
9084
5166
8430
3925
10296
1134
716
5914
7729
8708
6916
1723
9165
167
3124
8924
938
9042
6404
330
5608
10065
4376
4659
2935
1845
6901
5304
6659
5894
5279
3510
8688
5793
9427
6948
4021
1877
615
161
4003
8889
10137
4583
7910
3304
4428
4714
10266
6167
7475
10306
5769
7326
5872
4894
4247
894
8011
3075
5710
1511
8072
10225
612
9739
2124
5999
5210
9314
738
8676
5664
2969
4397
10254
9162
4789
2288
2051
7769
801
3916
1680
5413
10370
8522
1170
9119
5126
9685
4928
6189
1082
7843
8969
9465
7208
3488
335
4303
3325
9016
4366
6740
7905
5712
2388
4491
3626
6122
3184
978
9557
7152
5739
8935
4274
5275
5926
7145
4657
8561
8364
5033
6670
6606
1544
9281
10141
7192
1833
1786
6895
2662
887
2290
7313
1293
6502
5886
4842
1171
10043
5766
982
6909
6076
10324
1927
9449
9328
7020
5264
7898
7281
8934
9353
3238
4673
4904
8443
9561
1041
8841
7466
2330
2405
1708
7725
9477
9947
7655
2571
4759
6826
7417
2061
2062
4415
3952
5891
7930
3772
5871
9954
8927
1556
9616
4848
365
5161
8894
7180
703
4720
342
9470
140
9013
9083
6004
2660
2499
3361
3748
7121
9728
1671
8961
574
576
7355
6790
4255
6856
3607
8958
900
5841
5386
8839
9569
8195
10332
2090
407
555
6611
7952
5713
9833
2324
8925
10336
2410
8154
10159
3297
1818
10297
8823
4784
1011
677
6543
6244
4993
1775
7001
4847
6886
2779
4816
8974
4905
2511
3899
695
726
9185
5745
5368
1586
5283
9920
1854
2214
3183
1372
6041
4429
4460
9587
3247
343
1196
5543
7303
3043
4840
4732
4663
82
2804
345
5647
1644
8340
9305
5623
21
5393
8566
1856
1340
3794
10107
1771
5329
7632
8630
10026
4385
10323
847
977
2525
6247
9188
1554
3158
2212
8890
8209
1973
9576
1454
3431
819
2125
6514
8092
9923
6098
2607
6200
4636
6957
2008
10187
6977
5203
1061
6913
2731
2709
7776
1005
3643
9207
9918
3824
1634
3764
2769
4958
6266
416
5442
1699
3776
6390
1365
4934
7426
6469
6921
1596
4248
5687
9991
7688
94
2274
746
1124
1007
5888
2514
2699
4585
6393
1030
10158
2994
5662
6508
4329
5709
2269
8723
5720
6119
3258
1852
6470
4135
6048
4172
7711
3324
709
3908
2073
4333
7088
2999
9376
6970
7901
548
3665
432
1574
5524
9549
8827
805
8386
9876
839
4139
9169
2326
2287
6823
10001
9093
8906
9751
3066
2161
40
4918
7305
7212
1034
3959
9199
4137
611
5094
7346
196
5937
10077
9486
908
7754
1961
8240
3937
3317
151
1266
876
7601
4994
6689
2015
9890
4258
3288
3393
9489
5962
2417
8773
1829
6814
5097
2988
1228
219
8785
8166
9669
9211
9745
9147
9092
2974
6175
7155
9222
7100
236
6365
10010
9364
4544
4390
1583
3504
1149
3517
1254
7394
1785
9734
1133
7902
8842
303
4434
5552
3622
853
4437
1078
4046
6808
5513
10118
8683
1243
315
7170
8837
6174
7529
4355
8027
1105
8049
2586
3642
2361
2040
9392
1647
4609
491
5735
6398
3989
9273
786
1064
5688
8564
2803
9999
3756
1890
6218
2168
8662
7304
3982
3927
2736
6046
419
8155
1735
24
5199
2944
8570
10361
6601
142
6866
9575
5411
4323
8157
878
1144
6576
5880
6299
3271
9620
3898
10193
9544
9065
5071
3483
9003
444
6187
7407
921
4293
8181
3370
1044
3681
4830
3857
7276
9194
9866
9258
8981
9655
3583
581
792
4514
5338
5633
4594
2883
9004
3774
2397
9705
5923
10149
4949
5982
3127
5459
996
8121
934
675
1104
387
7838
536
3901
4662
3191
8076
4445
8449
3291
2829
8801
7755
1808
9642
865
266
8586
8511
4669
4081
889
4529
6697
4925
4649
8383
5681
3388
7884
3724
4412
1479
2534
9414
2479
578
10022
6207
9347
9140
3363
2503
7120
5326
7465
9129
6248
846
2632
1075
5775
2807
579
7846
7756
4156
4154
573
9688
9255
8598
6735
9007
9596
2207
7847
2264
2831
5638
784
9388
9220
9401
4435
5247
435
5778
1036
855
788
6035
8519
4969
5783
6231
2248
5585
4794
4602
2434
2155
9979
4772
556
1329
4839
5017
188
1039
1482
9238
6406
1768
1327
358
5600
1762
3406
4431
5023
7552
3487
8041
9613
8022
3428
4991
93
1076
4512
3320
8741
437
3222
146
199
7286
4430
9254
6090
627
6704
6449
5286
5462
9158
6204
5077
1740
10082
2761
9594
1666
22
3170
8270
4950
311
2027
466
1993
537
7115
8459
9566
1750
2211
5475
6674
9774
3969
4192
7242
5724
7459
393
4697
762
7542
2169
6809
5007
9667
9038
8682
3618
9658
4370
774
4626
8951
3984
6556
2971
9365
3277
8226
1815
3058
4132
7451
6486
9507
7768
8521
7461
5179
8288
8429
6401
3000
7665
7975
4305
245
8803
7105
5659
4571
6499
5717
2035
1206
4142
1164
1207
230
3949
1683
8863
5661
7862
4638
5509
7790
1931
9259
18
10033
4521
3714
8394
849
2445
7746
4883
5068
172
1159
3880
6772
951
1619
3911
6720
4736
1835
1217
4027
5194
6068
1433
3164
350
8923
2438
5303
6478
6627
663
9020
6636
5140
6326
9695
3114
7187
4056
8766
5119
4613
8047
210
5453
10346
1551
9330
7547
4539
1389
8870
877
8078
10303
7289
9345
6579
1
3106
4379
9767
5560
4793
5415
5804
4727
5541
3493
9206
8902
1994
6485
3944
1066
9941
3798
1620
8266
7627
1328
6942
1588
6180
9729
6573
9939
9950
4973
838
6521
7293
9940
4167
5091
10205
7032
4501
864
7530
5401
4239
9946
7096
5366
3871
3627
4403
7080
2737
1362
2451
10183
7301
641
4855
7919
4479
3579
7943
7070
5493
478
4651
9783
6331
7483
7353
8088
1812
5429
3300
8234
3551
1093
4704
5468
2889
7337
10321
8815
5800
5559
10
5418
3197
3866
8170
6617
5152
7861
438
3080
5819
7468
4831
304
8278
3448
8122
9350
3140
1922
5050
2933
4033
668
3585
8487
4734
3675
6083
10199
8171
9088
3212
6598
9955
4605
7373
7074
3855
8573
6822
5260
7650
3813
2307
1895
8253
3185
5081
2400
8655
9953
6531
1488
3767
4608
7906
6347
7866
3146
1317
2050
9725
558
6487
5195
1920
4871
3799
8619
7210
5711
10098
3126
7614
8023
9373
1579
1752
2513
4666
5222
9793
4480
7826
6965
7738
6590
5186
8856
713
3050
8010
8337
2766
4160
8638
119
5718
8651
382
5988
8172
4507
3768
4287
9978
562
595
31
5669
5288
7443
6016
625
3067
4915
360
3358
764
1366
9974
5663
7543
8347
7162
7228
9816
7156
6260
5747
189
3147
8358
1356
7455
4836
8248
6603
9156
8811
9276
2952
3722
3593
6870
2730
6850
7498
2127
1071
1131
1069
2618
10075
5246
6216
4353
7579
8523
7116
4166
787
7511
8612
2280
2754
1654
2306
4817
1467
6160
9735
4747
8580
6209
4069
5902
941
9177
1941
9028
1219
3024
7040
9968
8820
4257
1177
5396
9779
10099
222
7408
9106
7441
8442
3316
2304
8777
4959
7647
1023
2117
8418
2801
9368
3214
728
6102
6201
4278
1810
8868
334
6616
4464
1049
1471
9189
9922
3808
1239
9670
6328
6426
9323
5258
4067
5884
1242
7396
2663
5444
9176
10047
9538
4394
6550
9927
7889
3449
1507
8858
7321
9032
7288
7954
10264
8366
685
5242
8835
5298
5859
3523
10106
5058
9339
9938
9333
8954
3022
10230
6743
3751
4655
8836
8396
10226
8568
3967
7745
6680
8819
8141
9945
5590
5117
5671
4564
2276
6291
7640
8284
1626
3081
5489
10362
6370
5673
7940
3
8988
3698
5010
4105
5810
6043
7274
5417
5032
3795
6653
7151
1766
4378
8779
3973
6019
5731
7678
4588
1436
7238
8188
8733
70
1063
9786
19
6915
3571
6009
1200
7882
5022
4580
4886
8794
1823
8196
4833
6770
4123
4679
3077
9502
9597
1902
796
2052
4518
1346
1127
2810
8996
3980
4635
5354
1091
7880
3823
6222
5512
3546
6483
7894
10270
2163
8060
3219
3720
10251
3781
2726
361
4568
8295
2452
5337
5426
5330
5358
1913
1079
9515
6505
450
6633
288
3045
3915
4252
2703
6793
475
2963
1494
6254
6317
8884
3869
7423
5136
9278
3234
3505
8055
2285
3686
3340
936
4862
6872
6714
10244
5636
5239
1413
3290
2956
3651
7869
4213
1944
264
9426
3549
1421
4028
8581
6987
2886
6036
1843
8840
6580
8845
7518
7933
5985
1472
8349
6476
8131
4089
4052
5651
1178
4483
6229
8210
813
7359
8691
4523
3581
1958
3199
9896
9457
9135
7689
2902
4703
7520
1901
9661
4698
4856
3010
2570
9703
1058
6673
7772
2528
6889
8242
6824
9602
3877
6768
5041
1060
2167
8941
8159
6848
3104
449
2411
8104
5645
377
3810
2218
3920
5285
7852
9184
3333
9785
4356
451
3074
7977
4324
9379
7606
7411
10154
7962
1962
4400
1129
3447
5516
957
2977
3351
554
3143
496
9444
3017
201
9916
2580
6148
4826
2188
9113
2121
8546
6025
6796
2314
9069
1992
4494
170
5352
3685
2719
6236
2706
8150
1077
10208
4652
1584
9577
4923
9680
6938
2391
5682
6233
1713
5215
1096
6277
388
1662
9704
4459
564
4196
1655
8302
2868
6072
1167
333
8539
7347
2086
7675
9221
9849
80
9563
8344
8197
1094
2095
1505
4569
9117
6071
1426
3555
8316
4122
1698
139
5046
3497
3806
6924
528
3435
7618
7921
4468
1099
2028
1739
6258
8406
7034
5172
9243
231
7643
5349
6410
745
9510
251
2750
5935
9692
3200
9630
3429
8249
6077
7623
7574
5132
2964
2578
1484
2075
2777
6169
2813
6685
64
5294
5324
8716
4423
3237
10301
8681
9195
4528
10180
5096
8690
5965
3002
2674
6967
973
249
7091
8849
3461
4985
4929
5227
6087
10290
5877
5984
933
6635
9737
5920
1357
10184
7097
3342
9269
1045
9372
445
3071
8178
7955
1756
585
2788
1349
3141
4721
4077
9485
1161
7314
7295
6541
4034
7294
2176
6564
2791
1498
212
1508
3339
98
5388
8404
1435
6842
3541
5919
730
6646
5694
6345
1427
7119
7715
9018
2472
6273
6442
5363
9903
8205
4644
8054
7879
684
5858
4224
2099
8731
4846
620
5773
10209
2246
1967
2145
2101
3621
8869
5587
1995
3047
242
6492
8791
4586
9898
8770
8298
681
4499
6225
4786
5666
1297
2519
1469
3287
7042
3401
3704
1234
10066
2636
8368
7055
1568
3377
1599
7728
6020
6251
3096
220
3518
2320
461
4302
1022
9765
9462
282
4927
9454
6366
3484
5231
4490
10103
991
9057
34
9054
2608
7928
9173
8345
4337
8643
1396
7147
809
1646
1783
5674
9817
383
2370
7811
4486
6523
4624
6917
3108
4029
3057
8117
4768
9524
6044
7471
5701
6350
8400
1987
4354
5133
7970
5855
2911
2588
2716
4110
2987
2402
3797
9286
8427
2590
9820
6503
3856
6434
9869
8127
3257
1780
4482
38
4832
9884
9973
8149
8354
8297
9011
4334
8355
2830
2398
4898
910
2208
3679
6395
8115
3931
6536
454
5180
2870
974
3009
4646
7403
7839
7722
2113
1253
3117
8006
4957
7720
3860
7969
4550
8611
8419
1540
3634
2470
7737
4102
5427
2934
6565
4271
626
6731
4364
6974
10305
6065
6264
5121
6655
2882
1073
5104
1898
4051
7332
9349
522
124
2536
2128
7803
2962
1275
3507
477
2096
2227
2577
7573
5000
1098
3830
8660
1616
4217
9152
1821
3319
8538
2318
3444
8251
2133
1721
710
6252
1017
690
399
2495
5202
4972
87
9442
4304
5452
5392
7786
9924
1765
36
5419
9359
4144
2774
2848
9562
9636
4411
8498
9030
8977
6165
2631
4492
6477
1147
771
4981
2907
4621
7813
3270
7427
6500
1751
66
3759
3305
1437
5715
3858
8812
7260
5809
4853
8530
5455
9464
1633
6389
5262
2995
5911
2998
267
6794
3994
6911
10030
3134
1141
2610
8412
2685
6718
2722
6304
1857
5577
3640
8152
348
4275
6723
9901
2390
7233
3719
1764
1817
3321
9878
3613
3954
3494
1259
5373
9290
897
8907
4249
2085
2589
5897
6027
6145
2672
4285
9840
10228
810
6667
1199
6703
2303
112
4809
209
5940
4406
3539
7462
1240
8190
678
7799
7867
4694
9071
2814
4203
9504
8467
2823
9930
4176
7258
4764
8292
4505
2254
4758
7831
4869
6084
10357
6836
481
902
134
469
3843
3886
10235
1673
5160
7030
845
1316
6467
10291
4098
4191
9101
7857
6724
4091
5740
9250
1348
1576
5501
9649
7641
7342
635
1571
8153
8398
6355
6795
10360
8880
6005
1388
5626
3025
8535
5958
589
8211
5832
7792
2137
3884
5189
7420
9208
4619
9648
8955
4683
9021
1984
7723
9283
6583
4396
1473
6821
2226
337
10052
3928
7029
6323
1910
5343
7663
7957
5385
3801
1885
4888
610
872
5893
4660
2776
8817
1343
2714
2443
5821
5685
453
5602
2494
2641
1290
6867
9942
3400
3909
5178
8360
4751
8551
2395
4931
545
10031
1985
1759
9352
10050
6954
8359
2717
5878
414
10284
559
6932
7480
1663
7019
7801
1301
4680
8692
9037
8713
8967
198
580
3592
3385
1510
2729
6286
6947
8193
8901
5510
1741
2806
2860
476
4463
1174
6507
2373
9397
7522
7087
2981
4555
10024
9079
2183
3382
2546
7334
5314
8346
4045
6243
2796
10212
7793
10116
9450
3710
5106
2655
750
6854
8950
4100
8784
8887
5447
3283
1585
8212
8214
6325
4286
2429
8543
987
4808
2683
6062
2899
5107
6748
3076
10089
9391
3336
2350
7804
3628
1979
3195
8132
9995
4344
11
5004
7356
7135
10093
6215
3156
2518
8277
5147
326
759
8160
6682
1643
8560
9521
5175
1286
4565
1828
7226
4773
3072
4351
4352
3171
4346
8185
753
6051
9514
4326
2233
7203
7812
7025
1513
1311
4236
8029
3392
9159
812
6892
1306
3974
9987
9970
8254
5807
7909
1914
6047
5568
5953
8616
2984
5116
1014
2800
7374
4308
2749
3089
75
8105
5067
5217
9168
3516
10021
2088
8545
789
5816
9225
10232
3528
9568
8883
10042
9346
2508
3547
462
6407
8843
4042
9583
1782
2997
5370
8164
7006
1461
8990
5535
3787
3791
7263
5571
2896
9148
4691
91
6692
2670
8128
9141
2786
519
4716
5522
744
7519
748
8738
2442
7067
4979
857
8286
7931
5730
3683
5055
829
8509
28
7698
8243
6726
10138
7075
7653
9638
6608
7492
8710
7473
3310
8100
4687
1294
8233
2480
1352
6907
1274
1288
3863
8227
7960
6613
6473
3849
9653
9126
2887
2893
205
2337
1375
8357
7415
8541
7432
2368
7428
6183
5085
6593
9560
3011
4756
4524
7024
331
4481
9100
706
8649
4369
3773
3266
1428
10133
2258
5631
2253
5006
9098
7372
6315
7832
5554
8813
1001
3163
1048
7160
3249
9197
306
6246
10004
859
2329
8129
2325
624
7052
9988
7137
8094
8542
5466
3750
465
5054
8601
5531
5844
6163
1453
9836
4658
10215
7354
6802
3786
721
8334
4085
1564
7
6979
4219
8774
8506
4834
817
232
956
2047
3299
4653
9023
7393
7104
2222
3016
10355
7551
9334
1151
2959
3733
6618
3941
294
9824
10073
1282
1322
1146
2531
1981
7018
1864
7063
6545
2334
7366
5111
608
6628
3910
9186
3302
1130
6972
8762
2615
8392
1573
2192
2856
7537
6364
8783
9681
3136
2940
4205
3536
8956
5866
5657
2286
1800
3103
2693
8036
7828
2473
3223
8008
5692
2853
4488
9582
3165
7553
1982
4419
10272
7400
6210
4359
4453
587
8989
9192
3527
6170
2251
3614
8
8594
9105
9911
1062
6663
4881
2584
226
3256
7594
3604
504
4229
927
9581
2197
8548
770
8640
3254
8222
945
7872
775
5446
1870
6117
6914
9591
4930
4314
4284
6551
10124
2767
9043
8705
9550
1065
6458
9607
3079
2043
835
4551
8871
5903
6240
2602
6439
10162
10086
8507
7360
4642
1117
4298
4535
7028
7741
2150
6799
9881
1640
379
10044
3276
7011
4960
8445
7050
4692
1304
4391
9378
4279
7912
5496
6221
5045
7965
8304
7890
5250
391
6362
5088
6776
8042
7504
10048
4700
5467
1753
5976
7271
7629
5901
8947
527
1515
9201
795
665
6081
8239
1128
10161
6837
5407
5078
8790
4820
6695
4743
4534
4561
7682
4937
9677
9191
2592
4018
3587
9050
6064
2793
8184
2815
4401
8326
8215
5683
1888
2103
561
3438
3229
1955
8633
2242
513
5228
7059
3457
5839
2622
10130
8628
4104
8893
918
2080
1700
3387
9542
10216
5364
7531
8721
1570
8310
2647
2369
6738
2681
5854
4082
6308
8669
7626
9446
5293
3280
1305
8035
8576
10354
689
1155
6080
6099
8483
6159
2648
8620
2371
761
184
8460
705
4399
1522
2231
2171
7092
676
3384
8378
5629
10314
603
8051
8496
3918
186
3226
248
5956
4230
2072
711
8957
1617
5944
1406
3677
8134
7922
6634
4455
1136
6882
5845
6142
1261
7690
3088
4475
6902
7186
4870
8231
6040
33
1737
6905
6452
2725
3739
5686
2484
29
7008
5570
4288
7875
154
1314
6226
5997
7224
1849
4019
3894
2630
6472
8680
9315
10104
2271
4138
2182
9270
3964
935
10255
9024
3012
6825
3154
688
10062
6976
2926
8024
4696
4313
10283
6525
5611
6108
1615
7732
5297
4448
9223
5051
890
7550
7983
7794
10326
9758
3653
5716
1205
3354
5390
2721
5627
3192
971
5153
6728
4336
8917
656
2147
5005
6818
7144
1489
10036
1021
5348
9664
5232
8421
8409
5722
4158
3473
9821
9609
4432
6014
9527
243
3284
2948
4372
9752
7106
2359
2289
4065
3988
8432
2430
8107
3436
2919
7287
6379
2646
950
6719
9472
2375
992
5367
5476
3771
7881
2448
5432
1025
8325
7131
8448
4086
406
3240
5274
9882
1223
3281
6835
8920
570
4633
10342
2305
6381
2084
9261
1668
8005
9656
73
6343
2982
386
8556
1938
7409
1880
6067
2797
9796
4596
9628
8077
10009
3215
6874
270
6464
5374
2661
10340
5423
2067
6202
8531
9778
6858
4526
9556
6409
883
72
129
6919
2063
402
7926
2735
3253
4362
5700
1148
540
2548
7376
8225
5737
7184
7840
6833
1795
2102
6361
2664
647
6212
7445
1971
682
5750
1247
2802
1405
5021
463
7161
3822
5216
5410
998
4223
5881
10363
9914
3511
6691
2859
122
3715
6104
1110
2614
8587
486
1380
5237
1255
749
6399
3330
7549
5398
9458
9296
3870
2230
1309
6587
9795
4779
5749
3802
2747
9008
4007
2016
2106
9066
515
8343
3882
7515
2131
807
268
2939
9213
7907
6817
3588
3586
1411
8116
8540
2651
8477
9130
3274
482
4063
2100
2036
1705
6113
5852
8699
5255
7477
3151
1501
5319
9536
3706
3996
3261
621
7630
9102
6130
8274
5387
6453
6432
9905
5830
9660
5240
6475
7178
3137
1632
7724
1516
6784
5742
2842
6896
5921
5127
7205
2485
8086
7168
2260
2082
8350
6402
8169
9715
7460
7370
2920
8814
8307
4737
8891
6936
8110
6156
9551
4017
8926
3765
9989
6268
8948
3603
9080
8634
1527
2174
3769
395
8975
1918
1563
1664
9380
8473
2070
5296
514
9952
3364
2773
9087
5621
6827
169
8527
4788
2496
3513
1932
2156
5087
5973
5521
9678
10335
9848
6734
5340
8255
5882
2600
9124
6542
1277
9699
7956
2185
5044
10268
6950
1977
182
6121
3054
9306
3891
4061
5464
8081
7658
6865
6179
5624
9635
6168
5586
6715
1477
3112
5266
10317
1618
7386
6574
3267
1963
5818
10166
4598
2079
9403
8031
7229
8876
7767
2059
7587
5618
3737
2152
4575
7270
3846
5987
1707
10222
1822
9772
8963
3344
1464
4946
588
4978
2756
783
766
3725
8913
7819
3207
8395
128
9164
2017
5443
7194
9497
8694
3904
1997
7582
9356
2834
3970
10329
9301
5991
3399
9753
7858
5964
2215
9116
7213
135
5498
8765
480
9492
4665
4656
3669
6780
3095
9640
7329
8208
3390
622
6429
1336
4119
4711
6054
3486
8565
1476
7448
5620
7220
3557
5207
2328
2458
4879
10020
3803
4345
6436
10312
8207
4967
5596
8729
2617
5909
5644
2406
3130
3691
117
9788
7381
1085
1271
9859
10213
5405
8656
871
8003
4709
8258
9453
642
967
9892
9203
3578
3128
4291
1968
5604
1770
5369
8061
3496
9792
3812
6461
3407
8529
274
353
5772
3780
1560
6127
3065
2601
5270
2530
7378
5292
2465
10185
9354
3193
9719
834
3847
913
8986
2105
9275
1440
5556
1924
9012
160
7863
3055
8658
1839
6283
5478
1172
4134
6968
7600
2928
7848
6298
6380
5538
10105
5561
9410
2476
1569
1665
7098
8257
8468
178
925
601
9067
208
200
5591
104
2633
5148
8567
8897
9857
5732
136
4008
403
1345
4639
1578
7865
5013
9908
4600
9964
7994
9666
629
6778
6775
6518
2596
596
8687
4266
8792
3562
2843
6730
1231
4325
381
508
4111
247
2199
2123
3152
8976
591
3784
7607
8324
5755
2474
176
3471
5557
539
4070
2172
6023
8070
5218
2579
4705
6433
5912
5946
9844
976
9237
9975
6568
1248
1712
287
2483
120
5684
2162
1197
3584
4402
5811
436
7023
1908
9862
9900
7576
2541
8213
8458
2362
6276
9693
3155
9483
7007
2250
5788
3440
8922
9408
340
2837
7375
4945
5617
7051
10318
4380
740
8824
860
7153
6660
2492
6527
7532
3666
5316
5252
7584
3115
3263
8965
7697
4943
776
2605
6683
6555
5870
5729
9588
6333
10102
308
6857
773
2512
79
9763
989
363
9040
5931
227
1530
5910
378
7113
8999
3142
4410
9224
2093
2060
3051
213
999
2165
8268
5331
7506
27
261
9933
8943
6997
3292
5313
8748
26
3939
5497
3335
7621
3036
1575
9327
3033
3368
2772
6629
9520
4404
9294
8332
6658
6958
8916
1814
5039
2659
2904
5151
6838
3682
5095
3241
7524
7382
8679
5089
7299
1691
5361
9754
4632
8562
5857
5572
5185
6534
4190
7325
8593
7699
9771
4150
1703
5441
8960
2186
9482
5342
9809
2419
5124
1441
4300
4674
6830
3850
2058
2555
2366
8219
7913
8314
723
9331
4041
9710
7368
8318
7061
2795
760
9574
9292
2195
5533
2840
4988
10368
10206
8877
1137
6662
5463
4457
4388
722
8626
9624
4187
3174
3932
2407
7548
7189
9629
535
2936
8183
6164
8433
10134
5957
3482
2467
6344
5454
4409
2295
1235
7302
5009
7807
736
8554
7700
1886
752
8426
10172
903
1904
8657
3386
9770
5784
5409
6600
7757
6971
5500
9228
1410
1669
727
366
9962
5774
1009
2909
2462
7312
3492
4375
1368
456
2478
1103
674
9826
10310
5947
7282
2565
3575
8719
2845
4141
241
6846
10186
751
9559
4436
7567
8300
946
2732
4242
405
6126
4109
9418
507
338
5371
1788
651
1115
777
4276
7642
6933
896
1051
3529
4924
3512
8602
2677
4713
2582
9073
9027
5414
165
8516
10025
4145
2787
3957
7986
7222
202
2372
7893
5796
715
3236
5939
1915
4767
7447
7892
30
10227
4631
2678
1542
6214
1621
3749
1046
5356
1965
6497
5184
9972
10127
2356
5036
4040
7646
2346
10119
3293
5030
10039
5977
3572
4458
7577
2177
9584
8276
5630
2160
5333
2299
4290
9411
6788
6640
7481
9304
2006
10037
8809
4092
4702
4076
659
258
7253
7292
5998
5271
1863
6481
3906
2562
4116
8919
7719
4426
6815
5188
8333
5471
1942
1572
2449
5201
1567
3422
10006
4093
7692
7404
6198
8678
7485
9769
3245
6713
5625
8056
7540
3902
7797
9506
8604
132
7514
5929
3997
5408
3432
10285
9633
6140
1865
4573
5506
4078
3148
9724
1911
2056
7199
56
8707
3413
8537
2545
9956
2950
7684
7953
7193
6101
6706
9318
5983
1139
7814
1853
8740
10275
7331
3940
5082
8751
7644
6056
3402
7344
6378
3329
8636
4097
10034
8057
9644
6840
8090
1594
8136
3380
3232
6529
1112
7758
4254
1004
9503
4641
8904
4701
3552
8238
1736
389
6820
7984
2365
3638
7635
8417
767
4296
7364
1425
4977
1156
7660
3625
3712
5566
3597
2439
1801
9790
9271
617
6199
10110
5208
6155
8247
980
2854
8614
7817
5026
8397
3175
9412
3995
7340
9605
6128
824
7558
2884
4835
9571
7421
816
7338
7565
6594
4416
9861
9144
359
9253
6769
4917
3545
4763
7277
1361
5969
4645
9110
3848
3220
4954
8098
1528
163
1221
1609
10253
4473
6816
364
1906
9399
597
5438
5936
1470
5494
10204
5963
8045
9127
3589
5789
3469
1692
10117
8478
7191
2593
9794
5080
5514
768
8615
8579
1225
9852
5495
7110
7914
1493
4014
5814
3852
3963
9980
6424
6515
1660
8776
9425
3425
3696
115
133
6138
8112
631
9204
292
9696
9230
4757
2240
497
1152
1495
5597
8854
6253
10371
380
1972
4614
8327
9806
5575
1299
3268
2835
8828
1236
1872
9246
949
5505
8885
2187
848
6354
4424
8293
2141
942
9432
7311
5933
9262
4053
9572
1929
8375
4240
5483
983
9937
7941
4533
4684
7117
4897
1260
6885
8631
9744
3369
990
2509
4873
1936
1480
2068
3831
3972
2379
4478
557
1514
9394
3800
8992
9546
8930
968
6058
8632
3109
634
9590
5829
7349
6678
6242
5086
2696
6234
9885
276
8966
4553
246
6417
3876
180
3522
9303
7995
3445
9969
2901
7541
9231
7401
6405
6651
2270
9829
2235
4444
6359
9061
5130
1517
7279
9926
5339
10013
2698
820
3084
2978
10168
7900
5799
4975
6758
2284
2236
1203
6960
2597
1145
5334
3896
2961
6876
442
4508
8898
1639
1033
4503
7835
8271
7069
1416
1257
8799
6575
2585
3559
2364
5309
5295
1525
6106
6747
8864
4699
4149
2938
1903
9931
5224
940
7390
5403
1793
6414
1789
2175
3323
3616
6737
3700
6783
7256
8514
4269
6943
6696
8067
2265
6811
3672
5092
4237
5299
10282
4263
6454
9299
8198
3900
9466
1323
3705
6900
3188
4744
9251
10302
7177
6779
8000
2454
7908
7457
10320
6973
5157
9525
7150
7250
8341
6641
1324
5351
8557
6903
4874
7429
397
5900
7010
7989
3415
3978
5553
590
9706
8137
5169
7636
9573
895
9631
8289
2559
8928
1334
4129
4803
5311
4916
6668
3736
9766
7559
5887
7510
553
4393
7437
4074
2381
6321
10160
5214
4211
3464
4073
7206
623
10309
8013
9657
3623
2453
5359
4895
8382
10054
962
9363
4682
2690
981
9045
9341
550
6554
8872
5932
2333
6011
5721
9138
5588
2894
7818
3015
4611
5670
1760
7398
9280
9627
8299
5391
9894
1289
84
8881
8294
6883
6307
8217
3635
71
2009
2734
8697
7765
7218
7307
9120
4332
307
9509
4540
9961
392
6327
8145
1181
1670
7068
10273
7899
2554
4890
8446
9402
4504
10246
8959
7825
6698
3826
6059
9395
7546
4127
9212
9595
1816
7978
2572
5308
1008
5668
177
1373
10274
2742
1529
1896
6457
628
2510
6002
3179
8331
7816
5047
9760
206
7414
4120
10348
42
8524
5907
10207
2918
2034
4049
9757
1757
4983
8949
3227
5598
2753
592
4899
3836
3332
5428
6645
3178
4442
9112
3500
653
673
2031
8143
6396
4310
3573
7134
2878
2200
8139
10053
10299
426
4728
376
7634
2408
4876
8084
1957
552
6845
9976
6296
8126
4965
8465
3738
10271
7185
9153
8995
4741
5135
3169
5025
4443
6034
6544
10333
6153
6050
3864
3182
4084
5406
8744
7570
4812
6228
1439
2770
8637
10015
5879
5204
2413
5482
7076
5015
10239
3663
3073
2376
6918
9123
2378
7760
3958
2114
7833
7734
8972
4128
4000
7500
7406
10091
8015
2463
3026
6559
8493
2537
5564
3021
2657
4318
8410
3331
10260
1000
13
8167
4800
1312
5008
7463
3745
827
843
6510
10259
4859
217
9074
5759
2551
5328
6245
8503
1310
3014
1256
3131
9614
6839
10051
7686
8434
2423
10356
830
531
6755
7568
7915
1608
9481
3468
4996
8826
2404
5268
1278
9807
4170
832
5269
1916
1805
2871
1384
8677
5873
10287
2281
9985
3766
6785
4079
8742
3660
9990
1866
5029
4688
7781
6431
4887
5532
2194
9856
9400
8673
9847
9108
8224
8040
7315
4849
10256
4719
9854
74
3912
6630
8515
5776
7175
4039
5744
9479
8315
1120
8525
10049
7777
2263
8075
2989
4096
1776
1018
7718
4525
8895
1187
4910
8953
138
2594
8739
7141
5695
3553
3138
2501
9390
2623
6182
2711
2450
5488
2624
10201
1948
7934
4032
8796
8385
6115
9312
6109
8125
3203
3747
7967
1605
7535
5257
2892
733
7039
638
4198
6557
15
6135
3083
7136
2975
4962
7484
1926
5460
3740
5248
3201
6313
7661
118
8444
3225
586
4238
8670
2874
4461
1055
1067
4843
708
2055
8192
2005
3352
2885
5362
8946
2228
4280
7159
7829
5445
7057
6983
5548
823
7452
1053
2533
9086
9526
4625
7888
1905
9921
3804
2181
5278
1394
8759
9776
6803
3646
6369
9819
10108
8749
4875
7999
1806
7418
8720
6450
9036
9871
9893
5164
5972
3962
8099
25
5146
4294
7731
5284
5128
6089
9480
6675
2436
3129
1686
5808
5397
6448
7479
6988
7046
7808
7174
9977
3030
3372
1213
1879
285
3861
7232
9913
6116
9756
7247
5083
5813
3132
1491
8725
1674
5918
1015
3730
6241
5492
7497
10078
8228
4161
1630
5102
7016
2189
5341
6853
4489
4413
5120
719
4690
6546
3726
9095
8648
5024
4770
2042
2612
4648
8859
5843
9517
7322
5245
8513
4731
7512
5770
4179
1685
1395
8577
4510
3194
6711
7269
6562
9700
8177
474
5643
6336
1125
1804
8550
6100
9049
6124
9994
1341
6028
5249
10202
6423
607
4201
9733
9055
636
9782
6652
9897
9167
614
2203
8048
62
6686
9374
8403
6339
3044
5825
7102
1183
3052
1338
4664
9944
8663
875
2629
5599
2142
2178
6749
10146
5690
7127
4340
6995
6284
8797
652
6607
944
3242
8381
2461
4976
5551
3069
10327
2482
8422
6620
3326
3037
6012
8073
7482
5515
5764
7118
1485
7503
7752
2382
6648
5450
2872
7358
8595
6654
10079
5954
7696
8484
10092
10196
1251
4328
2471
4319
1694
3684
1825
372
2432
6955
9622
8074
4162
7240
2244
7435
4860
2158
997
1038
7328
3929
2135
2927
858
6162
7974
192
5765
2023
2825
2643
7605
509
7449
4908
2002
3632
4050
6294
336
279
8109
4124
6992
2394
7123
1521
3397
6906
3391
4889
412
3542
9382
3125
4010
1026
1398
8082
3409
2332
9404
2949
108
3647
1208
5321
1820
4151
4578
806
7241
1180
4549
9419
5263
159
351
7094
4819
1832
7525
4966
1731
2567
644
3561
6624
2506
8220
6742
2957
7602
3697
4762
3641
8569
1445
8118
7389
3779
6569
9056
7749
6001
8356
8336
1351
8942
5719
88
10017
5383
8050
6609
10145
6756
1715
5523
8846
499
5070
8650
5289
4986
10136
632
3968
8830
2587
5824
1960
459
5828
2947
7712
8597
9416
1881
9180
7211
4947
9371
5018
8585
4933
8502
6898
7195
6049
7588
8063
5149
7388
9398
6425
4126
7379
7841
8435
6105
5376
8829
3576
265
7190
7809
5209
8510
10298
3395
3099
664
1383
239
7467
8311
244
1407
9062
2457
7377
6760
3204
7284
9337
1367
53
9298
4560
7093
4015
5211
3360
4146
3189
2331
1937
7084
1027
8439
2421
5574
9320
3796
4500
394
229
7805
2046
6133
6340
5615
7651
3365
216
4383
23
10003
8223
6141
2951
2447
8831
9285
6625
5646
5652
5315
5812
9748
7021
6910
7283
9800
52
7157
86
2351
6465
5109
691
4311
7981
8203
7850
7860
8526
8064
3514
5942
127
157
6480
9621
3657
2507
3501
4367
5465
7904
2393
9798
6443
4885
130
6052
4047
3003
3430
3731
298
3917
283
4643
4106
5905
741
1667
9047
2433
10164
7257
10190
1214
7917
4622
275
693
8802
1964
2267
1727
6178
7748
7086
5658
5827
4348
5276
41
1399
9070
1487
7544
5974
9317
6632
4
1537
2399
7397
6146
2224
8982
7470
9227
4058
4956
7231
7081
3322
7486
2906
5831
9839
8091
8312
9993
5622
1444
4693
5059
3689
7424
7173
5861
9813
985
2420
1002
5547
63
2679
10350
10069
3217
4386
2335
8204
8267
2539
4381
2676
9329
758
7090
1337
863
3839
4566
3930
2744
3491
9522
485
1101
9150
5377
6984
912
4389
2912
2193
8914
5848
8244
699
8778
6989
5780
8763
5139
4678
965
1111
446
4180
297
4861
3914
143
1930
6643
3301
6812
3269
259
7027
9645
9934
9791
1534
4373
1188
7834
10210
4766
2818
1116
9641
1342
427
1637
961
9009
6205
10247
2955
1463
4233
3570
4072
6963
898
7202
2345
8146
9025
6993
6671
60
5992
7043
4538
349
8202
2291
6186
8313
328
1335
7351
655
4543
3213
312
916
3530
254
6151
6709
8808
185
6511
2958
7290
2669
7129
7796
9493
2522
1126
2864
1154
3119
8380
7608
5062
5539
7853
9867
4938
4884
5306
2296
492
6881
1658
4753
1966
5399
9499
7200
844
3122
472
9452
5200
4013
7592
4083
6224
2154
1939
9355
8706
6773
4020
10171
2173
7667
6468
8563
10008
1613
3943
3503
1533
9433
1561
4892
6032
3662
8179
5534
8287
6800
1512
10308
10286
4347
9178
5487
6441
7138
5850
2426
10140
6440
2782
1855
884
3375
5640
5779
9948
7820
9360
4851
4805
10132
50
4143
3649
516
10344
10083
9053
9632
2941
8079
8782
3543
7073
9202
560
8547
667
1677
8584
8994
7616
2573
147
3442
2876
9984
3785
5451
413
10058
8236
1193
187
5892
1379
4576
8599
5244
10111
5738
3565
8911
2763
6382
7487
840
6539
5181
2030
1415
9505
10109
8275
9775
6604
7598
1840
5648
9552
145
1509
7268
101
1364
9000
9496
8862
8693
4661
3433
1807
4907
9386
7687
5305
5234
2427
2126
9565
6771
5174
3519
7223
2638
1037
4562
8455
6312
2309
2895
5272
8844
1894
8452
6861
8646
1773
1706
6039
7062
1273
2119
3624
4850
1642
2032
9058
10328
83
5056
3398
408
457
2879
3120
10194
9842
61
10056
240
3820
5761
10175
797
7308
5777
1268
7610
1882
8425
9637
7041
9034
5741
609
10373
4545
6951
1565
9111
4911
2039
2109
4601
9471
5312
6745
10002
8413
1378
7064
4064
7937
1678
3835
5641
498
1443
2764
1778
1526
1052
7433
6888
10096
4210
9263
7167
8618
4066
8668
2985
5233
6493
5906
2081
3833
68
9864
8504
7528
3348
10200
4980
6302
546
6729
3680
9288
8321
5613
2252
6797
6437
10241
1010
6073
4715
3275
4358
8494
7871
3206
4634
6330
3019
5002
8653
1935
9773
1264
4001
8113
8882
1020
6819
6463
3453
828
1641
2668
9679
899
9682
6022
8659
2931
4548
8666
55
54
6305
9381
423
8371
7624
1393
9675
4449
1029
9429
281
9415
5020
7932
7357
6547
10071
6841
9348
9115
8821
4854
3600
4259
310
1919
4547
5346
970
1704
4537
10258
9046
6506
6357
6042
3357
3421
2355
1627
4878
661
9998
5960
6445
9308
121
10181
2762
893
1590
8194
9929
2746
2344
5697
4246
6879
6891
8453
9096
7196
3167
9516
4113
6764
1600
4108
6488
3757
868
8722
1163
8485
46
3458
2637
6191
7300
5019
4322
5098
6612
3556
8462
7916
9608
9992
2179
1412
441
237
7431
9553
928
873
8505
6008
4221
3789
4676
8488
1280
3239
9297
5806
9467
3763
144
10293
6566
8168
9369
9428
5470
9200
1790
9229
5943
1581
8698
4114
4341
6727
6804
7261
4207
4706
2130
4970
6342
7209
7501
1532
4447
747
7395
1331
1523
6701
2789
4471
3664
10245
4451
9860
3853
4365
6220
3544
7316
5197
9358
6986
9060
6733
2575
8416
3441
5820
5434
4612
2873
1166
6471
8469
2243
7764
4360
9808
5183
9015
5360
6549
8071
10174
9668
5225
4926
3078
9052
7685
3805
9567
1716
5230
6227
7237
5838
4707
7499
9214
781
5980
2053
6807
3479
9099
6999
8461
5862
502
8642
5193
3842
3341
8667
8629
8028
3577
6761
7128
8855
6533
3667
3605
6092
2758
7923
1013
6904
9814
9077
6844
5748
577
2418
4202
2089
4297
4837
7216
5511
10100
3905
5734
9247
6860
6926
3294
429
9580
3173
5425
1991
10229
5728
107
3187
7563
2675
8489
1385
4281
7169
5822
7402
4251
6219
3540
7664
2524
3367
3735
8373
2560
6623
6114
3123
9523
5704
425
6031
9491
5864
5503
8686
4425
10155
2247
9029
3349
8175
3987
8142
5840
9932
5801
4729
8038
5380
317
1265
6375
1226
8931
8711
4593
6177
6289
8613
9532
9447
7961
5336
6851
211
10337
6868
7225
1218
4273
8162
3408
2349
7438
4178
1607
2701
1209
2680
1550
3499
5908
1276
8756
5885
273
5529
1090
6962
6535
815
4913
9759
5996
1227
2237
3862
5485
1558
2833
3018
3945
9534
2206
3879
582
4186
9917
4283
2569
2692
3615
3933
7784
3035
9268
8700
8696
8362
8030
6255
1424
1925
10129
9533
10311
5693
10300
221
3913
7742
4968
1798
6766
5667
1211
1794
2266
7132
6297
7130
8250
572
5594
808
639
8574
8578
10189
1285
1300
8852
9746
2550
3456
10169
7920
4497
9175
8983
319
3251
1747
3694
10243
8103
1229
4071
3953
6588
1951
10144
3064
2108
207
6010
3701
6391
5642
2583
6980
1179
2639
96
566
1887
4919
2301
9437
6981
5707
8622
5874
5790
6700
228
1953
10304
1577
3094
8424
6144
7586
10122
739
9063
5073
1401
3110
4725
301
4574
6018
669
5927
5061
5213
7217
5502
6392
4060
2116
5941
7000
2111
2011
6459
10072
8909
7556
4587
6496
1097
9707
3907
7053
7946
2414
490
7683
1459
9488
4327
7318
4025
4241
3708
563
3060
4552
5753
2976
5649
8043
10269
6132
8875
4932
3564
5655
10294
2846
2812
6309
3228
6110
4466
3873
4735
10195
6376
2667
10249
7963
1733
8089
4011
1622
2184
5896
5256
979
10238
2013
2021
5558
2689
9179
1204
10353
2348
9731
8391
3991
7348
3334
2170
2339
6744
6316
10074
3116
5461
7109
5484
4821
5422
6828
4591
9834
4484
4121
8256
6235
2358
5282
2937
9163
3671
6953
373
4825
3999
4398
5259
5757
431
9646
2076
5970
325
4841
6619
7425
8291
3633
8265
1787
3892
3867
420
4155
6679
969
6349
7089
9139
4769
10223
1610
224
7771
2191
2821
3006
1279
6490
8968
8102
3727
3410
6267
984
7003
6863
8714
7604
3827
8780
8590
6736
6203
6456
7126
1539
9708
9370
1423
4107
1095
10101
1244
2954
707
8083
8517
4623
1546
7066
9217
2819
3629
6528
8652
854
3374
1162
8135
2930
2293
8457
1032
7750
7619
9423
2832
354
6329
1496
8165
8964
10012
9265
3248
300
6460
5469
1900
7938
6512
10135
7716
1702
4130
9579
7566
4197
9558
1837
4755
2205
8717
7701
10060
2783
2380
4563
2118
2317
2863
2808
5395
9405
8979
7855
3596
8495
3692
5803
6208
4513
7352
2216
2440
4864
7444
8235
5064
3039
8052
3668
511
5421
9935
103
7122
5727
6572
8361
6334
2353
2022
7572
9965
5449
3419
1777
3303
9242
6540
10236
10028
1132
3177
9413
6501
4952
8591
1883
5868
901
1729
3659
6949
3811
8905
5322
6324
2489
9966
8536
8600
7149
881
6672
3950
3327
2153
9260
7779
2827
7830
8936
8261
3396
2625
3105
1844
5961
290
5499
8832
9017
3762
3742
4342
179
2905
9598
4628
4421
6684
8033
8264
7082
369
6111
9997
3834
8886
8896
4267
293
8533
3404
3121
966
8753
1831
3531
3998
2319
7821
6669
1945
6217
9332
9487
4005
964
2278
3903
1267
4936
6435
960
7054
3761
9676
551
7422
2312
1695
3255
5198
3702
4712
2415
7236
7009
1746
2532
452
4791
1520
8016
2504
10046
8475
4546
3631
5544
148
8377
1438
1710
4749
1430
958
2850
5076
10242
9663
8441
7648
4771
2606
5537
89
3118
8500
7254
2238
9722
803
1419
7333
2811
742
2149
9300
3092
9689
4408
4675
1693
6172
8087
5795
3145
2752
600
6702
3509
4307
1506
1262
9723
3190
6093
2616
2673
5084
4798
483
905
9340
4953
538
2649
8534
4335
9910
769
9967
3818
9880
8685
4672
4733
694
818
9650
1601
7234
4948
7851
9958
2704
4427
5703
10076
5142
5100
9543
6687
1562
9889
489
9048
1690
9142
6517
5112
4868
3161
4752
8124
3816
8348
5990
3090
4433
9287
5163
1466
8108
8009
1999
9741
6922
5069
8285
65
32
9076
5922
3966
4133
6647
5698
2094
1056
2385
6250
9473
646
4452
6416
5191
473
800
5853
8218
3224
10067
544
4168
1988
5291
923
4117
2695
3451
4589
6813
3306
7434
8037
782
7845
4321
6363
2412
5639
9022
5616
4012
1697
4844
3673
6346
6880
5290
1102
7782
2198
654
4827
8379
4745
3480
5834
4867
2416
5114
1246
10142
5229
8860
3196
3209
9736
8755
1456
1119
6717
5037
530
197
158
7385
931
5860
5913
9720
6466
7806
3113
8998
7991
953
5347
3728
4282
3150
8903
5168
594
250
1420
5865
262
5040
6928
9170
6188
7176
3645
4597
9981
1928
1504
9853
2544
1222
99
2352
9541
8402
5344
1871
2
5378
4118
9801
6676
5981
712
7948
5273
9190
1679
3180
7047
9604
4357
6664
9963
3718
4417
8644
9899
6412
7591
6639
3467
4306
10170
8752
2425
5052
1043
8899
3746
8004
3423
8415
1175
3107
5792
9564
1182
8338
204
3417
5412
7883
6631
1492
765
3318
1447
3661
7038
1400
9789
9478
3608
3230
1457
7583
1434
8026
10035
9469
8970
4558
8758
9762
7419
5431
4506
4026
3723
263
9603
7158
5815
6223
2740
6438
5578
1333
1047
3353
2658
7327
8606
8639
4080
4607
9107
3919
8007
6447
756
3837
7669
4174
2529
3308
2547
223
2836
8603
1465
125
1711
8111
5014
1531
9841
9209
4730
645
1847
7101
6996
4604
7049
9986
322
1682
6096
1486
3296
7330
7142
5634
6626
6055
3711
6595
649
6282
7945
7992
9810
3713
4964
8775
1158
1414
3427
9845
3272
7706
9282
4292
7617
7015
9157
2065
1106
2867
7827
6358
2611
2645
5519
7585
10250
191
9114
4852
7590
10218
2014
8879
175
2824
8769
2502
6281
3260
994
1307
7638
4245
932
6053
5477
9125
7959
8857
9430
3859
9716
3379
2144
8280
6322
470
329
6319
3971
8702
9872
4185
7017
2526
7399
2201
778
1799
9671
7272
4595
1661
1220
9232
4035
9041
9241
448
7735
2741
8621
8730
9711
5925
78
7306
2213
2384
2256
9351
9006
5416
7925
3495
8437
1524
3034
5837
1422
4654
1907
102
5569
8001
6762
10351
6495
2897
6024
5323
3273
8158
10040
5680
3463
4942
2315
8490
2798
731
1318
5196
3403
4487
8482
9256
316
7645
6741
1784
1403
5182
17
3819
8945
8323
4339
2520
6589
152
8528
3246
8709
10000
10178
9928
4787
6239
3474
39
4796
7037
4330
8447
7474
7491
8665
4572
9601
2077
2888
1191
277
9647
5787
640
3160
5966
10339
6086
4031
1842
565
4557
7557
9802
1083
3934
8263
9949
5842
156
6037
6157
5995
1827
3490
7936
904
520
4995
9891
1969
1803
7469
1296
9687
5490
6877
4517
2136
347
8940
114
5890
8952
8120
1409
3338
9417
9702
9461
2249
2257
5031
5491
3221
8908
4810
1092
3658
2760
5448
3840
9078
929
10023
5254
8032
495
7611
6937
2049
2033
7659
7405
2277
5876
5122
253
9309
9109
2942
2138
5975
4350
4420
5605
5678
3889
6007
460
3574
6931
6991
10156
1404
4316
1450
8106
10064
3278
8978
7998
4090
6935
4963
2903
2626
7673
7320
9804
434
9501
972
7014
3650
8272
8497
2012
503
4177
409
1028
9291
926
5584
2363
3508
255
8674
7251
8993
5847
6269
7538
5220
9828
3617
4785
549
2652
10131
3814
9827
10070
440
10032
9895
1481
1636
8750
4317
9122
6656
2273
9612
3922
10365
10152
1980
1024
9235
7502
5219
1648
3159
3595
3359
2966
9183
6578
6136
9902
6079
510
3452
9155
8985
1462
1543
7753
7545
10338
4214
6123
6582
9193
8423
9578
4541
2775
95
2748
8156
9500
3004
885
4422
7628
4268
396
7713
5619
3350
1006
9448
571
8664
6847
1983
7751
6614
3674
2403
6859
1625
7929
2341
3135
5706
1417
1303
5758
5542
1081
7691
879
6786
7165
9904
5563
7343
9617
7083
6158
9396
1878
2377
5105
1734
892
4616
5350
9420
1656
7837
10057
1990
3168
92
8466
988
10123
3639
5714
6256
1392
6961
4289
1332
4944
10097
5579
5439
4004
1811
3758
1541
2347
5518
2644
9361
5154
7680
8463
791
7255
8119
1724
6597
3172
891
660
3598
5307
2487
3265
2765
6341
790
3567
9764
6754
9026
4171
9539
1198
8558
9835
1370
8365
700
9545
4384
7990
7849
7657
8625
7361
5159
9662
3027
1287
9406
2037
4206
9187
3537
567
911
3975
5760
5325
1874
8464
4896
3466
5836
439
2945
1848
939
6352
410
7564
164
6131
77
6939
4522
9295
7179
5771
6801
2292
8376
7509
2338
3133
6120
6061
8451
8353
8760
5481
1681
954
3202
2686
714
1088
8066
9691
8369
937
6884
4584
867
9146
4226
718
2568
975
6558
1536
5400
4783
9134
7536
141
9072
314
9279
7670
6739
1165
6602
6994
1559
5379
6400
6301
4439
9387
8322
7694
2650
5797
5835
6356
404
7264
5090
2847
802
9732
4048
1451
8518
9240
6411
9919
880
7918
5702
9362
6211
10277
7048
8764
4742
3446
3717
6295
10059
7219
1140
4044
6427
9886
3938
6249
7854
1956
866
3439
6193
613
2064
9166
692
3205
7993
6753
2104
6746
173
5066
7613
235
8654
8456
3450
3282
9393
8900
7163
1611
7560
7727
6878
2968
6806
6792
8767
8727
7221
3985
6890
9136
4695
2733
1283
3059
2148
3961
10027
618
7285
6642
4618
3620
7596
1500
1709
2360
5486
2302
1986
8761
8273
6474
3923
126
2684
5267
8408
3481
6279
3476
4194
4807
3411
2523
2715
7367
1143
4272
6000
7245
9513
4250
3465
4689
2697
2225
1954
7371
5433
4857
1353
2900
9749
3455
732
7181
9712
6069
7672
421
1604
8582
5950
9747
8795
697
5979
10120
8788
3566
9694
8069
5689
5060
6805
3936
1089
1728
10295
6843
5665
2922
6605
3038
67
7773
7951
5223
1744
2255
5589
2268
10192
8552
6498
4509
4440
131
299
7676
4199
59
3524
1313
8046
2204
7026
5786
986
3186
2498
1326
952
9104
7243
4099
3960
1347
7125
7166
6038
7172
2914
6094
4163
6732
10224
7045
1701
4955
9233
8589
9302
6192
2107
8980
7739
1548
1040
3732
3895
3475
2620
7056
6385
3343
10148
8624
6368
7709
2428
8389
917
6945
8605
1726
6139
2809
3279
3656
8734
464
7248
1802
1339
6190
7707
6638
543
2221
8481
9812
6985
6751
5610
6397
3532
6479
8187
2310
7958
7620
3693
430
6259
5332
5768
5583
4392
7517
7275
4295
6271
6567
5101
6428
7561
4999
4502
9121
7798
8549
400
7787
3166
10313
1138
9511
3935
4627
6829
9249
9495
5949
3582
8200
1947
5691
9528
411
5043
7380
7508
0
6303
238
9585
5035
3611
5938
6060
7654
1940
5653
6300
5150
2866
8944
9831
5389
7478
7985
6137
4036
7214
9137
4331
8772
1754
9476
9424
9132
2041
1369
3048
8012
8718
8851
2210
2000
7058
6430
3637
4225
10090
6360
1868
4592
4801
7982
3951
7440
6489
1354
6074
8148
5635
4606
7154
1909
2134
1186
6952
7273
6591
8407
3337
3612
9059
9001
5517
8123
6232
3157
7412
4667
9615
1192
14
3181
3829
5110
1996
7947
6586
6078
3563
3924
7369
8617
183
3815
4940
6230
10217
5562
4087
9530
6166
2757
4037
443
3875
4590
3652
1360
6033
3162
7870
6899
1749
683
5001
1376
717
763
4922
7476
4216
10115
1019
5420
7702
7031
9118
7972
4726
5833
1176
7114
1809
5265
1841
6185
7004
9811
2552
6275
10182
8888
4068
1912
5123
523
9535
7705
9529
4777
1722
6408
1934
5171
2283
7824
5672
7656
5016
9879
2929
8807
8283
4477
7505
4193
8020
7704
4724
4782
6129
8308
9133
6338
9803
7736
9357
2540
1212
9459
10289
1592
501
2143
1074
4814
2970
8757
799
3013
5049
398
10045
90
467
6897
3648
5345
3420
1431
2844
4829
10126
2973
4309
9174
1016
8635
2619
6763
1080
1100
6581
4469
1645
524
850
6875
3098
8189
3609
8241
1503
6908
2691
7571
7079
10165
2374
3690
9652
6161
4195
10231
4371
3881
8805
4493
5093
9531
2001
1730
12
9151
930
2708
7350
2300
5955
3569
9338
8501
7035
2820
2792
3630
907
6894
7911
5540
9475
2115
3554
8787
7456
4153
7164
6548
289
8068
619
9149
3020
7708
5048
7823
3091
7733
7896
9248
332
2354
5723
3809
9324
7761
7578
8019
2010
10267
8176
3070
1725
2558
4637
8671
7387
9257
5978
7677
5528
2044
7795
4984
6335
9855
6966
6262
4243
8093
8743
9161
5696
8737
3838
6964
2953
6003
7095
4901
9439
2074
1893
1224
5381
8351
6621
4057
2132
2343
6154
9044
5457
3755
5011
10358
8938
47
6372
1382
4301
1402
3208
8867
8229
5137
6394
6125
20
6716
10094
3355
3844
1718
8745
2563
1824
1519
7791
3295
7747
7215
9068
3948
2020
401
7877
5967
5676
3521
3744
8414
155
679
2967
2898
3734
9075
1792
6925
2538
5679
7071
6332
10139
6097
7297
8305
218
3062
3443
8508
4792
3097
3897
9780
43
5637
8401
542
10113
9750
1976
6615
1135
1891
272
2794
7365
4795
2466
3793
8675
3955
3454
16
3502
6261
1478
10233
1689
8097
3506
7800
1374
3792
8962
8161
1291
7436
3285
4530
8861
9468
3049
1629
7597
10322
3753
5474
9289
6852
7822
6134
4647
1748
814
6
3636
4865
3678
214
1202
5155
8411
5317
1836
7230
5355
2387
9010
3102
5945
8436
6982
886
203
10307
755
3144
3946
1160
6798
6095
7740
5384
633
4519
5794
9698
9777
305
4043
10263
4009
4577
7976
2549
4456
4101
493
8623
4866
323
6538
5235
1595
9463
1460
6181
2991
371
1552
8939
9832
7507
1838
458
6484
6371
5053
1603
6152
10343
9205
4136
2493
3817
2700
6278
3654
5781
4620
9031
2327
8910
7555
7111
9873
3459
10319
8834
7309
6681
7259
1319
533
6893
10234
1755
9284
2446
4992
9686
4754
9784
8918
8768
3688
8810
2180
4961
7593
2275
9128
4935
1923
3198
575
5238
10038
9494
7874
909
2713
7197
9738
1593
5504
3462
7864
2217
2261
7885
2785
9815
687
9343
3670
4023
7077
6337
3262
150
1050
2574
6649
4838
2990
479
7886
6585
4677
2294
2383
5609
2112
7693
4998
1468
8065
7575
698
4951
4599
2459
4671
5751
81
3218
8182
4462
6810
4740
4615
1320
9643
7384
7280
6767
3874
1216
4581
8847
7078
4022
2727
1553
8816
5118
7878
5176
1475
793
780
8384
3534
6929
9943
10018
5508
5280
9909
1781
5899
3783
5555
4418
7085
190
9272
10220
5221
5746
10087
3252
8892
2640
1371
7666
4234
2979
3983
8221
8329
7810
2839
4016
149
5530
10153
5916
5595
6722
8339
1862
6421
6021
1059
9822
10173
7495
529
5156
7044
4845
7002
4152
7609
5300
9957
4823
5424
3005
1490
9714
7637
8147
1688
1860
3981
1720
3477
8512
4175
1113
2627
8479
735
9863
7895
9215
37
657
7671
6923
757
2517
5302
3087
5883
8736
2720
8866
2595
8320
10188
3008
2960
8303
5546
7639
4536
362
8701
658
2557
2965
4603
3854
6270
6959
1859
8571
2516
7968
7124
5863
8405
4200
4472
2340
57
7859
10292
3594
1499
5928
3100
85
734
10345
4260
5767
630
4377
4164
3535
2245
2877
4582
8372
6293
2858
8486
8865
9375
4343
5310
5849
2500
384
8454
8689
3434
1598
2521
9005
6561
7235
2336
8912
6721
5372
4320
356
2666
3878
3040
4476
547
6708
7464
3990
4188
4088
672
2097
1547
5402
9094
7112
51
4971
4165
8059
2784
724
862
7262
2038
2120
9755
6725
5108
10278
4312
5851
4414
4941
3558
113
10176
696
424
2865
1408
8039
9226
6026
3061
2308
7778
3289
1308
1003
2688
4094
6149
5817
9441
3153
10219
2515
346
2566
963
1899
4531
6688
7108
2710
7950
9858
584
8201
7239
7897
5614
6765
5971
7763
785
5993
7717
3250
2468
8328
4668
106
1292
8932
7996
1087
2621
7789
8471
1545
8062
5917
1272
4173
9311
9547
4761
5856
9730
3777
10240
375
2164
9143
4227
9039
5654
2066
3716
296
2026
7207
6862
2078
5170
9519
4228
7252
7392
174
3979
8789
6383
6030
7770
6596
6082
7013
794
7942
8684
1676
10121
8021
1624
6386
3068
9996
9727
7324
1195
2603
7980
9366
4103
1591
7012
5472
1442
1252
418
9674
8747
6920
4006
5823
7625
9218
9310
9768
5948
3309
6610
10191
6015
3687
3056
10341
484
4450
9838
772
3042
6184
5785
8991
7183
7759
1269
2024
1142
593
4570
7730
385
8873
4253
9019
5989
6290
2091
193
4877
4215
5846
4147
4872
3286
1742
2712
7785
9389
1758
4718
9377
5915
2642
9344
9274
3028
9456
3841
5782
9683
8781
9570
9740
9619
4218
8180
1432
9435
5675
9181
9490
9409
9625
2464
1774
8480
1714
9851
390
2057
8937
9307
10088
3311
7060
3832
9761
3307
5190
69
9277
1122
4610
7887
4184
6451
8279
3485
3211
7802
7615
7783
6377
1201
3845
468
6403
4140
6887
3231
1233
1659
4760
1363
7836
4824
5212
8096
2166
8973
993
1772
2527
1687
4579
1631
1084
7265
6978
6774
2591
1797
1284
6570
5042
8450
837
2209
1118
2455
9335
3313
4232
1250
517
1483
2316
6318
4261
111
2431
181
5752
3619
914
4567
2838
7005
2424
9837
1232
4903
8163
7489
8470
4858
7458
6563
3389
2739
7446
4222
9823
4804
9589
6831
7296
6855
3807
7674
7891
1150
5606
2723
506
4939
2628
352
5952
2542
4806
2705
9319
6420
7339
2322
9868
4498
7631
97
6834
701
5437
1549
9971
7780
137
8921
9797
6956
6622
2849
1210
9474
5072
10063
2745
7964
1582
1566
10177
888
370
8025
357
1696
9936
6196
3405
8559
7523
3346
6791
5241
4774
3752
1458
344
2771
7721
4776
3001
8874
4556
9537
9090
7569
3366
2687
433
8645
4262
6147
3426
9846
9245
6103
8771
602
10352
2778
6311
7383
541
5895
471
3210
6280
1897
1185
8363
9742
10281
1719
9781
3644
5699
1121
7714
598
2891
1949
5507
6263
10349
7726
1606
2923
2456
9610
2946
10359
7612
374
1377
1635
2139
7971
10179
1796
6314
1474
5527
1861
5440
3695
1638
3601
4182
5473
8575
5335
3965
2279
9726
10280
4780
5143
6849
7703
3139
1763
3741
4125
2232
6759
9690
4527
2259
9434
5375
8017
1791
7410
10334
252
7450
2983
5129
8878
9718
10279
4495
8800
1819
6526
3111
1238
5115
605
6577
4024
6287
2908
9907
500
10128
2083
110
1652
5930
8053
9618
4169
7775
9805
6143
8260
1850
2323
9085
2357
1946
4374
5743
5898
842
4863
2996
3872
10016
10367
3216
6285
1173
3775
5318
4485
318
5875
7788
7439
7873
2543
1237
7362
6176
7182
2505
2488
3655
3414
7554
2925
2861
6348
5628
5994
7413
4990
9145
10005
2386
4746
3760
3602
4516
10252
4781
7633
4811
10081
526
2851
9508
6592
2822
8984
5382
521
4157
3590
4030
5456
3312
10151
225
5365
6930
1989
743
6118
6237
234
1249
6057
4520
1867
648
4131
5889
1452
2755
5173
9626
6353
10019
2437
6873
583
6288
4231
3244
8034
9422
9799
257
4617
320
5733
1998
4361
7622
109
7103
1889
643
3362
9407
9672
8726
8399
8438
6781
2828
8440
2054
4982
3498
9912
5027
8915
5763
6571
6197
8609
4710
10061
7774
3868
7979
8002
4532
1330
3328
5074
4629
5144
1761
4474
168
5430
8838
2441
415
5162
6446
8296
2219
9951
5167
6494
10203
2202
4640
4902
8786
3470
1943
7589
6927
8754
8216
2004
4363
1869
922
1086
9035
422
3376
1054
4511
9659
8818
6504
4002
8085
4159
45
9267
6657
7562
4338
286
1518
9709
2916
9592
1623
3525
447
906
3101
8420
3298
5520
7188
9874
4299
4790
4778
8553
8080
105
10112
100
4441
9160
4387
7490
2486
7244
3264
5592
4997
2728
9877
6532
6351
4368
5165
6757
8712
5125
9239
4515
10143
7927
5580
5826
2241
4738
1031
841
3233
804
8647
10330
8806
5436
5251
1732
2805
8390
7266
2910
1386
10114
5576
8833
6666
2852
2401
1851
9431
271
8014
8853
10372
1767
6661
2234
4681
1295
7695
1813
4717
2313
35
10347
4059
10262
3489
4685
6374
1387
9639
8387
1302
5660
8492
2682
7072
9182
7516
5206
6388
6173
2913
9865
8929
2196
10147
8735
1535
3478
5065
5063
7454
76
1448
6693
4270
4909
825
6789
948
5959
5705
1717
3865
1107
9082
7652
4974
6552
8848
4148
9498
6941
487
5805
3520
6969
2342
7581
1657
4212
3977
1745
869
2707
4075
1429
7391
8592
5802
9634
6940
3743
4395
9717
4723
7453
6869
7580
9460
512
3782
1355
8588
3356
5261
9252
1502
2613
7966
3606
3315
5103
5435
10237
4208
1350
9787
341
8144
10157
3676
4465
10261
9014
4264
10331
6699
4405
10085
5404
9960
2702
4987
8822
7949
6690
5277
924
2239
4055
8997
9154
7319
2392
6912
8572
2098
6455
295
6387
1978
7603
6522
7249
8191
5205
7924
6491
1168
7323
3394
1587
1072
2087
3888
821
5079
2917
4900
9518
8174
6257
856
8715
7856
7488
6238
4750
6206
8342
1344
494
947
670
1649
3703
2535
8971
995
6066
6750
7148
1068
1298
6537
1779
4467
313
5003
1846
3086
2069
671
10150
7022
195
2477
7204
6070
9436
3031
9091
6045
5632
7595
754
10041
5158
7526
10325
7744
6029
4112
5327
7335
321
1589
2019
1258
6705
116
260
7815
9611
9586
8199
518
7310
3243
6107
7710
3828
3418
339
6444
3371
874
3921
1597
2743
2924
9540
3460
9097
2665
10163
7842
2790
8367
2229
3754
8206
9883
3345
8130
1358
5607
6946
4277
10221
9654
9443
851
5565
2367
10068
8330
4181
2146
5075
3381
9825
10198
2634
3029
2497
1449
9064
9599
5131
9870
256
7876
9316
6088
166
2609
5038
8641
284
7065
10276
1397
8245
686
3883
6665
2422
8306
6864
9684
7997
8282
417
2768
3046
2781
8724
6320
3851
822
9484
5567
7533
5353
5034
7973
278
3515
5243
4189
955
7198
3729
2855
10288
1455
9210
8186
9445
8262
8793
8230
2396
3709
5951
5525
2435
8058
7336
4559
4095
1245
123
2190
1975
7521
324
9600
5593
7171
4438
6777
3383
5526
8798
3149
1325
9326
4470
8388
6677
6213
7278
2915
6637
5736
2780
9512
3176
4799
3416
5145
2816
3942
9342
1270
1614
1612
3053
7679
1190
1035
1123
6782
2122
6710
4813
9623
9887
1189
4708
6599
1675
7146
3947
2604
599
2653
5545
7662
943
6513
7341
7944
8428
1194
8352
8259
8472
3890
1497
9983
2298
2869
3082
4650
3538
2490
7267
1892
5177
8095
3778
6112
269
3599
1650
1959
2635
9665
8804
3063
4038
9438
10257
1952
4748
3887
852
1012
1651
1109
8703
9548
7430
5934
1921
1873
6292
10369
49
8237
5601
2262
3548
4775
5762
4244
8151
8319
4542
9198
9385
2890
3580
1157
1057
9982
4454
637
5867
1830
532
1628
455
662
666
6520
7143
3770
5253
1884
7201
6171
9313
4054
9172
10007
779
3437
8290
8018
4204
291
3976
6560
9651
2826
5869
9293
3085
4265
3032
6553
6422
5904
2654
5725
8252
2932
831
836
4349
4496
7133
2475
6384
616
6694
7534
920
833
6519
10095
3347
4815
7298
9925
7844
3550
4914
1743
8281
2409
9196
6274
280
2980
6752
5134
5612
1580
8732
1108
8728
3424
194
5301
3259
4382
9383
4880
4670
737
568
6975
6516
2048
428
5141
9081
4912
4209
5
6871
9451
10366
7317
5480
10315
10211
2718
7668
8672
8476
10084
2993
3885
2556
5099
2881
7681
2694
1263
9554
6482
6310
2110
5756
6272
5582
2553
915
1241
8370
6373
9721
4256
5603
729
2943
2799
7246
48
7416
44
2282
9713
4822
5677
959
5550
9384
8544
153
4630
8825
7513
7743
7935
2656
9103
1653
870
8393
6990
7766
604
6707
7987
8374
3591
6944
6075
6006
6832
9264
10316
9367
720
10011
488
9701
6644
2561
9236
4554
3533
10055
2140
7036
9244
9888
2159
2491
811
7496
9322
7762
1602
4906
9
5357
2151
1950
1557
6524
3893
9336
8608
4818
9171
8850
2921
2018
7099
5536
2223
6712
4235
5573
7903
3821
6584
7527
5236
7939
1381
4220
4183
8596
4765
2598
6418
1215
2671
2157
7649
9843
5113
9216
10080
8746
4989
2841
5791
10125
1538
2071
5138
3986
10364
3825
6413
680
8246
6017
6787
8610
9266
9850
7868
9089
725
9234
1153
704
5226
5028
2129
5726
7493
7494
3707
9321
10248
8101
9555
9440
919
9906
10014
4446
8491
2321
2460
3472
4115
6415
5057
309
1042
58
9593
9002
1446
6509
5650
606
9421
5479
3790
4921
6367
650
8317
2581
1390
3041
5187
4893
7599
2857
2738
9830
8704
4739
5549
5581
3378
2311
1826
2875
7472
7139
3568
8335
7140
7988
8695
4315
367
9219
4882
2986
8138
8431
1184
7539
1281
3699
2389
7442
9606
1418
6085
8269
1970
9131
525
2003
5281
162
7107
5287
1315
9325
4407
3373
2481
798
4722
8474
327
10265
7227
7345
6063
6530
8309
