301 197
23
29
72
80
147
175
203
245
329
409
477
543
630
656
748
802
877
885
949
1006
1012
1034
1105
1150
1191
1284
1382
1458
1462
1529
1626
1653
1726
1819
1906
1999
2020
2035
2070
2075
2123
2178
2202
2289
2370
2386
2428
2484
2509
2567
2580
2663
2743
2779
2808
2829
2859
2938
2987
3021
3067
3166
3180
3200
3292
3293
3306
3319
3388
3388
3459
3528
3583
3678
3734
3770
3781
3879
3924
4012
4021
4031
4055
4096
4143
4196
4259
4336
4368
4432
4495
4574
4589
4618
4669
4676
4759
4775
4848
4852
4868
4912
4985
5008
5047
5076
5087
5089
5169
5225
5316
5357
5424
5491
5573
5639
5659
5756
5851
5855
5869
5927
5962
5991
6031
6117
6154
6177
6179
6189
6216
6286
6340
6392
6485
6530
6563
6620
6667
6680
6693
6783
6789
6821
6878
6967
7017
7046
7132
7177
7211
7211
7267
7336
7366
7462
7470
7537
7608
7670
7699
7749
7834
7869
7871
7901
7981
8016
8103
8182
8183
8236
8306
8313
8350
8429
8525
8613
8622
8705
8790
8833
8868
8909
8973
9038
9127
9151
9235
9247
9334
9399
9461
9485
9485
9549
9603
9635
9687
9729
9741
9794
9889
9923
9983
10067
10080
10089
10161
10183
10227
10237
10254
10333
10384
10418
10463
10556
10614
10643
10648
10745
10792
10860
10881
10928
11012
11088
11120
11156
11226
11270
11311
11328
11358
11360
11361
11404
11467
11493
11511
11518
11554
11589
11675
11714
11783
11866
11898
11978
12043
12133
12210
12222
12232
12283
12342
12436
12515
12558
12641
12642
12729
12753
12771
12840
12918
12989
13002
13043
13092
13123
13123
13208
13226
13313
13390
13430
13452
13513
13533
13620
13671
13720
13819
13880
13932
13943
13951
13982
14036
14127
14159
14253
14268
14270
14333
14379
14405
14433
14520
75
86
126
187
217
296
386
408
409
460
554
643
698
741
781
797
845
848
924
955
965
984
1000
1004
1091
1109
1128
1161
1205
1205
1277
1349
1360
1372
1457
1550
1641
1716
1731
1824
1850
1859
1893
1974
1979
2053
2103
2156
2186
2264
2348
2388
2486
2538
2634
2719
2790
2857
2875
2942
3009
3099
3190
3269
3272
3348
3420
3514
3565
3653
3692
3722
3771
3844
3907
3961
3961
4026
4085
4115
4159
4255
4325
4419
4467
4485
4564
4635
4720
4769
4860
4913
4952
5034
5066
5160
5219
5275
5316
5378
5474
5506
5598
5644
5650
5658
5710
5768
5841
5853
5941
6010
6070
6080
6143
6151
6179
6221
6301
6314
6357
6428
6494
6529
6534
6584
6613
6677
6684
6706
6733
6736
6743
6814
6863
6876
6955
7009
7080
7085
7151
7162
7236
7262
7283
7373
7459
7508
7592
7610
7624
7652
7693
7726
7789
7836
7919
7963
7974
8064
8083
8173
8219
8245
8259
8306
8397
8490
8491
8553
8603
8622
8647
8724
8821
8867
8934
9018
9065
9116
9170
9183
9214
9310
9356
9450
9493
9523
9614
9620
9692
9702
9751
9821
9909
9972
9990
