2924 1378
79
87
158
251
310
401
419
455
495
511
566
642
705
711
742
818
856
883
958
1042
1064
1069
1144
1172
1201
1238
1315
1315
1340
1432
1502
1506
1507
1548
1645
1705
1789
1856
1904
1929
2012
2015
2016
2114
2175
2207
2234
2333
2344
2346
2382
2415
2474
2485
2499
2587
2588
2631
2719
2745
2781
2839
2922
2959
3011
3043
3092
3128
3128
3225
3238
3321
3373
3388
3470
3483
3582
3643
3708
3771
3834
3835
3883
3905
3969
4031
4041
4106
4112
4163
4207
4301
4362
4389
4420
4433
4492
4524
4526
4585
4614
4629
4724
4805
4835
4864
4910
4992
5082
5093
5138
5143
5207
5252
5279
5308
5316
5405
5451
5517
5609
5651
5711
5765
5834
5877
5896
5977
6052
6073
6165
6221
6310
6349
6438
6457
6525
6560
6613
6623
6722
6772
6787
6850
6946
7040
7084
7140
7224
7267
7289
7317
7402
7436
7518
7525
7602
7656
7696
7700
7727
7759
7819
7835
7907
7956
8044
8136
8172
8265
8268
8303
8347
8417
8516
8608
8673
8768
8816
8817
8855
8877
8906
8982
9038
9102
9185
9270
9288
9311
9400
9497
9504
9505
9519
9598
9648
9650
9674
9712
9807
9886
9960
10051
10100
10125
10208
10222
10242
10325
10392
10403
10408
10505
10592
10653
10714
10784
10882
10913
10958
10997
11025
11077
11117
11211
11295
11337
11385
11393
11474
11570
11657
11712
11751
11839
11871
11894
11897
11901
11907
11977
11992
12056
12075
12077
12154
12186
12210
12286
12349
12370
12385
12429
12503
12511
12601
12611
12661
12752
12770
12853
12940
12997
13087
13113
13158
13180
13181
13181
13208
13268
13291
13333
13357
13399
13496
13497
13524
13597
13626
13668
13763
13860
13946
13967
13972
14001
14032
14087
14107
14108
14147
14154
14164
14245
14330
14337
14341
14428
14488
14519
14566
14649
14674
14697
14774
14848
14924
14928
14976
14982
15029
15124
15127
15212
15228
15288
15354
15453
15520
15606
15658
15716
15761
15823
15863
15946
15967
16011
16081
16162
16189
16258
16274
16326
16370
16464
16543
16563
16613
16640
16666
16715
16789
16870
16957
16999
17040
17093
17186
17195
17287
17332
17399
17488
17547
17554
17626
17706
17709
17803
17817
17847
17862
17892
17927
17986
18062
18076
18156
18235
18328
18386
18414
18481
18573
18640
18701
18734
18807
18861
18955
18972
19071
19085
19091
19101
19174
19205
19247
19324
19401
19457
19464
19557
19596
19690
19694
19709
19717
19801
19895
19948
20043
20118
20138
20225
20267
20348
20420
20435
20522
20589
20621
20659
20692
20783
20831
20837
20859
20950
21033
21084
21183
21226
21270
21308
21345
21394
21400
21498
21583
21583
21634
21666
21693
21717
21788
21858
21915
21959
21996
22041
22104
22126
22209
22305
22318
22350
22352
22439
22514
22552
22590
22616
22649
22684
22749
22819
22855
22878
22898
22919
22942
23014
23020
23071
23167
23244
23317
23370
23391
23453
23551
23587
23671
23705
23737
23834
23900
23987
24023
24116
24193
24268
24287
24297
24307
24343
24375
24473
24532
24585
24656
24691
24716
24793
24831
24904
24959
24970
24996
25024
25097
25174
25239
25249
25260
25309
25368
25397
25485
25581
25603
25668
25691
25784
25859
25944
25974
26034
26117
26206
26219
26273
26349
26439
26471
26485
26548
26587
26612
26653
26672
26723
26741
26777
26790
26871
26957
27029
27039
27113
27133
27217
27309
27352
27382
27401
27429
27489
27568
27631
27632
27724
27742
27820
27902
27904
27996
28041
28134
28204
28243
28255
28328
28385
28434
28472
28563
28650
28660
28661
28674
28705
28743
28748
28822
28890
28967
29022
29102
29158
29176
29209
29258
29346
29357
29440
29482
29538
29619
29654
29732
29752
29800
29803
29832
29881
29922
29942
29978
30029
30103
30104
30138
30150
30209
30270
30302
30338
30406
30418
30510
30548
30593
30686
30713
30722
30799
30868
30933
30991
31048
31143
31173
31178
31276
31335
31341
31432
31512
31554
31648
31702
31797
31826
31892
31946
31988
32038
32128
32138
32200
32283
32331
32390
32466
32493
32561
32614
32663
32748
32811
32817
32849
32942
33005
33087
33140
33209
33282
33315
33378
33446
33485
33543
33592
33649
33662
33705
33712
33715
33768
33789
33827
33880
33960
33975
34008
34009
34029
34111
34149
34233
34273
34344
34373
34376
34429
34463
34535
34614
34633
34668
34715
34773
34818
34866
34881
34939
35030
35104
35118
35214
35309
35361
35362
35438
35457
35491
35520
35560
35628
35695
35771
35779
35817
35874
35885
35929
36021
36056
36079
36090
36112
36134
36156
36224
36294
36331
36409
36422
36434
36526
36535
36594
36691
36701
36788
36804
36901
36917
36973
37038
37122
37206
37280
37354
37396
37433
37503
37537
37610
37703
37800
37847
37914
37933
37948
37985
37994
38040
38042
38115
38153
38216
38248
38283
38309
38329
38333
38356
38444
38504
38592
38616
38661
38675
38774
38813
38865
38886
38959
39036
39051
39121
39145
39227
39269
39361
39433
39484
39522
39548
39572
39600
39690
39746
39762
39778
39806
39826
39917
39934
40014
40045
40086
40163
40209
40301
40317
40367
40381
40422
40449
40478
40542
40545
40608
40614
40661
40748
40805
40890
40904
40985
40999
41055
41144
41226
41250
41268
41270
41285
41320
41402
41448
41524
41536
41580
41649
41729
41823
41906
41928
42001
42065
42151
42180
42259
42303
42379
42398
42399
42413
42498
42532
42560
42601
42624
42686
42703
42744
42808
42840
42916
43014
43044
43049
43059
43134
43160
43203
43224
43233
43298
43393
43418
43421
43445
43501
43548
43548
43623
43623
43637
43697
43731
43825
43878
43887
43943
44013
44064
44136
44190
44269
44340
44425
44509
44590
44602
44612
44636
44669
44740
44781
44861
44909
45005
45009
45014
45109
45166
45246
45341
45364
45457
45538
45608
45654
45745
45823
45892
45986
46037
46060
46133
46155
46215
46225
46280
46304
46324
46404
46414
46458
46531
46621
46713
46783
46878
46975
46992
46996
47026
47091
47170
47193
47239
47288
47309
47398
47426
47516
47599
47630
47696
47705
47758
47836
47855
47863
47918
48009
48049
48114
48149
48215
48270
48298
48386
48388
48465
48470
48476
48483
48553
48639
48721
48790
48877
48881
48939
49006
49052
49146
49244
49308
49311
49362
49457
49531
49543
49593
49658
49710
49725
49726
49744
49814
49895
49901
49974
50032
50096
50127
50193
50227
50296
50344
50399
50456
50460
50526
50550
50601
50661
50684
50751
50766
50792
50854
50943
50981
50993
50999
51042
51069
51128
51141
51239
51279
51351
51374
51473
51509
51563
51580
51602
51678
51695
51773
51806
51828
51872
51881
51906
51962
52046
52138
52209
52220
52275
52287
52288
52307
52377
52421
52468
52498
52556
52653
52723
52805
52825
52846
52864
52890
52928
52968
52970
53026
53096
53183
53213
53227
53276
53331
53401
53434
53481
53574
53670
53724
53781
53879
53953
54033
54127
54148
54158
54162
54232
54312
54398
54440
54442
54446
54514
54606
54703
54726
54726
54793
54855
54885
54919
54982
55067
55123
55220
55305
55307
55352
55391
55402
55445
55510
55601
55691
55729
55730
55824
55832
55866
55947
55997
56085
56122
56193
56273
56307
56353
56434
56488
56548
56611
56651
56675
56724
56820
56893
56979
57029
57047
57124
57186
57200
57243
57296
57300
57381
57436
57534
57576
57617
57648
57692
57721
57790
57805
57866
57921
57934
58028
58037
58063
58121
58122
58172
58231
58329
58352
58397
58445
58538
58560
58622
58629
58646
58662
58725
58824
58847
58861
58954
59018
59063
59100
59145
59211
59216
59222
59244
59314
59315
59398
59494
59505
59590
59688
59758
59793
59814
59881
59916
59983
60024
60122
60148
60207
60273
60363
60373
60414
60418
60421
60426
60427
60519
60521
60541
60638
60646
60740
60808
60869
60898
60962
61034
61100
61163
61257
61258
61294
61355
61444
61499
61502
61541
61623
61637
61642
61714
61738
61784
61812
61891
61894
61975
62046
62103
62104
62173
62190
62285
62374
62453
62530
62583
62586
62629
62697
62795
62892
62949
62960
63046
63058
63124
63149
63243
63323
63405
63423
63427
63455
63553
63588
63671
63751
63758
63798
63831
63907
63964
64045
64062
64150
64208
64230
64322
64323
64414
64456
64554
64554
64559
64595
64607
64679
64740
64799
64851
64894
64923
64932
64955
64983
65027
65033
65041
65092
65190
65283
65362
65418
65492
65540
65636
65668
65739
65827
65913
65975
66057
66093
66107
66195
66268
66294
66306
66340
66377
66441
66471
66538
66563
66568
66663
66685
66749
66804
66877
66939
66987
66992
67062
67137
67190
67257
67316
67340
67347
67392
67430
67520
67602
67654
67684
67691
67722
67764
67805
67825
67883
67906
67993
68077
68106
68140
68146
68239
68328
68359
68366
68456
68544
68622
68687
68781
68878
68902
68972
68976
68998
69059
69105
69161
69226
69254
69317
69413
69483
69539
69608
69689
69769
69825
69890
69951
69994
70017
70023
70107
70113
70126
70200
70247
70290
70381
70474
70566
70634
70697
70794
70836
70912
71007
71105
71147
71171
71232
71322
71368
71385
71444
71471
71520
71588
71632
71694
71705
71724
71792
71887
71913
71947
72017
72042
72071
72084
72102
72124
72157
72238
72309
72384
72394
72460
72533
72585
72627
72713
72755
72844
72900
72902
72970
73027
73097
73110
73130
73211
73243
73331
73359
73369
73443
73541
73576
73580
73644
73649
73675
73772
73811
73908
73981
74030
74045
74143
74144
74154
74239
74282
74381
74422
74519
74586
74684
74703
74735
74805
74857
74922
74981
75062
75089
75122
75153
75216
75253
75300
75368
75383
75428
75487
75551
75621
75629
75709
75777
75786
75876
75881
75886
75927
76025
76079
76139
76188
76214
76307
76326
76404
76462
76492
76503
76588
76604
76699
76699
76752
76794
76815
76836
76875
76955
77040
77049
77138
77155
77185
77235
77294
77329
77384
77384
77470
77532
77593
77628
77716
77722
77776
77794
77810
77847
77877
77878
77931
78008
78062
78120
78139
78166
78245
78256
78315
78332
78352
78352
78386
78388
78439
78533
78623
78681
78727
78803
78823
78882
78893
78901
78966
78983
79010
79091
79145
79154
79189
79196
79282
79323
79389
79446
79514
79611
79679
79758
79772
79813
79893
79894
79937
79968
80015
80100
80189
80282
80343
80405
80410
80434
80456
80526
80620
80621
80625
80625
80635
80726
80786
80834
80866
80944
81002
81054
81129
81155
81186
81228
81247
81310
81353
81368
81462
81552
81552
81588
81623
81637
81735
81775
81813
81885
81948
82032
82106
82173
82258
82294
82304
82349
82386
82428
82451
82546
82592
82642
82715
82744
82836
82929
83022
83057
83065
83104
83181
83189
83264
83277
83299
83324
83377
83390
83488
83556
83605
83629
83664
83698
83710
83755
83786
83835
83874
83928
83972
84009
84066
84136
84203
84252
84315
84327
84364
84435
84486
84552
84583
84662
84741
84747
84751
84836
84907
84961
85014
85034
85112
85153
85160
85203
85241
85279
85371
85401
85494
85583
85650
85700
85759
85845
85896
85918
85968
86008
86053
86055
86062
86090
86171
86257
86343
86380
86403
86460
86552
86581
86611
86633
86703
86740
86805
86865
86940
86950
87040
87060
87159
87169
87191
87249
87297
87371
87403
87502
87516
87545
87598
87619
87628
87662
87722
87818
87889
87924
87929
87944
88008
88095
88185
88271
88295
88350
88397
88449
88466
88555
88627
88643
88694
88789
88815
88815
88836
88846
88897
88932
89023
89027
89036
89037
89127
89148
89197
89210
89266
89272
89353
89374
89468
89539
89546
89616
89694
89700
89722
89818
89914
90009
90073
90172
90214
90305
90356
90419
90472
90474
90524
90569
90627
90638
90736
90784
90816
90915
90929
90970
90975
91070
91084
91135
91201
91274
91296
91392
91472
91568
91660
91688
91779
91836
91863
91948
91948
92027
92027
92080
92113
92164
92214
92306
92320
92368
92460
92559
92606
92612
92652
92705
92706
92712
92768
92787
92866
92944
92960
93019
93094
93102
93141
93159
93176
93243
93247
93264
93362
93418
93441
93472
93479
93552
93627
93701
93723
93791
93864
93933
94007
94072
94146
94174
94245
94276
94323
94373
94434
94497
94559
94647
94719
94720
94727
94768
94788
94851
94910
94980
94999
95033
95087
95166
95173
95202
95255
95336
95385
95463
95514
95538
95581
95658
95662
95728
95788
95839
95907
95981
95996
96026
96088
96127
96211
96280
96360
96364
96448
96539
96566
96622
96647
96728
96763
96848
96910
96950
97016
97028
97098
97167
97255
97320
97419
97511
97542
97601
97644
97743
97776
97786
97868
97964
98013
98079
98096
98178
98200
98254
98279
98328
98338
98389
98471
98568
98656
98701
98790
98844
98901
98912
98988
99033
99109
99184
99273
99332
99418
99450
99460
99480
99523
99615
99683
99727
99737
99774
99800
99833
99924
99976
100010
100063
100118
100187
100189
100232
100246
100289
100338
100361
100415
100440
100460
100490
100542
100551
100640
100679
100772
100772
100783
100871
100915
100946
100979
101034
101102
101161
101201
101213
101276
101302
101319
101337
101432
101452
101465
101526
101589
101604
101640
101658
101750
101758
101758
101803
101872
101914
101950
102013
102107
102154
102205
102243
102321
102357
102402
102500
102548
102585
102595
102606
102670
102750
102832
102843
102843
102938
102963
102978
103040
103053
103138
103193
103215
103253
103305
103396
103476
103564
103570
103644
103731
103741
103805
103870
103916
103978
103993
104087
104186
104212
104270
104285
104291
104331
104410
104468
104555
104611
104636
104686
104755
104766
104823
104914
104963
104972
105007
105088
105137
105178
105233
105269
105272
105343
105396
105446
105479
105547
105643
105728
105774
105780
105780
105832
105878
105909
105971
106057
106144
106232
106268
106325
106376
106421
106421
106421
106475
106562
106643
106698
106779
106867
106958
107042
107053
107149
107235
107280
107344
107379
107461
107472
107513
107547
107562
107602
107668
107698
107724
107729
107747
107761
107823
107892
107951
107966
107987
108052
108054
108108
108128
108163
108257
108320
108340
108345
108404
108462
108464
108539
108632
108668
108754
108841
108912
108966
108993
109030
109114
109167
109209
109211
109278
109335
109358
109436
109460
109556
109651
109729
109731
109746
109760
109808
109838
109924
109929
109970
110014
110022
110038
110128
110172
110175
110252
110319
110328
110332
110336
110429
110438
110537
110584
110612
110620
110642
110648
110732
110750
110751
110813
110885
110953
110981
111001
111051
111117
111142
111233
111244
111329
111336
111389
111471
111533
111563
111612
111683
111769
111775
111839
111934
111939
111950
111973
112038
112071
112152
112201
112204
112238
112301
112328
112330
112374
112421
112425
112435
112460
112555
112628
112638
112640
112666
112710
112727
112783
112877
112965
113007
113007
113012
113101
113158
113226
113238
113312
113366
113411
113434
113443
113522
113560
113597
113630
113712
113748
113785
113830
113891
113975
113993
114017
114056
114101
114169
114225
114278
114292
114388
114436
114450
114451
114488
114511
114533
114535
114632
114708
114755
114827
114912
114991
115002
115024
115036
115081
115092
115094
115136
115208
115294
115355
115403
115428
115434
115451
115484
115495
115526
115556
115615
115713
115796
115893
115914
115971
116070
116089
116122
116220
116263
116334
116411
116465
116510
116552
116604
116660
116704
116798
116879
116961
116968
116997
117057
117122
117220
117313
117390
117472
117547
117583
117663
117674
117707
117760
117828
117912
117936
117990
118025
118093
118118
118130
118204
118274
118280
118306
118333
118335
118408
118416
118501
118581
118670
118767
118865
118953
118995
119070
119140
119158
119169
119219
119300
119397
119452
119501
119534
119614
119669
119737
119785
119865
119946
119968
119971
120010
120011
120093
120135
120161
120203
120282
120340
120371
120447
120503
120522
120540
120571
120660
120748
120843
120934
120955
121047
121146
121169
121194
121273
121351
121445
121472
121531
121558
121559
121621
121687
121689
121785
121845
121873
121911
121950
121989
122058
122073
122168
122209
122243
122270
122300
122374
122396
122470
122566
122632
122705
122724
122815
122819
122916
122953
122984
122992
123008
123092
123114
123149
123236
123254
123349
123416
123472
123507
123513
123539
123589
123643
123662
123698
123779
123828
123891
123946
124021
124080
124153
124153
124183
124199
124203
124282
124336
124423
124511
124533
124605
124667
124724
124735
124816
124821
124851
124888
124928
125017
125032
125074
125117
125151
125182
125258
125294
125388
125471
125534
125539
125595
125611
125698
125770
125842
125908
125986
126046
126052
126053
126137
126206
126216
126311
126361
126376
126453
126492
126547
126613
126620
126670
126679
126772
126853
126890
126971
126998
127018
127115
127147
127223
127236
127255
127304
127389
127426
127505
127602
127646
127726
127807
127872
127963
127991
128058
128064
128070
128128
128142
128214
128231
128295
128329
128340
128437
128508
128552
128576
128620
128661
128717
128737
128743
128770
128791
128835
128851
128852
128893
128905
128938
129013
129090
129114
129117
129213
129296
129305
129360
129409
129443
129515
129528
129596
129631
129641
129732
129812
129846
129933
130006
130048
130108
130140
130161
130242
130318
130407
130441
130510
130512
130532
130576
130607
130703
130751
130779
130858
130867
130950
130978
131021
131028
131121
131184
131227
131282
131289
131312
131353
131447
131495
131530
131584
131664
131720
131808
131864
131910
131984
132062
132062
132156
132178
132209
132300
132370
132381
132403
132435
132529
132532
132607
132609
132657
132748
132845
132849
132947
133019
133064
133108
133128
133209
133308
133309
133398
133437
133446
133533
133546
133633
133720
133780
133842
133913
133916
134000
134082
134107
134123
134152
134232
134324
134407
134436
134471
134551
134584
134669
134721
134751
134780
134804
134815
134843
134868
134921
134940
135027
135067
135100
135126
135206
135251
135339
135390
135438
135511
135596
135669
135710
135724
135778
135863
135912
135995
136015
136044
136112
136117
136150
136248
136283
136341
136403
136418
136453
136468
136503
136525
136580
136600
136601
136636
136701
136742
136780
136845
136911
136935
136973
136981
137019
137063
137156
137244
137323
137337
137406
137453
137524
137527
137625
137683
137696
137756
137830
137878
137953
138014
138037
138119
138152
138176
138246
138296
138313
138321
138336
138420
138452
138457
138501
138524
138526
138563
138626
138707
138710
138794
138875
138950
138989
139020
139053
139105
139196
139255
139256
139274
139346
139422
139474
139479
139531
139553
139608
139677
139708
139730
139735
139750
139778
139827
139917
139947
139986
139991
140054
140096
140186
140282
140351
140380
140407
140462
140496
140566
140580
140667
140707
140794
140857
140950
141042
141109
141176
141176
141264
141314
141336
141430
141448
141450
141545
141553
141637
141671
141685
141685
141762
141818
141914
142012
142049
142125
142178
142249
142347
142415
142425
142516
142523
142548
142632
142683
142775
142826
142829
142910
142964
142990
143017
143089
143169
143191
143271
143336
143393
143439
143456
143542
143596
143609
143693
143785
143826
143916
143931
144023
144033
144111
144194
144211
144214
144281
144349
144397
144467
144539
144568
144644
144694
144750
48
130
160
189
288
375
402
418
443
525
607
669
695
718
770
863
930
992
1063
1113
1192
1267
1336
1435
1458
1550
1573
1577
1645
1670
1682
1699
1707
1749
1847
1906
1988
2013
2089
2096
2155
2213
2282
2319
2352
2373
2404
2405
2440
2442
2493
2559
2636
2657
2723
2775
2840
2881
2937
2970
3037
3057
3107
3134
3197
3197
3283
3328
3406
3420
3424
3461
3533
3607
3682
3740
3787
3845
3904
3987
4047
4109
4158
4248
4283
4350
4444
4444
4453
4456
4542
4570
4593
4629
4636
4722
4759
4804
4835
4902
4962
4998
5002
5086
5148
5179
5273
5334
5375
5380
5424
5426
5494
5540
5584
5639
5704
5742
5750
5776
5817
5911
5917
5982
6064
6129
6180
6251
6262
6297
6335
6358
6381
6476
6535
6620
6698
6752
6798
6818
6829
6872
6946
6977
7018
7036
7123
7181
7237
7284
7369
7467
7508
7551
7566
7589
7598
7664
7711
7731
7784
7869
7964
8040
8120
8126
8139
8198
8210
8222
8253
8277
8284
8289
8344
8344
8367
8461
8519
8550
8591
8686
8715
8797
8836
8932
8990
9038
9053
9058
9078
9146
9188
9203
9300
9323
9344
9406
9440
9474
9548
9565
9575
9608
9630
9695
9728
9773
9833
9877
9905
9906
9945
10003
10039
10069
10075
10121
10199
10220
10223
10321
10363
10408
10473
10512
10532
10571
10624
10630
10703
10783
10806
10889
10902
10947
10947
11046
11088
11100
11143
11214
11280
11314
11395
11397
11462
11549
11549
11644
11705
11708
11754
11757
11757
11768
11862
11883
11933
11980
12007
12082
12161
12212
12222
12315
12363
12374
12418
12509
12584
12623
12637
12678
12703
12750
12793
12883
12917
13012
13050
13097
13195
13279
13329
13380
13427
13523
13595
13693
13789
13888
13913
13988
13990
14026
14046
14097
14196
14260
14354
14428
14483
14543
14559
14640
14647
14658
14681
14774
14833
14894
14935
14944
15041
15084
15144
15189
15281
15313
15408
15496
15580
15600
15615
15653
15661
15749
15790
15849
15853
15888
15974
16034
16081
16135
16228
16282
16299
16315
16315
16391
16421
16462
16548
16627
16663
16761
16785
16813
16844
16863
16931
16998
17090
17126
17131
17131
17155
17202
17214
17242
17276
17374
17414
17496
17548
17581
17669
17690
17740
17828
17926
17958
18039
18075
18086
18156
18190
18278
18328
18345
18404
18475
18559
18610
18617
18659
18663
18746
18835
18903
18914
18989
19055
19107
19116
19186
19223
19273
19364
19403
19441
19530
19601
19673
19750
19785
19879
19891
19914
19958
19987
20021
20036
20102
20188
20262
20270
20312
20369
20418
20428
20449
20473
20501
20526
20612
20710
20772
20808
20897
20899
20925
20956
20981
21079
21139
21199
21243
21315
21350
21439
21493
21563
21619
21691
21699
21730
21810
21860
21900
21981
21993
22054
22111
22151
22237
22280
22370
22419
22450
22481
22484
22542
22604
22632
22640
22715
22756
22809
22856
22932
23026
23079
23177
23227
23252
23310
23391
23448
23508
23582
23620
23692
23727
23775
23839
23861
23952
24006
24029
24052
24138
24164
24197
24197
24203
24244
24319
24366
24460
24535
24611
24699
24727
24753
24844
24850
24935
24959
24974
25019
25117
25171
25241
25275
25277
25311
25319
25364
25453
25536
25556
25583
25592
25645
25672
25687
25782
25785
25800
25841
25919
26010
26092
26150
26219
26292
26308
26362
26459
26491
26543
26591
26629
26651
26733
26825
26833
26875
26912
26961
26986
26996
27072
27158
27221
27225
27278
27288
27347
27415
27467
27556
27567
27653
27752
27833
27844
27860
27895
27903
27903
27942
27950
27988
28049
28139
28169
28191
28275
28294
28365
28374
28403
28403
28498
28591
28595
28644
28699
28714
28783
28842
28898
28979
29024
29079
29141
29197
29220
29269
29286
29309
29398
29423
29484
29486
29554
29645
29669
29721
29732
29780
29842
29934
29982
29991
30076
30080
30090
30131
30202
30282
30282
30309
30322
30420
30502
30577
30631
30637
30713
30736
30765
30782
30831
30874
30894
30963
31049
31145
31166
31215
31311
31346
31388
31432
31529
31556
31556
31563
31583
31654
31693
31766
31864
31916
31987
32068
32095
32172
32211
32267
32268
32336
32409
32411
32474
32519
32590
32640
32682
32726
32825
32863
32943
32984
33019
33096
33117
33152
33188
33229
33288
33364
33378
33435
33463
33500
33590
33598
33613
33642
33706
33774
33824
33861
33931
33944
34027
34120
34183
34260
34297
34312
34379
34448
34504
34558
34656
34733
34775
34810
34881
34882
34945
34982
35040
35131
35206
35207
35306
35348
35378
35393
35455
35487
35492
35524
35622
35710
35787
35800
35817
35883
35911
35995
36031
36116
36155
36189
36203
36284
36305
36390
36424
36508
36583
36627
36703
36753
36798
36825
36869
36897
36940
36946
36958
37006
37096
37106
37194
37213
37237
37294
37379
37431
37472
37493
37582
37614
37622
37626
37691
37720
37761
37812
37826
37842
37938
37980
37998
38091
38112
38126
38147
38211
38231
38265
38329
38391
38487
38539
38620
38640
38649
38716
38789
38792
38832
38846
38933
38981
39051
39056
39086
39150
39206
39302
39334
39338
39376
39427
39525
39584
39601
39672
39748
39838
39843
39883
39935
39937
39982
40068
40142
40148
40153
40252
40313
40358
40372
40373
40419
40455
40461
40489
40489
40503
40527
40560
40579
40593
40629
40698
40723
40776
40816
40817
40860
40958
41052
41148
41200
41291
41325
41351
41400
41439
41465
41528
41564
41656
41720
41802
41830
41852
41862
41943
42031
42117
42131
42190
42190
42240
42268
42294
42297
42366
42393
42492
42511
42584
42631
42702
42718
42799
42896
42962
42982
43057
43086
43142
43161
43206
43297
43297
43316
43369
43450
43457
43497
43592
43659
43699
43796
43843
43909
43961
44029
44075
44126
44213
44284
44382
44440
44528
44607
44615
44669
44720
44755
44790
44798
44853
44933
44984
45039
45090
45094
45130
45188
45284
45367
45444
45481
45561
45638
45693
45725
45770
45823
45907
45940
45965
46047
46090
46103
46117
46120
46187
46252
46291
46345
46370
46416
46450
46526
46527
46612
46645
46734
46829
46858
46930
46955
46973
46977
46979
47005
47041
47140
47219
47291
47375
47379
47434
47462
47531
47552
47635
47671
47757
47779
47869
47881
47949
48025
48065
48086
48099
48124
48134
48195
48202
48236
48274
48351
48389
48429
48432
48459
48550
48585
48684
48760
48851
48857
48913
48974
49001
49040
49089
49103
49165
49257
49335
49417
49485
49555
49611
49645
49741
49759
49806
49809
49862
49947
50027
50070
50147
50183
50253
50321
50392
50462
50506
50568
50644
50644
50667
50671
50763
50836
50906
50912
50977
50977
51065
51150
51220
51316
51387
51405
51420
51438
51459
51479
51534
51588
51651
51683
51725
51811
51812
51825
51833
51930
51957
52041
52091
52094
52134
52176
52204
52266
52314
52359
52421
52509
52591
52676
52713
52767
52770
52822
52846
52923
52947
53027
53110
53149
53161
53186
53211
53276
53366
53399
53414
53431
53501
53566
53638
53648
53707
53707
53732
53791
53836
53875
53974
54002
54026
54062
54096
54124
54164
54222
54279
54343
54381
54421
54425
54428
54445
54474
54494
54501
54516
54551
54627
54712
54764
54813
54860
54871
54920
54992
55062
55109
55121
55191
55266
55354
55412
55473
55541
55640
55659
55684
55747
55757
55774
55841
55854
55888
55937
56022
56063
56127
56148
56166
56167
56240
56259
56307
56344
56412
56485
56544
56611
56648
56729
56823
56848
56888
56943
57037
57076
57151
57222
57276
57313
57402
57424
57426
57449
57472
57559
57576
57615
57675
57710
57750
57836
57890
57930
57953
58027
58092
58174
58216
58218
58234
58270
58350
58406
58450
58524
58571
58590
58687
58688
58744
58830
58905
58963
58973
59071
59168
59247
59284
59342
59356
59385
59429
59449
59471
59538
59584
59671
59672
59712
59754
59771
59800
59822
59847
59920
59968
60040
60084
60129
60203
60255
60339
60388
60450
60496
60496
60555
60580
60669
60738
60829
60848
60861
60924
61017
61049
61110
61142
61228
61230
61304
61359
61442
61490
61571
61579
61627
61680
61684
61730
61809
61865
61895
61976
62046
62122
62203
62284
62337
62407
62458
62554
62595
62611
62670
62704
62753
62773
62840
62927
63001
63094
63136
63145
63187
63210
63227
63317
63346
63367
63455
63515
63544
63562
63603
63702
63748
63770
63803
63854
63899
63983
64030
64116
64116
64122
64195
64196
64275
64315
64403
64456
64541
64624
64639
64666
64724
64756
64826
64865
64871
64929
64929
64964
64993
65034
65121
65196
65212
65232
65311
65372
65428
65454
65553
65561
65594
65666
65728
65740
65804
65806
65823
65873
65958
65990
66019
66063
66080
66131
66214
66289
66299
66334
66344
66435
66464
66513
66531
66576
66597
66694
